344 0.9828 3691.5981 2629.1699 3754.3226 2602.1541 3779.2125 2659.9429 3716.4880000000003 2686.9586
344 0.9814 756.2871 1446.2049 816.9711 1475.5887 790.6644 1529.9178000000002 729.9804 1500.5339
344 0.9783 860.9558999999999 1486.4232 923.0733 1518.0372 895.7004 1571.8211999999999 833.5830000000001 1540.2071999999998
344 0.9663 546.3098 1371.1961999999999 609.9927 1400.5031 582.9109 1459.351 519.228 1430.0439999999999
344 0.966 1298.0742 1841.2218 1365.9619 1872.2867 1338.9708 1931.2717 1271.0830999999998 1900.2069000000001
344 0.9552 1064.5416 1563.2224999999999 1129.0139 1590.0259 1105.5504 1646.4643 1041.0782 1619.6608999999999
344 0.9481 674.6779 1616.5949 741.0246 1650.9744 710.8989 1709.1122 644.5521 1674.7328
344 0.9209 988.6682000000001 1731.3029999999999 1050.7884 1755.9495 1027.7038 1814.1329 965.5835999999999 1789.4865
344 0.8888 3721.8154 2490.9733 3774.5439 2459.9276 3811.0587 2521.9447 3758.3301 2552.9904
344 0.8699 1402.3967 1881.5381 1457.9565 1915.0353 1427.2078000000001 1966.0366 1371.6479 1932.5394000000001
344 0.8675 879.9939 1697.3464 945.9236 1718.8029999999999 926.1818 1779.4637 860.2521 1758.0071
344 0.8501 564.6996 1160.488 623.8263 1187.9517 594.6731 1250.7159000000001 535.5464 1223.2523
344 0.7753 763.6125 1668.1725000000001 831.1302 1671.3359 828.3718 1730.2111 760.8541 1727.0478
344 0.7457 1096.3155 1768.366 1158.0862 1796.6451 1132.5685 1852.3842 1070.7977 1824.105
344 0.6656 565.1804 1592.5746 626.5949 1599.6367 618.9002 1666.5526 557.4857 1659.4904999999999
344 0.5067 1170.8499 1843.7541999999999 1219.888 1803.8552 1261.0599 1854.458 1212.0218 1894.3569
342 0.9851 758.4987 1445.288 817.7762 1476.5013 789.3704 1530.4472 730.0928 1499.2339
342 0.9812 3692.2362000000003 2628.5882 3755.2343 2602.6913 3779.0771 2660.6926 3716.0789999999997 2686.5895
342 0.9769 860.2470000000001 1487.1221 923.8007 1518.8636999999999 896.1605 1574.2054 832.6068 1542.4639
342 0.9681 1063.6913 1562.7729 1129.8483 1590.5433 1106.0372 1647.268 1039.8802 1619.4976000000001
342 0.9658 1302.8206 1838.9194 1368.7979 1876.2122 1336.6565 1933.0756999999999 1270.6792 1895.7828
342 0.9653 547.6911 1372.1415 610.2869 1400.7854 583.7193 1458.8439 521.1235 1430.2
342 0.9497 673.8331000000001 1615.6323 742.9569 1650.9691 712.7225 1710.1118000000001 643.5987 1674.775
342 0.9334 988.8056 1730.5324 1051.8464 1756.146 1028.1273 1814.524 965.0865 1788.9104
342 0.9103 873.1505 1700.4179 946.1518 1709.9352 937.6023 1775.5134 864.6009 1765.9961
342 0.9059 3722.5225 2490.1141 3775.288 2460.1125 3810.7078 2522.4075000000003 3757.9424 2552.4091
342 0.9054 565.4110000000001 1159.9296 624.7037 1188.1198 594.2402 1252.1938 534.9475 1224.0037
342 0.8921 1392.179 1886.877 1456.0298 1905.8668 1440.0167000000001 1959.7089 1376.1659 1940.7192
342 0.7315 570.8792 1588.5883 631.6401 1604.6987 614.1118 1670.8066 553.3509 1654.6961999999999
342 0.6987 1094.8389 1770.0203999999999 1157.1276 1796.5821 1133.5275 1851.9257 1071.2389 1825.3641
342 0.4926 763.5004 1668.0001 837.3575 1670.4149 835.3743 1731.0721 761.5172 1728.6573
342 0.4621 1213.1054 1803.9481 1261.717 1849.2108 1218.5546 1895.5667 1169.943 1850.304
94 0.0814 523.589 1162.6821 595.1164 1168.5429 588.2734 1252.0562 516.7461 1246.1953
94 0.0633 766.4954 1344.2255 853.8383 1347.8252 850.2244 1435.5131000000001 762.8814 1431.9134
94 0.0607 1875.1081 -1.4548 1948.4436 6.9822 1939.6055999999999 83.8036 1866.2701 75.3666
94 0.0601 1437.3600000000001 646.7544 1494.7666 593.3233 1552.8419 655.7197 1495.4353 709.1508
94 0.0535 507.7582 1411.6957 570.5707 1381.1203 604.6712 1451.1745 541.8587 1481.7499
231 0.2144 1468.3084 1448.3078 1517.3264 1419.5807 1543.3429999999998 1463.9737 1494.325 1492.7008
231 0.0914 1348.7368000000001 962.7224 1394.2666 990.3851 1368.7946 1032.3093 1323.2648 1004.6465000000001
231 0.0627 2269.8544 4046.6596 2303.2903 4033.6996 2319.0031 4074.2374 2285.5671 4087.1974
231 0.0588 1540.7624 1749.4155 1571.6322 1746.5026 1574.8612 1780.7222000000002 1543.9914 1783.6351
392 0.074 2165.7167 880.4929 2201.9764 867.4048 2216.2373 906.9139 2179.9775 920.0019
461 0.0598 2158.2576 3863.0396 2198.6993 3837.2065000000002 2229.1481 3884.874 2188.7064 3910.7071
345 0.9155 1436.6091999999999 1424.923 1501.2375 1454.2545 1474.7948999999999 1512.5176000000001 1410.1666 1483.1861
345 0.8641 1114.676 874.3942 1176.0735 893.856 1153.4133000000002 965.3436 1092.0158000000001 945.8818
345 0.8347 1206.767 1349.788 1284.6486 1355.6707999999999 1279.6252 1422.1747 1201.7437 1416.2919
345 0.8066 1332.3364000000001 1381.5354 1400.3220000000001 1419.6565 1367.5491 1478.104 1299.5635 1439.9829
345 0.5929 1596.0008 1321.3525 1647.5124 1280.4772 1697.3005 1343.2208 1645.7889 1384.0961
345 0.5436 1633.8538 1544.882 1678.1348 1511.9298 1707.2663 1551.0765999999999 1662.9854 1584.0286999999998
345 0.4838 1496.2912999999999 1282.1838 1574.3066 1260.5143 1590.1318 1317.4886999999999 1512.1165 1339.1582
345 0.0589 1488.5211 1434.672 1540.0369 1412.8313 1568.3617 1479.6411 1516.8459 1501.4818
345 0.052 1432.0628 1514.1724 1468.8432 1491.8585 1498.2236 1540.2865 1461.4432 1562.6005
300 0.3224 1038.5917 1679.1701 1063.1002 1686.2894000000001 1054.6497 1715.3808 1030.1412 1708.2615
337 0.1033 117.0552 2911.3527 160.6858 2918.8525 151.802 2970.5351 108.1714 2963.0353
128 0.0993 3047.5545 672.1232 3085.3419 657.9082 3101.7216 701.4502 3063.9342 715.6652
128 0.0529 3223.1648999999998 649.9615 3255.9294 626.557 3282.6273 663.9319 3249.8628 687.3365
239 0.0759 1178.1129 972.696 1203.9162000000001 980.8618 1193.6599 1013.2712 1167.8564999999999 1005.1055
576 0.2387 544.1421 577.8321 588.3325 587.9122 579.2532 627.715 535.0628 617.6349
30 0.0503 3125.9924 2970.8737 3156.5315 2945.173 3180.7146000000002 2973.9088 3150.1755000000003 2999.6094
304 0.1942 3504.7045 2761.1333 3576.191 2744.8227 3590.5388000000003 2807.7062 3519.0522 2824.0168
74 0.0663 1833.1259 3626.1735 1868.2883 3603.5841 1891.7133 3640.0472 1856.5509 3662.6366
290 0.1589 1443.9601 3264.2621 1472.8627999999999 3279.3434 1459.2965 3305.3427 1430.3938 3290.2614
290 0.09 1457.4391 3114.0748 1482.9326 3125.7612 1473.3025 3146.7689 1447.809 3135.0825
290 0.0778 1454.3462 3169.9966 1476.8472000000002 3177.8227 1470.1875 3196.9703 1447.6865 3189.1441
339 0.0634 1552.4036 1447.5227 1578.1794 1456.3761 1567.3634 1487.8659 1541.5876 1479.0124
477 0.0657 1435.0305 958.2305 1505.0095999999999 977.4895 1483.6764 1055.0054 1413.6974 1035.7465
477 0.0596 1017.5108 918.1476 1076.048 912.3462 1084.012 992.7038 1025.4749 998.5052
477 0.0534 983.5278 1025.83 1027.1387 1034.8091 1009.1666 1122.0974 965.5557 1113.1182
87 0.0747 2408.5742 642.5242 2455.6921 607.6306 2492.5873 657.4512 2445.4694 692.3449
686 0.1281 2795.6072 2604.1871 2912.6404 2567.6534 2949.3055 2685.1077999999998 2832.2723 2721.6414999999997
686 0.1271 2666.3898 2515.2604 2788.9015 2534.4458 2771.4423 2645.9346 2648.9305 2626.7493
662 0.0848 1981.593 688.9187 2143.2408 712.343 2125.148 837.1994 1963.5001 813.7751000000001
394 0.1058 2902.3589 529.971 2929.5734 513.0588 2966.1156 571.8611 2938.9011 588.7734
394 0.0669 3119.0163000000002 454.4516 3151.2901 428.0137 3205.0533 493.6447 3172.7794 520.0826
314 0.2873 500.7765 3024.0252 547.711 3009.6763 559.454 3048.0867 512.5195 3062.4357
314 0.0972 298.1845 2974.1467000000002 345.353 3002.0117 319.8642 3045.1578 272.6957 3017.2928
314 0.0626 692.3149 2832.4393 740.5375 2860.4841 713.5882 2906.8232 665.3655 2878.7784
34 0.1417 964.5969 3807.6039 998.1558 3793.2325 1013.6292 3829.3644 980.0703 3843.7359
34 0.0647 1152.3843 3890.7403 1174.7427 3872.7907999999998 1201.2503 3905.8093 1178.8919 3923.7588
582 0.101 1287.4565 2011.5356000000002 1343.0520000000001 1975.3921 1373.2637 2021.8633 1317.6682 2058.0068
327 0.0769 3449.5653 193.4815 3492.7963 171.0673 3513.1295 210.2845 3469.8985000000002 232.6987
18 0.1186 456.6621 523.5377 505.0775 515.0451 514.7453 570.16 466.3299 578.6525
609 0.0864 1963.7267000000002 210.1105 2021.7811000000002 209.0251 2022.7899 262.9803 1964.7355 264.0658
10 0.0529 2954.7822 2077.1319 2992.0151 2048.2174 3039.1767 2108.9471 3001.9438 2137.8615
17 0.1186 2504.6621 2571.5377 2553.0775 2563.0451 2562.7453 2618.16 2514.3299 2626.6525
