23 0.9923 973.4893999999999 852.9938 1012.9069 846.8047 1021.7216000000001 902.944 982.3041000000001 909.1332
23 0.3144 1403.0378 2725.073 1463.6732 2707.3586 1479.5218 2761.6074 1418.8863000000001 2779.3218
23 0.2674 2052.5555 3404.6412 2081.6273 3431.7835999999998 2056.3721 3458.8339 2027.3004 3431.6915
23 0.1296 1387.107 2303.4657 1453.7741 2280.996 1471.4856 2333.5458 1404.8184999999999 2356.0154
23 0.126 1475.2060000000001 2713.6479 1535.9560999999999 2691.5903 1553.5674 2740.0948 1492.8174 2762.1525
23 0.1227 1064.6772 1713.3383 1121.1384 1724.7456 1107.8974 1790.2822 1051.4363 1778.8749
23 0.0969 1091.0836 1549.601 1153.7872 1557.8192 1146.2369 1615.4274 1083.5332 1607.2093
23 0.0801 1137.3575 2058.9438 1170.7188 2050.4805 1178.3400000000001 2080.5226 1144.9787000000001 2088.9859
23 0.0581 1990.1281 3383.062 2028.4333 3382.923 2028.577 3422.5197 1990.2717 3422.6585999999998
23 0.0571 1127.7055 1706.6096 1183.6201 1700.5996 1190.5128 1764.7258000000002 1134.5982 1770.7358
23 0.0505 1291.3414 1656.8495 1344.5381 1672.4969 1326.8641 1732.5831 1273.6675 1716.9357
344 0.3588 878.1195 1492.5381 905.6761 1506.4124000000002 888.8079 1539.9152 861.2514 1526.0408
344 0.0839 578.6683 955.9936 590.5607 958.6875 587.2822 973.1603 575.3898 970.4664
344 0.0569 862.6472 482.7309 881.2352 474.2908 891.907 497.7939 873.319 506.2339
344 0.0515 1413.8429999999998 1145.9584 1420.3737999999998 1148.5367 1416.9307 1157.2581 1410.3999 1154.6799
297 0.1141 2009.4542999999999 2973.467 2046.7455 2956.2861000000003 2060.7261 2986.631 2023.4349 3003.812
297 0.0951 1362.6082000000001 1528.5018 1386.8193 1513.6745 1402.3734 1539.0720999999999 1378.1622 1553.8995
297 0.0555 2759.2068 1775.1453 2769.2856 1779.8475 2761.3522 1796.8523 2751.2733 1792.1501
341 0.0956 515.9989 1605.1524 535.7665 1605.3616 535.4998 1630.5613 515.7322 1630.3521
341 0.0553 410.9359 1867.5928 419.3763 1866.0263 421.3773 1876.8076 412.9369 1878.3741
341 0.0515 452.4349 1870.5468 460.8475 1869.8049 461.9859 1882.7131 453.5733 1883.455
342 0.3817 873.053 1494.8286 902.9062 1500.3759 896.1579 1536.692 866.3047 1531.1446999999998
342 0.2541 861.6791 482.3277 880.2579 473.0889 892.3979 497.5017 873.8192 506.7405
342 0.1836 3255.97 528.6419 3271.0052 523.7334 3274.4847 534.3915 3259.4494 539.2999
342 0.098 579.6487 955.2185 592.0231 959.1014 587.4766 973.5906 575.1022 969.7076
470 0.9959 398.5193 1114.5699 432.1085 1113.0322999999999 434.287 1160.6221 400.6979 1162.1597000000002
470 0.9951 336.7657 1110.8753000000002 371.1785 1108.4933 374.7606 1160.2448 340.3479 1162.6268
470 0.9874 2038.0428 1446.3004 2072.835 1448.1125 2070.3451999999997 1495.9148 2035.5531 1494.1027
470 0.9734 1972.246 1164.665 2009.0872 1160.7762 2013.4273 1201.893 1976.5861 1205.7818
470 0.8813 1983.2516 1455.9664 2000.8466 1454.0064 2005.0439999999999 1491.6862 1987.4488999999999 1493.6462000000001
470 0.6669 1957.9558 3696.6206 1993.3843000000002 3698.2042 1991.7903999999999 3733.8628 1956.3618999999999 3732.2792
470 0.1003 1872.7766000000001 1027.8397 1946.3256000000001 1029.8247 1944.6795 1090.8179 1871.1304 1088.8328999999999
470 0.0813 314.1393 1419.2105999999999 395.5167 1423.5483 392.3295 1483.3405 310.9522 1479.0028
470 0.0742 2055.2743 1028.3728 2124.7307 1032.2038 2121.666 1087.7671 2052.2097 1083.9362
470 0.0721 496.6922 2122.5028 538.6608 2091.2577 577.7682 2143.7871 535.7996 2175.0322
470 0.0622 1686.695 267.6721 1726.1906 258.4765 1732.4011 285.1508 1692.9054 294.3464
470 0.0617 520.8234 1415.8065000000001 581.6831 1423.3415 572.5587 1497.0384 511.699 1489.5034
339 0.7098 1315.9497999999999 1719.0044 1342.234 1727.5188 1334.6266 1751.0031 1308.3423 1742.4886999999999
339 0.1602 2480.2467 1393.2215999999999 2507.5861 1381.3067999999998 2521.8514 1414.0399 2494.5119999999997 1425.9547
339 0.1485 1347.1082999999999 1365.8627000000001 1372.8609000000001 1383.2649999999999 1356.22 1407.8908999999999 1330.4673 1390.4886000000001
339 0.1469 2592.5326 1782.704 2626.3109 1781.1985 2627.6563 1811.3854000000001 2593.878 1812.8908999999999
339 0.1354 1923.9263 1973.1487 1987.8479 1973.9180999999999 1987.1099 2035.2346 1923.1883 2034.4651
339 0.1292 2667.5283 1785.2006000000001 2694.9022 1781.6899 2698.7957 1812.0489 2671.4218 1815.5595
339 0.1073 2293.1784 3667.1194 2324.0627 3670.5814 2319.9862 3706.9479 2289.1019 3703.4859
339 0.0966 2195.2789 3232.9713 2219.6463 3227.3232 2225.6924 3253.4074 2201.3249 3259.0555
339 0.0947 1513.3967 1932.797 1531.2121 1932.8709 1531.0992 1960.0962 1513.2838000000002 1960.0223
339 0.0812 2558.0488 3868.9277 2570.0907 3865.8086 2574.1198 3881.3633 2562.0778 3884.4824
339 0.0764 808.8971 2441.3875 834.2079 2439.0645 835.908 2457.5879 810.5971 2459.9108
339 0.0694 2000.2364 2364.0518 2040.3733 2354.9022 2048.4277 2390.2349 2008.2908 2399.3845
339 0.0648 2561.2121 1507.0033 2602.5532 1504.4613 2605.9127 1559.0992 2564.5716 1561.6412
339 0.0647 3082.928 2979.5993 3114.0901 2970.1224 3122.7538 2998.6107 3091.5917 3008.0875
339 0.0604 2196.4009 3103.0643 2240.1620000000003 3144.7893 2200.7994 3186.0727 2157.0383 3144.3477
339 0.06 2458.6854 1390.9308 2478.1533 1378.364 2489.4138000000003 1395.8083 2469.9458 1408.375
339 0.0574 1594.3096 1914.7918 1611.3462 1902.2691 1625.1302 1921.0217 1608.0936 1933.5444
339 0.0564 3106.0789999999997 3194.2667 3125.1296 3191.6796 3128.5806000000002 3217.0912 3109.5299999999997 3219.6783
339 0.0547 2275.9083 3623.2543 2313.7016 3617.033 2319.7407 3653.7198 2281.9475 3659.9411
339 0.0545 1387.7457 1403.2827 1414.7181 1386.6345999999999 1433.2765 1416.7021 1406.304 1433.3501999999999
339 0.0517 1405.2773 1624.2761 1434.782 1649.4948 1406.0698 1683.0868 1376.5651 1657.8681000000001
339 0.0512 1242.41 1758.9532 1266.9562 1747.1733 1287.0 1788.9393 1262.4538 1800.7192
34 0.9902 994.1505 3869.5455 1042.6196 3853.3586999999998 1058.1583 3899.8874 1009.6893 3916.0742
34 0.9887 1087.2078000000001 3716.8893 1132.5364 3690.3615 1157.642 3733.2597 1112.3133 3759.7876
34 0.9784 1217.4331 3630.1546 1263.8727 3597.7776 1291.3739 3637.2236000000003 1244.9343 3669.6005999999998
34 0.9718 1291.6265 3666.8726 1329.2811 3699.5768 1298.8168 3734.6525 1261.1622 3701.9483
34 0.9506 722.5667 4035.6354 752.1547 4014.8627 768.2678000000001 4037.8138 738.6798 4058.5865
34 0.9475 1869.2932 3182.7305 1914.7966999999999 3153.1898 1941.5247 3194.3607 1896.0211 3223.9013999999997
34 0.9466 1917.9307 3245.0649 1965.8784 3216.7591 1988.9424 3255.8275 1940.9947 3284.1334
34 0.9456 2011.0219 3086.9916 2052.9467 3063.824 2075.2200000000003 3104.1306 2033.2952 3127.2982
34 0.9244 747.6624 4068.8161 780.7711 4053.1296 793.0948 4079.1408 759.9861 4094.8273
34 0.8317 1633.1575 3344.7421 1677.3196 3324.8103 1695.2688 3364.58 1651.1068 3384.5117
34 0.4152 1141.475 3788.5119999999997 1178.0801 3767.1017 1193.7569 3793.9043 1157.1518 3815.3145
34 0.3811 826.239 3911.1756 856.2565999999999 3883.8422 881.0047 3911.0206 850.9872 3938.3540000000003
34 0.3341 2073.7243 3159.6701 2099.6172 3138.4295 2109.8948 3150.9584 2084.002 3172.1989
34 0.2346 577.2711 4079.8487999999998 608.8979 4075.5149 611.3125 4093.1355 579.6857 4097.4694
34 0.2025 2050.1009 3077.9537 2061.3021 3077.693 2061.6099 3090.9132 2050.4086 3091.174
34 0.1774 945.4485 3924.2377 971.0807 3907.1866 985.6309 3929.0593 959.9988 3946.1104
34 0.1553 1412.4858 3602.4712 1452.7350000000001 3581.4137 1464.7653 3604.4082 1424.5161 3625.4656999999997
34 0.1494 1371.0181 3538.7294 1411.9308999999998 3516.8509 1422.7285000000002 3537.0422 1381.8157 3558.9208
34 0.1278 1543.8475 3513.2325 1574.0469 3485.0779 1600.3061 3513.2443 1570.1068 3541.3989
34 0.0877 869.7723 3971.3809 902.7263 3948.1572 925.1103 3979.9197 892.1562 4003.1434
34 0.0617 1636.9596999999999 3339.6582 1650.9726 3335.6859 1655.4740000000002 3351.5651 1641.4611 3355.5374
34 0.0588 2043.3958 3063.1348 2058.974 3073.3812 2052.6372 3083.0155 2037.059 3072.769
446 0.1025 3355.2095 21.5382 3381.3071 4.4623 3394.8605 25.1762 3368.7628 42.2522
446 0.1 2978.8753 613.9875 3008.6648 626.9607 2996.104 655.8031 2966.3146 642.8299
446 0.0906 2730.2933000000003 2042.9756 2738.686 2045.0544 2735.3765 2058.4152 2726.9838 2056.3364
446 0.0776 2940.7057 88.4654 2968.1377 73.5304 2979.3274 94.0833 2951.8954 109.0182
94 0.9628 883.5723 418.2177 916.1119 432.1038 903.5913 461.4437 871.0516 447.5576
94 0.9011 852.6062 503.8234 890.8883000000001 493.7084 899.3969999999999 525.9114 861.1149 536.0263
94 0.6911 1011.6700000000001 66.6579 1038.3641 50.9823 1056.2256 81.3988 1029.5315 97.0743
94 0.4802 1440.0979 644.7803 1504.3195 591.7958 1557.6758 656.468 1493.4542000000001 709.4525
94 0.3448 512.7516 1393.0111000000002 593.83 1390.8139999999999 596.0669 1473.3607 514.9885 1475.5579
94 0.3422 2227.6253 453.6969 2305.0637 423.258 2335.6045 500.9556 2258.1661 531.3945
94 0.326 1347.6477 38.4122 1392.3682 74.8675 1346.1921 131.5128 1301.4715999999999 95.0575
94 0.1547 523.5961 1162.6915 595.1332 1168.5477 588.2973 1252.0515 516.7602 1246.1952999999999
94 0.1521 892.5 928.0953999999999 962.1295 992.7658 907.29 1051.8103999999998 837.6605999999999 987.14
94 0.1164 1417.5276 75.86 1439.6423 65.4245 1451.6028000000001 90.7712 1429.4881 101.2066
94 0.0971 915.1 357.9209 944.1138 342.6015 966.9783 385.9053 937.9645 401.2246
94 0.0894 750.3586 1367.1675 828.6435 1331.4783 864.5155 1410.1639 786.2307 1445.8531
94 0.0676 582.6178 932.9041 660.4516 972.5913 624.2686 1043.5527 546.4348 1003.8655
94 0.0569 1688.036 914.5906 1757.6805 854.1697 1819.0189 924.8718 1749.3745 985.2927
392 0.8143 2199.6788 1040.9458 2237.5987999999998 1040.9285 2237.6181 1083.3348 2199.6981 1083.3521
392 0.7855 2176.6403 962.7748 2213.4555 951.0207 2227.2472 994.2180000000001 2190.432 1005.972
392 0.1786 2562.9668 2011.7269000000001 2619.9136 2007.8874 2625.604 2092.2864 2568.6572 2096.1259
392 0.1357 2503.3257 1719.3623 2575.8795 1712.7902 2583.3765 1795.5544 2510.8227 1802.1264999999999
392 0.1212 2561.4119 1733.2429 2577.9963 1733.0086999999999 2578.498 1768.5375 2561.9136 1768.7717
392 0.1032 2048.3208 960.9792 2075.4326 949.5701 2090.994 986.549 2063.8823 997.9581
392 0.0989 2169.955 874.0272 2209.1023999999998 871.0526 2212.3059 913.2134 2173.1585 916.188
392 0.0868 2623.8992 2473.3837 2694.8538 2476.2198 2691.4848 2560.5056 2620.5302 2557.6693999999998
392 0.0533 2527.1049 1925.6174 2595.9238 1908.6508 2615.265 1987.1010999999999 2546.4461 2004.0677
204 0.9961 1289.8600000000001 59.9952 1335.2409 60.8177 1334.1831 119.1848 1288.8022 118.3623
204 0.9951 1368.6807 59.9652 1410.9270000000001 58.7614 1412.5304999999998 115.0361 1370.2842 116.2398
204 0.993 1441.0118 607.0834 1472.0798 610.9965 1466.8929 652.179 1435.8249 648.266
204 0.125 1262.9512 500.7789 1291.0893 498.8203 1294.3752 546.0274 1266.2371 547.986
282 0.9918 2032.7139 2491.304 2051.8347 2509.3137 2032.4062 2529.9406 2013.2856 2511.931
282 0.957 431.651 1809.6263 453.8061 1825.1500999999998 439.4877 1845.585 417.3326 1830.0612
282 0.918 2160.295 2357.5257 2173.8766 2345.3532 2188.9861 2362.2118 2175.4045 2374.3842
282 0.0795 2035.5433 2521.334 2046.9794000000002 2511.319 2057.7838 2523.6564 2046.3477 2533.6714
282 0.0746 1540.8185 2392.1558 1552.7495 2394.1536 1550.4263 2408.0275 1538.4953 2406.0296
282 0.0692 1059.3344 1320.1276 1081.5598 1332.1451 1072.1480000000001 1349.5516 1049.9225999999999 1337.5340999999999
674 0.0627 2661.747 12.6631 2725.5536 17.0924 2719.728 101.0143 2655.9213 96.585
674 0.0568 1304.5998 4.0942 1374.5113000000001 3.5712 1374.9757 65.663 1305.0643 66.186
674 0.0528 2658.8301 1167.4067 2717.9975 1125.0546 2761.9388 1186.4423000000002 2702.7714 1228.7944
340 0.6588 1319.351 622.1968 1343.3694 634.5302 1332.4108999999999 655.871 1308.3926000000001 643.5377
340 0.2827 2807.8612000000003 1871.6913 2824.4655000000002 1863.4083 2834.1176 1882.7571 2817.5133 1891.0401
340 0.1815 1404.4927 291.4985 1431.9541 313.9754 1412.8033 337.373 1385.3419 314.8961
340 0.17 2480.691 294.5819 2506.4796 284.8989 2520.1951 321.4268 2494.4065 331.1099
340 0.1306 1330.6464 284.3616 1355.0681 268.222 1372.8513 295.131 1348.4296 311.2706
340 0.1253 2149.5647 1949.0837999999999 2203.1232 1941.0498 2212.6822 2004.7752 2159.1238 2012.8092
340 0.1222 2586.4571 692.2087 2620.4161 679.9300000000001 2631.0816 709.4273000000001 2597.1226 721.706
340 0.1186 2288.8641 2575.5474 2320.6454 2572.1493 2324.3869 2607.1431 2292.6057 2610.5411
340 0.096 1371.1643 579.187 1391.7395999999999 598.8484 1368.2840999999999 623.3942 1347.7087000000001 603.7327
340 0.0935 811.8676 1344.8701999999998 836.2718 1345.5731 835.7701 1362.9909 811.3659 1362.288
340 0.089 3117.177 2059.5028 3133.4349 2054.8476 3140.7069 2080.2445 3124.449 2084.8997
340 0.0875 2417.049 2987.1778 2448.7722 2979.1666999999998 2455.868 3007.2651 2424.1448 3015.2762000000002
340 0.0868 1634.2711 1025.3535 1663.9343 1040.8785 1647.0872 1073.0677 1617.424 1057.5427
340 0.0804 2274.0483 2527.5828 2315.955 2521.823 2320.6396 2555.9073 2278.733 2561.6671
340 0.0784 1431.1568 502.166 1449.9196 504.5793 1446.8386 528.5342 1428.0756999999999 526.1209
340 0.0755 1682.4715 468.1482 1705.4507 462.3314 1711.7003 487.0204 1688.7212 492.8372
340 0.0747 2666.8381 693.0041 2692.2048999999997 686.1375 2700.5511 716.9703 2675.1843 723.8369
340 0.074 2560.582 2770.9404 2572.9238 2772.3759 2571.1757 2787.4053 2558.8339 2785.9698
340 0.0681 2128.1061 1832.5736 2166.7606 1832.8414 2166.501 1870.3133 2127.8466 1870.0454
340 0.0623 1533.0768 695.0012 1557.9937 682.2761 1577.5523 720.5734 1552.6355 733.2985
340 0.0619 1916.8109 876.8221 1979.6680000000001 866.2835 1991.0077999999999 933.9191000000001 1928.1506 944.4576999999999
340 0.0589 1960.1198 1060.4881 2002.3528999999999 1055.7026 2006.6366 1093.5065 1964.4034000000001 1098.2921000000001
340 0.0574 1538.7981 1956.5089 1552.041 1960.2801 1547.7178 1975.4616999999998 1534.4749 1971.6905000000002
340 0.0558 2412.5891 413.9877 2440.7552 387.085 2470.1774 417.889 2442.0112 444.7917
340 0.0508 2301.9638 2629.3256 2332.6251 2624.1015 2337.3823 2652.0224 2306.7209000000003 2657.2465
340 0.0504 1598.0352 811.2126 1618.9628 809.5207 1620.8389 832.7268 1599.9114 834.4188
231 0.4192 1342.7708 965.3746 1388.8755 985.1321 1372.4727 1023.4084 1326.368 1003.6508
231 0.0678 1540.7624 1749.4155 1571.6322 1746.5026 1574.8612 1780.7222000000002 1543.9914 1783.6351
586 0.1193 909.5989 271.2697 928.3926 269.9999 930.0385 294.3604 911.2447 295.6301
586 0.091 2473.8460999999998 3205.8214 2544.5276 3224.2503 2524.8341 3299.7819 2454.1526 3281.353
688 0.124 2559.8879 2661.3114 2569.8347 2661.1225 2570.3091 2686.1050999999998 2560.3623 2686.294
688 0.0539 1137.4281 504.3522 1192.1997000000001 542.8363 1162.1001 585.6749 1107.3285 547.1907
448 0.9869 2931.8709 741.0091 2966.5133 745.5042 2961.1117 787.1331 2926.4694 782.6381
448 0.9616 2995.0469000000003 746.5537 3026.6353 746.5226 3026.6724 784.3143 2995.0841 784.3455
448 0.9581 1420.3178 596.2365 1451.1716999999999 601.8022 1444.6617 637.8906 1413.8079 632.3249
448 0.9426 1355.5846999999999 704.4014999999999 1386.1233 701.9554 1389.4337 743.2848 1358.8951 745.7309
448 0.6378 3058.4736 743.6755 3086.6289 746.8923 3081.9709000000003 787.6603 3053.8157 784.4435
448 0.0867 1532.873 1036.7717 1597.2157 1023.8305 1604.3994 1059.5474 1540.0567 1072.4886
448 0.0761 1525.771 844.6033 1602.5649 835.3805 1609.0627 889.4847 1532.2688 898.7075
448 0.0638 1713.8555000000001 2443.0547 1729.8171 2440.0605 1733.2619 2458.4244 1717.3002999999999 2461.4186
448 0.0506 1425.5342 1033.8049 1504.7377000000001 1014.453 1516.2368000000001 1061.5164 1437.0333 1080.8683
639 0.0935 1881.1054 1278.3173 1895.8318 1270.282 1905.2299 1287.5059 1890.5035 1295.5412000000001
639 0.0695 1541.717 605.1856 1585.691 599.0184 1596.0571 672.9313999999999 1552.0832 679.0987
120 0.7173 329.5277 2364.6729 366.1588 2364.7127 366.1162 2403.8994000000002 329.4852 2403.8596
120 0.7017 259.4008 2698.8898 297.6453 2693.1937 303.2038 2730.5145 264.9594 2736.2106
120 0.1556 981.6664000000001 1537.5358 1012.0874 1542.3346 1006.2383 1579.4135 975.8172 1574.6147
120 0.124 312.0374 2489.3361999999997 356.417 2522.2869 320.8821 2570.147 276.5026 2537.1963
120 0.0737 811.8981 958.1108 839.0042 932.8893 855.4846 950.6011 828.3785 975.8226
120 0.0618 184.3571 3074.2579 240.6257 3080.3654 237.4566 3109.5623 181.188 3103.4548
525 0.9124 3424.9857 1804.8767 3439.9297 1801.5441 3444.6259 1822.6022 3429.6818 1825.9348
525 0.2843 3393.9669 1805.8948 3408.694 1800.1824000000001 3417.2884 1822.3393999999998 3402.5613 1828.0518
525 0.2483 3361.0369 1806.4189999999999 3376.6283 1803.225 3381.0637 1824.8758 3365.4723 1828.0698
525 0.2255 2586.786 2332.7496 2631.3991 2332.7585 2631.392 2368.4277 2586.7788 2368.4188
525 0.1456 3327.44 2630.0545 3363.2572 2631.5432 3361.2111 2680.7703 3325.3939 2679.2816
525 0.1136 3439.1187 1655.914 3473.3823 1652.915 3476.2232 1685.3719999999998 3441.9595 1688.371
525 0.0584 3357.7007 1643.0668 3385.7891 1667.9117999999999 3360.9634 1695.9784 3332.8749 1671.1334000000002
525 0.0555 2561.538 1776.0679 2584.3763 1774.5529999999999 2586.7059 1809.6749 2563.8677 1811.1898
125 0.6716 49.4989 1835.6028000000001 126.6146 1782.0394000000001 174.2658 1850.6431 97.1501 1904.2066
125 0.1924 450.641 1311.2425 533.3732 1302.4685 542.4007 1387.5901 459.6684 1396.3641
125 0.1524 2078.2786 2876.585 2129.1258 2897.2294 2097.1344 2976.0241 2046.2873 2955.3797
125 0.1509 1500.1866 483.7979 1521.7457 481.3777 1525.5238 515.0316 1503.9647 517.4518
125 0.1478 510.4448 533.3127 551.0869 515.7437 582.1848 587.6819 541.5426 605.2509
125 0.1274 517.7547 1250.2756 590.3793000000001 1207.2708 633.2317 1279.6379 560.6071 1322.6426999999999
125 0.1186 603.1782000000001 633.7105 671.0145 681.4689 628.4905 741.8703 560.6542 694.1119
100 0.9723 1793.0875 1387.528 1844.3893 1366.8795 1863.8215 1415.1592 1812.5198 1435.8078
100 0.9665 1991.8994 1088.8931 2020.6203 1075.1703 2032.6848 1100.4206 2003.9639 1114.1434
100 0.9624 1969.0262 1051.3588 1999.8162 1035.7134999999998 2012.7805 1061.2273 1981.9904999999999 1076.8726000000001
100 0.92 3288.9013 213.6645 3347.2737 185.9706 3369.9049 233.6719 3311.5325 261.3658
100 0.7487 2054.8664 1001.6891 2090.1754 975.8792000000001 2110.4974 1003.6804 2075.1884 1029.4904000000001
100 0.6681 567.9741 2095.4946 601.8336 2070.8146 627.5563 2106.1046 593.6967 2130.7844999999998
100 0.6132 2107.014 1070.2759999999998 2140.9116 1050.8519999999999 2153.9808000000003 1073.6594 2120.0831 1093.0834
100 0.249 260.6814 2225.8765 294.2064 2200.8599 316.2029 2230.3376 282.6779 2255.3541999999998
100 0.2017 3502.5675 0.8434 3549.2054 4.7168 3547.0781 30.3301 3500.4403 26.4567
100 0.2004 714.4073 1992.9917 754.5483 1988.2127 759.0722000000001 2026.211 718.9312 2030.99
100 0.1507 308.1369 2282.853 341.3471 2263.3296 360.1319 2295.2832 326.9217 2314.8066
100 0.1216 2072.9895 1015.6133 2085.0992 1015.5024 2085.1935 1025.7939 2073.0837 1025.9048
100 0.1118 168.145 2386.6508 196.0226 2359.3683 220.1094 2383.9804 192.2317 2411.263
100 0.0841 128.2227 2317.2179 159.5906 2296.2687 178.0353 2323.8866 146.6673 2344.8358
100 0.0814 398.6092 2115.0414 439.4943 2111.4149 442.8234 2148.9472 401.9383 2152.5737
100 0.0793 3545.0117 56.9898 3588.4732 34.5057 3603.4905 63.534 3560.029 86.0181
167 0.986 1069.0376999999999 3876.4505 1111.6608 3841.9391 1141.4517 3878.7322 1098.8286 3913.2436
167 0.9799 1561.441 3436.3945 1613.275 3403.6721 1641.3755999999998 3448.185 1589.5417 3480.9073
167 0.9773 1865.2085 3313.8136 1917.3154 3307.3668 1923.3515 3356.1548000000003 1871.2447 3362.6016
167 0.9761 1945.8748 3162.3177 2001.4571 3143.4304 2019.5862 3196.7816000000003 1964.0039 3215.6688
167 0.9747 1617.3134 3495.3958000000002 1661.7322 3459.7833 1694.6046999999999 3500.7846 1650.1859 3536.3972
167 0.9695 1989.6354999999999 3242.7075 2036.3742 3205.9903 2066.4853000000003 3244.3198 2019.7466 3281.0370000000003
167 0.9651 1811.4714 3271.582 1857.3337999999999 3230.561 1891.5771 3268.8457 1845.7148 3309.8668
627 0.9942 2904.8682 1396.6588000000002 2943.2412 1391.9379 2948.7073 1436.3674 2910.3343 1441.0884
627 0.9904 3014.0001 1664.1896000000002 3045.2537 1662.7455 3047.0950000000003 1702.5932 3015.8414000000002 1704.0374000000002
627 0.9878 2949.6864 1667.4904999999999 2983.5119 1665.5416 2985.8596 1706.2908 2952.0341 1708.2395999999999
627 0.9869 2844.3041 1244.8416 2880.6956 1242.3134 2883.9996 1289.8705 2847.6081 1292.3988
627 0.9869 1354.3996 1758.3185 1387.5524 1766.5741 1378.0639 1804.6779999999999 1344.9111 1796.4225000000001
627 0.9866 2973.7166 1250.7269000000001 3007.4491 1252.8400000000001 3004.9376 1292.9315000000001 2971.2051 1290.8183
627 0.973 2908.7047000000002 1247.4963 2943.9571 1244.8219 2947.3737 1289.8568 2912.1213 1292.5312
627 0.8076 1312.6288 1754.5031 1341.1395 1772.3191000000002 1320.868 1804.7595000000001 1292.3573000000001 1786.9434999999999
627 0.4305 1637.0508 2946.1021 1650.1801 2947.9691000000003 1647.902 2963.9880000000003 1634.7728 2962.121
627 0.2563 2981.2237999999998 1398.2174 2996.1213 1398.3872999999999 2995.7019 1435.1599 2980.8044 1434.99
461 0.1866 2156.9647 3869.5475 2192.3072 3837.5431 2230.9903 3880.2609 2195.6477999999997 3912.2653
461 0.1658 1891.4865 3778.7173000000003 1927.8209 3750.6959 1956.3545 3787.6945 1920.0201 3815.7159
461 0.0675 1690.3420999999998 2054.3627 1727.2672 2047.6374 1732.7475 2077.7269 1695.8224 2084.4522
274 0.9705 1264.809 1204.4358 1284.2526 1187.9254 1305.5993 1213.0646000000002 1286.1558 1229.575
274 0.4474 1622.0987 1713.0918000000001 1653.5022 1701.3242 1665.033 1732.0956999999999 1633.6295 1743.8633
274 0.3228 1660.587 1695.8492 1686.5783999999999 1672.6304 1708.9484 1697.6715 1682.9569999999999 1720.8904
274 0.2659 1377.1261 1389.7272 1418.4805999999999 1363.1109000000001 1438.9686000000002 1394.9438 1397.6141 1421.5601000000001
274 0.2473 1815.3055 1928.0158000000001 1849.3917000000001 1918.3719 1857.1774 1945.8904 1823.0912 1955.5343
274 0.0863 1539.7591 1648.2698 1566.5109 1639.7996 1576.2259 1670.483 1549.4741 1678.9531
274 0.0784 1927.1461 2158.6187 1957.7774 2143.077 1970.5873000000001 2168.3243 1939.9560000000001 2183.866
274 0.0774 1746.1879 1966.6396 1777.6384 1959.9274 1784.5669 1992.3914 1753.1163000000001 1999.1036
274 0.0637 1815.1246 888.3647000000001 1850.0327 899.6902 1840.8563 927.9742 1805.9482 916.6487
274 0.0636 1826.3721 876.3897 1857.9068 857.3618 1873.2861 882.8498 1841.7514 901.8777
434 0.1948 1090.1604 131.7016 1118.5113000000001 144.3443 1105.2241 174.1405 1076.8732 161.4978
434 0.0664 1850.4679999999998 3311.7594 1922.5219 3317.0739 1916.865 3393.7679 1844.8112 3388.4533
434 0.0547 1983.4389999999999 2881.8952 2042.6742 2886.4174 2037.2978 2956.8415 1978.0626 2952.3193
434 0.0505 1722.6832 2575.7795 1782.2818 2576.1583 1781.7542 2659.1543 1722.1556 2658.7755
314 0.9198 2463.3528 3088.799 2476.3486000000003 3081.8115 2484.6138 3097.1836 2471.618 3104.1711
314 0.734 2303.3523999999998 3373.2687 2321.7198 3379.3755 2317.2137000000002 3392.9285 2298.8463 3386.8218
314 0.5903 566.1037 2980.3516 595.0719 3003.2739 563.5813 3043.0705 534.6131 3020.1483
314 0.4577 2358.3826 3267.7098 2378.5813 3275.7715 2371.8484 3292.6408 2351.6497 3284.5791
314 0.2213 2410.29 3185.9442 2433.6161 3189.1784 2431.3683 3205.3911 2408.0422 3202.1569
314 0.2129 494.1165 3096.0137 535.1075 3129.3704 503.4725 3168.2458 462.4814 3134.8892
314 0.1708 3188.4407 2045.3767 3223.5412 2055.4126 3216.7113 2079.3 3181.6108 2069.264
314 0.1542 665.2968 2860.2956 704.0287 2832.321 737.0196 2877.9982 698.2877 2905.9728
314 0.1319 1903.6378 3720.2509 1948.7359999999999 3698.5278 1969.0896 3740.7828 1923.9913000000001 3762.5059
314 0.1227 2357.0007 3768.5825 2376.4406 3782.1585999999998 2364.9507 3798.6112000000003 2345.5108 3785.0351
314 0.1215 2412.4406 3669.1818 2430.559 3687.2751 2417.9085 3699.943 2399.7902 3681.8496
314 0.0916 2856.4296 2360.9292 2898.2078 2375.0993 2885.7047000000002 2411.9625 2843.9265 2397.7924000000003
314 0.0648 2905.3731 2501.6614 2947.1391 2522.1738 2928.1853 2560.7662 2886.4193 2540.2538
314 0.061 2386.9818999999998 2564.2879 2425.1227 2569.1687 2420.6282 2604.2901 2382.4874 2599.4092
314 0.055 300.2696 2972.9822 344.9745 3004.3766 314.1244 3048.3064 269.4195 3016.9119
314 0.0511 2071.7138 2950.6702999999998 2111.7561 2980.4051 2083.9826 3017.8063 2043.9403 2988.0715
327 0.2433 3286.8496 1754.3362 3306.6814 1751.9617 3308.5506 1767.5735 3288.7188 1769.948
300 0.9981 2348.2582 2346.3753 2372.1 2365.3078 2350.2453 2392.8295 2326.4035 2373.897
300 0.9977 2354.8459000000003 2504.637 2373.3412 2513.8155 2363.0295 2534.5942999999997 2344.5341 2525.4157999999998
300 0.9959 1581.8595 1835.9651 1607.0882000000001 1841.6747 1600.5852 1870.4088000000002 1575.3564999999999 1864.6992
300 0.9956 1369.1045 1698.7265 1390.6058 1706.2684 1382.4417 1729.5438 1360.9404 1722.0019
300 0.9936 2118.982 2223.418 2136.9085999999998 2231.5537 2126.0818 2255.4101 2108.1552 2247.2744000000002
300 0.9932 2071.5795 2196.2312 2090.2182000000003 2206.0954 2078.4583000000002 2228.3163 2059.8195 2218.4521
300 0.9917 2033.6172000000001 2375.3612 2051.0111 2383.2491 2040.699 2405.9887 2023.3051 2398.1009
300 0.9908 2452.1812 2413.8129 2474.0709 2428.4636 2457.8394 2452.7153 2435.9496 2438.0646
300 0.985 2054.7758 2389.7695 2074.7934999999998 2396.2786 2066.7745 2420.9399 2046.7568 2414.4308
300 0.9849 2608.9658 2511.5618 2632.7811 2526.0308999999997 2617.3945 2551.3563 2593.5792 2536.8872
300 0.9838 1468.8629 1760.2546 1485.9241 1768.5387 1475.7984000000001 1789.3926999999999 1458.7372 1781.1086
300 0.9815 1966.346 2240.0227999999997 1983.9196 2246.8517 1975.3391 2268.9327 1957.7656 2262.1038
300 0.9807 2189.3412 2266.5376 2207.0072 2276.4139 2194.7219999999998 2298.3888 2177.056 2288.5125
300 0.9806 1519.0044 2182.6049 1536.8848 2180.0951 1540.4796999999999 2205.7063 1522.5993 2208.2161
300 0.9798 2064.0205 2297.6254 2082.1620000000003 2303.6766 2074.8511 2325.5950000000003 2056.7096 2319.5439
300 0.9787 2212.9742 2278.2268 2231.4668 2285.3326 2221.7331 2310.6643 2203.2405 2303.5585
300 0.9775 2292.2690000000002 2320.6553 2314.6021 2333.4263 2300.1979 2358.6154 2277.8648 2345.8444
300 0.9769 2378.5397000000003 2518.002 2393.015 2526.9869 2380.9629 2546.4036 2366.4876 2537.4187
300 0.9764 2143.0497 2238.0199000000002 2161.2569 2248.3553 2148.5635 2270.7162 2130.3564 2260.3807
300 0.9742 2091.4554 2312.5975 2110.148 2324.4557 2097.1903 2344.8815 2078.4977 2333.0233
300 0.9738 1661.071 2162.121 1683.093 2161.4847 1683.8074 2186.2089 1661.7853 2186.8451999999997
300 0.9723 1494.9247 1870.5427 1510.6169 1876.1053 1503.3599 1896.5772 1487.6677 1891.0145
300 0.9704 1992.6581 2254.3721 2008.1371 2260.9924 1999.228 2281.8228 1983.749 2275.2024
300 0.9694 1490.7735 1774.3259 1510.0699 1780.4416 1502.6866 1803.7379 1483.3901 1797.6223
300 0.9687 2009.341 2358.6529 2026.874 2366.7435 2016.1662999999999 2389.9479 1998.6333 2381.8573
300 0.9643 2328.078 2490.7215 2345.2361 2497.1724 2336.9262 2519.2748 2319.7682 2512.8239
300 0.96 1630.9935 2169.9717 1649.7577999999999 2166.0078 1654.3497 2187.7446 1635.5854 2191.7086
300 0.9559 1323.8964 1771.891 1340.2417 1776.408 1334.3651 1797.673 1318.0198 1793.1559
300 0.954 1559.6401 1816.1583 1581.9513 1823.3889 1572.7813 1851.6841 1550.4701 1844.4535
300 0.9533 1985.3236 2346.6666999999998 2000.9822 2354.127 1991.066 2374.9404 1975.4074 2367.4802
300 0.9506 2280.7044 2459.4442 2298.7491 2466.1516 2290.8371 2487.4371 2272.7923 2480.7296
300 0.9445 1570.1359 1916.3236 1585.0608 1923.7272 1575.1299 1943.7468 1560.2051000000001 1936.3432
300 0.9421 2736.0255 2585.6854 2758.8089 2598.1093 2743.295 2626.5595 2720.5115 2614.1356
300 0.9417 2441.9749 2559.3492 2457.7546 2564.5981 2450.409 2586.6806 2434.6293 2581.4316
300 0.9385 1960.5022 2328.7266 1977.7894000000001 2335.9678 1968.2151 2358.825 1950.9279000000001 2351.5839
300 0.9384 1913.4583 2300.656 1928.1138 2306.5353 1918.8386 2329.6561 1904.183 2323.7769
300 0.9367 2304.9376 2477.1265 2323.3316 2481.0193 2318.3372 2504.6182 2299.9432 2500.7253
300 0.9325 2084.5005 2406.1288 2099.5569 2416.7253 2086.2633 2435.6139 2071.2069 2425.0174
300 0.9294 2018.0362 2269.4243 2031.841 2275.9374 2023.0148 2294.6450999999997 2009.21 2288.132
300 0.9261 1546.9963 2180.9724 1561.2885999999999 2177.2874 1566.3020999999999 2196.7318 1552.0097 2200.4169
300 0.9252 1542.1085 1902.2948999999999 1558.9313 1907.549 1552.5226 1928.0688 1535.6997999999999 1922.8148
300 0.8984 1469.8406 1859.3034 1488.0843 1867.8956 1477.937 1889.4413 1459.6933 1880.8491
300 0.8742 1300.8292999999999 1755.3632 1317.3627000000001 1762.8854000000001 1307.5681 1784.4134 1291.0348 1776.8913
300 0.8454 2416.3183 2545.7001 2432.3233 2549.0528 2427.813 2570.5842000000002 2411.808 2567.2316
300 0.4151 1606.0921 2172.0454 1623.1624 2172.7204 1622.279 2195.0634 1605.2087 2194.3884
300 0.2536 1114.8497 1725.5089 1131.9956 1737.1133 1122.017 1751.857 1104.8710999999998 1740.2525
300 0.1229 2634.3986999999997 2639.5543 2647.3908 2648.4116 2633.967 2668.1017 2620.9749 2659.2444
300 0.1087 2031.4492 2286.2252 2042.15 2286.9556000000002 2041.1381999999999 2301.7793 2030.4374 2301.0488
300 0.1054 2041.6431 2290.1028 2052.2132 2293.0672 2048.3181 2306.9557 2037.748 2303.9913
300 0.0876 2111.791 2203.1566000000003 2122.4027 2200.0791 2125.6583 2211.3052 2115.0466 2214.3827
300 0.0619 2161.4048 2254.6203 2171.3435 2257.6317 2166.8579 2272.4359 2156.9192 2269.4246
300 0.0619 1939.4033 2326.23 1947.3202999999999 2329.4609 1942.6839 2340.8218 1934.7669 2337.5909
300 0.0606 2038.8832 2314.0884 2053.1804 2310.062 2058.1232 2327.6132 2043.826 2331.6396
300 0.0575 2032.9481 2941.2138999999997 2045.0349 2940.1028 2046.5417 2956.4963 2034.455 2957.6074
300 0.0563 2045.4237 2275.425 2051.0587 2273.7391 2054.0114000000003 2283.6083 2048.3763 2285.2942000000003
300 0.0539 2038.2881 2199.2821 2047.1848 2195.9686 2051.5802 2207.77 2042.6834 2211.0836
300 0.0531 1894.3501999999999 2308.0701 1902.3659 2305.5452999999998 1906.1775 2317.6466 1898.1618 2320.1713
253 0.7256 1441.84 2104.1334 1455.5344 2093.3461 1467.9368 2109.0907 1454.2424 2119.8781
253 0.4443 1638.9562 2038.6977 1654.6111 2035.6638 1658.9927 2058.2727999999997 1643.3379 2061.3066
253 0.2951 1688.2675 2032.3615 1709.8337000000001 2030.7919 1711.1234 2048.5113 1689.5572 2050.0809
253 0.1821 1534.061 2066.7408 1551.191 2062.0451000000003 1557.3982999999998 2084.6888 1540.2682 2089.3846
253 0.1779 1483.9153000000001 2089.8893 1500.4566 2098.5161 1493.0428 2112.7315 1476.5016 2104.1048
253 0.0565 2017.9109 2058.7691999999997 2036.7133 2071.4683999999997 2019.8186 2096.4824 2001.0163 2083.7831
394 0.24 669.5977 75.9712 702.5479 63.3067 719.2544 106.7736 686.3042 119.438
394 0.2256 1028.37 939.1219 1082.5449 937.6567 1084.8067 1021.2848 1030.6318 1022.75
394 0.2202 668.106 -1.3481 699.0263 5.7459 693.8092 28.4856 662.8889 21.3916
394 0.1631 979.2837999999999 748.4681 1049.4772 741.021 1058.1954 823.1949 988.002 830.6421
394 0.1402 1105.3821 1539.7349 1177.9075 1535.7052 1180.5045 1582.4459 1107.9791 1586.4756
394 0.1361 1158.5095999999999 1905.8365 1230.5864000000001 1896.9919 1241.2912999999999 1984.2275 1169.2145 1993.0722
394 0.1083 943.2043 452.0504 1010.8742 453.6482 1008.8612 538.8996 941.1913 537.3018
394 0.0695 3698.839 820.6171 3710.2997 818.2061 3714.4453 837.9122 3702.9846 840.3232
522 0.1015 3250.436 2325.8744 3291.6767 2322.2811 3295.0356 2360.8303 3253.7948 2364.4236
522 0.0789 3288.0303 2234.7679 3329.4699 2229.8371 3335.1077999999998 2277.2189 3293.6682 2282.1498
522 0.0659 3263.4114 2477.2153 3301.0591 2479.0573 3299.087 2519.3638 3261.4393 2517.5218
522 0.0569 3242.4031 1753.6451 3272.9146 1756.5833 3270.4404 1782.2761 3239.9289 1779.3379
640 0.9878 1252.2132 1276.1327 1284.7523 1276.8528000000001 1283.9203 1314.4395 1251.3813 1313.7193
640 0.9842 2773.9865 1421.2966000000001 2804.127 1432.1332 2792.1835 1465.3524 2762.043 1454.5157
640 0.9813 1192.7467 1382.1414 1222.8785 1382.4461999999999 1222.5079 1419.088 1192.3761 1418.7832
640 0.9767 2832.3414000000002 1424.6925 2861.4908 1426.804 2858.9282 1462.1807 2829.7789000000002 1460.0692
640 0.7492 2894.636 1428.1429 2918.834 1432.4292 2912.5908 1467.675 2888.3929 1463.3888
640 0.1525 1178.5798 2559.7723 1205.3957 2563.1488 1202.6839 2584.686 1175.868 2581.3094
640 0.1136 1352.2393 1543.4698 1436.8868 1537.4835 1439.4836 1574.2023 1354.836 1580.1886
640 0.0864 1264.9237 3077.8077 1341.4479000000001 3079.3388 1340.1422 3144.5945 1263.6181 3143.0634
640 0.0729 1547.0724 3123.9042 1560.9345 3116.3625 1569.4605999999999 3132.034 1555.5985 3139.5757
640 0.0709 1244.2537 2358.2739 1330.6865 2361.3532999999998 1328.4087 2425.2865 1241.9759 2422.2072
457 0.9953 556.1651 1112.3986 589.2277 1120.037 579.6065 1161.6818 546.544 1154.0434
457 0.9951 2128.3334 1155.9915 2162.6282 1160.728 2156.9006 1202.1991 2122.6058000000003 1197.4625
457 0.9949 2068.8392 1154.4821 2101.3385 1162.781 2090.3886 1205.6622 2057.8892 1197.3633
457 0.9889 611.8563 1121.2795 645.3163999999999 1119.3952 647.7029 1161.775 614.2428 1163.6592
457 0.8788 2259.3167 1307.3886 2271.0449 1306.4831 2273.9251 1343.7894999999999 2262.1969 1344.695
457 0.6787 2261.3656 1164.8175 2274.4408 1163.6935 2277.348 1197.5108 2264.2728 1198.6349
457 0.3481 2201.5244000000002 1168.3034 2215.5159 1168.6336999999999 2214.7062 1202.9322 2200.7147 1202.6019000000001
457 0.2818 2220.9751 1047.3536 2232.368 1046.9141 2233.3058 1071.2191 2221.9129 1071.6587
457 0.175 721.5637 1059.8482 810.512 1068.8862 803.4922 1137.972 714.5439 1128.9341
457 0.123 919.0883 2858.2371000000003 933.1699 2859.2407 931.9699 2876.0788000000002 917.8883 2875.0753
457 0.0886 2084.898 1030.789 2163.0805 1031.9399 2162.2306 1089.6728 2084.0481 1088.5219
457 0.0563 614.7768 1450.8209000000002 669.9643 1404.3941 714.1833 1456.9571999999998 658.9958 1503.384
457 0.0523 2022.3244 276.1235 2043.5224 294.5861 2027.0792999999999 313.4653 2005.8813 295.0027
178 0.684 2672.6728 2439.9608 2729.6279 2439.3679 2730.2415 2498.3107 2673.2864 2498.9036
178 0.5475 3540.5562 3996.3755 3577.3889 4011.2748 3564.9530999999997 4042.0173 3528.1204 4027.118
178 0.4717 3509.0518 3962.0915999999997 3536.7847 3987.5983 3513.1684999999998 4013.2757 3485.4356 3987.7690000000002
178 0.2805 2777.4907 2775.8323 2823.2808999999997 2730.4508 2863.3055 2770.8359 2817.5153 2816.2174
178 0.194 2749.4451 2412.5926 2805.9228000000003 2410.2889999999998 2808.877 2482.7158 2752.3992 2485.0193
178 0.0896 3991.448 1549.1458 4013.4573 1540.1183 4019.8285 1555.6515 3997.8192 1564.679
178 0.0877 3378.9934 1171.4343 3439.0504 1184.7798 3425.5515 1245.5271 3365.4945 1232.1815
178 0.0513 2593.3327 2771.6306 2644.2749 2753.5984 2665.9539 2814.8433 2615.0118 2832.8755
178 0.0506 2834.1255 2385.1843 2892.6064 2415.2501 2864.3192 2470.2713 2805.8383 2440.2055
128 0.9457 2565.9694 1124.7512 2599.824 1104.2821 2625.3674 1146.5293 2591.5128 1166.9984
128 0.157 2690.4375 1009.8 2708.6387 1010.9673 2707.8895 1022.649 2689.6883 1021.4818
128 0.1159 3177.2205 592.6865 3207.3133 563.5887 3237.4788 594.7857 3207.386 623.8835
128 0.1061 2697.1038 1039.5277 2713.7817999999997 1023.5921 2732.0290999999997 1042.6895 2715.3511 1058.6251
276 0.209 1801.1005 501.7979 1830.8048 497.5381 1835.6254 531.1533 1805.9211 535.4131
276 0.1148 1984.598 1254.2024999999999 2001.3669 1241.7643 2016.8596 1262.6513 2000.0908 1275.0895
276 0.0988 1795.5828000000001 466.6562 1822.1294 451.3371 1838.97 480.5204 1812.4234999999999 495.8395
276 0.0764 3995.3735 884.0776 4027.8585000000003 886.2047 4025.6232 920.3432 3993.1382 918.2161
276 0.0535 2131.2142 1450.0804 2162.4863 1464.5002 2149.6215 1492.3999 2118.3494 1477.9801
276 0.0523 2292.7557 1217.226 2330.5094 1225.9722000000002 2317.4153 1282.4941 2279.6616 1273.7478999999998
240 0.1548 2808.0407999999998 889.3815 2820.6987 883.9033 2827.0717 898.6286 2814.4137 904.1068
240 0.0933 2474.4846 1235.1542 2496.4127 1249.8822 2480.5358 1273.5208 2458.6077 1258.7927
410 0.3917 3695.2675 3564.2454 3754.6045 3574.4549 3743.4869 3639.0696 3684.1499 3628.86
410 0.3059 2387.5787 3618.648 2439.3586999999998 3631.5647 2419.6486 3710.5782 2367.8686 3697.6615
410 0.1288 1975.3213 3149.9889 2047.0792000000001 3161.9667 2030.1412 3263.4401 1958.3833 3251.4622
410 0.128 2531.7068 3835.5054 2589.8552 3858.5793 2555.8708 3944.2236000000003 2497.7223 3921.1497
410 0.0991 2570.028 3569.3109 2628.7798 3578.6741 2618.0464 3646.024 2559.2945 3636.6609
410 0.0934 2581.0191 3462.2978000000003 2652.3371 3477.5513 2634.969 3558.7562 2563.651 3543.5027
410 0.0839 2564.4361 3656.7812 2614.2478 3665.822 2600.1702 3743.3859 2550.3585 3734.3451999999997
418 0.9883 2255.7675 1365.8118 2268.5724 1366.7953 2266.9533 1387.8766 2254.1484 1386.8931
418 0.9835 1479.2458000000001 1269.1446999999998 1494.5349 1267.8698 1496.3029000000001 1289.0715 1481.0139 1290.3464
418 0.9712 2284.9689 1369.8818 2299.5544 1369.6808 2299.8389 1390.3256999999999 2285.2534 1390.5266
418 0.9707 2224.2476 1363.6733 2238.4245 1364.2411 2237.3843 1390.2158 2223.2073 1389.6480000000001
418 0.9623 1413.6809 1268.4891 1433.0854 1263.9196 1439.8721 1292.7397 1420.4676 1297.3091
418 0.9611 1447.6922 1267.4161 1462.828 1265.0114 1466.4383 1287.7354 1451.3025 1290.1401
418 0.9572 2191.611 1438.013 2206.2034 1439.5933 2203.488 1464.6673 2188.8956 1463.087
418 0.9337 2225.1302 1290.4485 2239.668 1292.1718 2237.2294 1312.7449 2222.6916 1311.0216
418 0.9332 2255.8505999999998 1293.4218 2269.1393 1293.5696 2268.9193 1313.3519000000001 2255.6306 1313.2041
418 0.8937 2190.6879 1292.3703 2204.3566 1292.4133000000002 2204.2919 1312.9466 2190.6233 1312.9036
418 0.8792 2286.7717000000002 1291.3804 2300.1615 1291.344 2300.2214 1313.4000999999998 2286.8316 1313.4365
418 0.5865 2288.0337 1440.9297000000001 2297.9610000000002 1440.8841 2298.0521 1460.6796 2288.1248 1460.7253
418 0.3642 2264.7087 2547.8344 2277.0568 2547.182 2278.1825 2568.4883 2265.8344 2569.1407
418 0.2851 2236.2481 2548.7713 2248.9714 2548.4372 2249.5214 2569.3796 2236.7981 2569.7137000000002
418 0.073 1508.3904 1952.8116 1537.377 1961.0679 1528.2272 1993.1915 1499.2406 1984.9351000000001
418 0.0665 1502.9832999999999 1332.046 1532.8473 1335.0792000000001 1529.4269 1368.7552 1499.563 1365.7221
418 0.0534 1435.9134 1273.6273 1447.0981 1268.4168 1455.8109 1287.1194 1444.6262 1292.3299
345 0.135 865.9558999999999 163.0547 883.8498999999999 165.9509 878.2189000000001 200.7419 860.3249000000001 197.8457
345 0.0744 2291.6375 1187.1790999999998 2305.2358 1191.8326 2299.6691 1208.0991 2286.0709 1203.4456
345 0.0689 732.7194 945.1979 755.1948 959.0731 736.2932000000001 989.6906 713.8177000000001 975.8155
507 0.9587 3136.1231 944.3027 3156.9674 942.3401 3159.3841 968.0062 3138.5397 969.9689
507 0.7921 3104.7526 945.7796 3123.2742 943.9172 3125.3791 964.851 3106.8575 966.7134
507 0.6532 3072.9933 945.7969 3090.5179 944.0437 3092.7359 966.2142 3075.2113 967.9674
507 0.2804 2293.8316999999997 1470.5493999999999 2345.0924999999997 1465.7721999999999 2348.3176 1500.3779 2297.0568 1505.1552000000001
507 0.1594 3125.5942999999997 1091.6216 3144.6245 1087.2751 3149.6557000000003 1109.3033 3130.6255 1113.6498
507 0.0853 3070.5793 2440.9777 3099.8622 2468.1035 3067.841 2502.6710000000003 3038.5581 2475.5452
507 0.0838 3067.9426 2333.9439 3094.0528 2331.4396 3097.6198 2368.6288 3071.5096 2371.1331
507 0.0836 3058.9162 2376.2045 3096.9471 2393.2452 3078.6722 2434.0305 3040.6413000000002 2416.9898
507 0.0657 3069.543 2288.648 3093.4263 2285.7232 3098.1188 2324.0407999999998 3074.2355 2326.9657
507 0.0562 3038.1489 1776.1851000000001 3068.1044 1774.98 3069.9652 1821.237 3040.0097 1822.4421
678 0.157 1296.6761999999999 1585.279 1383.8158 1590.9045 1379.7014 1654.6367 1292.5618 1649.0112
678 0.1208 1264.1243 2289.8141 1321.2432 2331.7105 1277.3543 2391.5458 1220.2354 2349.6494000000002
678 0.1197 2988.384 1993.2878 3055.1115 1974.0568 3072.3525 2033.8796 3005.6249 2053.1105
678 0.119 2758.7654 2273.7438 2817.8501 2279.467 2809.9557 2360.9669 2750.871 2355.2437
678 0.1168 2808.9838 3430.8287 2861.5732 3470.6305 2819.6077999999998 3526.0789 2767.0182999999997 3486.2771000000002
678 0.0698 1234.6154 2124.1748 1306.8271 2131.4044 1299.3827999999999 2205.7605 1227.1711 2198.5309
678 0.0575 1319.7592 2305.3275 1390.2251 2306.5175 1389.067 2375.0963 1318.6010999999999 2373.9064
678 0.0504 1248.0747999999999 1977.7889 1284.5466000000001 1972.7027 1288.2247 1999.077 1251.7529 2004.1632
509 0.9661 2956.5627 540.9871 2974.886 540.9473 2974.9387 565.2202 2956.6154 565.2599
509 0.9641 2924.1 621.5388 2941.3451999999997 621.5017 2941.3943 644.4123 2924.1492 644.4493
509 0.9625 2956.6543 622.4347 2973.6286 624.6882 2970.819 645.8521 2953.8446 643.5986
509 0.9587 2924.1711999999998 541.8622 2940.6817 542.0295 2940.4574000000002 564.169 2923.9469 564.0017
509 0.9395 2889.0116 697.0423000000001 2904.5777 696.4214 2905.4181 717.4902999999999 2889.852 718.1112
509 0.8846 2925.1035 697.9491 2943.548 697.989 2943.5025 719.0469 2925.058 719.0070000000001
509 0.6934 2888.8087 618.0637 2904.4029 616.8744 2906.0605 638.6087 2890.4663 639.798
509 0.3384 2137.2781 1084.1008000000002 2149.0023 1082.3605 2151.4526 1098.8683 2139.7284 1100.6086
509 0.3254 2892.8186 539.9514 2900.624 539.1489 2902.3115 555.5626 2894.5062 556.3651
509 0.2598 2959.4465 703.58 2973.7057 707.6912 2968.7472 724.8892 2954.4879 720.778
509 0.1121 2929.7851 1892.8361 2942.4235 1883.8944000000001 2952.7698 1898.5179 2940.1314 1907.4596999999999
509 0.0846 2149.0304 997.9652 2185.6985 999.3968 2184.7825000000003 1022.8608 2148.1143 1021.4293
509 0.0801 2868.2804 1806.3179 2912.0649 1808.839 2909.8445 1847.403 2866.0599 1844.8818
17 0.411 2807.3874 3409.1642 2868.8071 3391.5217000000002 2883.19 3441.5935 2821.7703 3459.236
17 0.1832 2477.4818 2266.3106 2517.2589 2228.2200000000003 2561.7376 2274.6682 2521.9605 2312.7587
17 0.123 2500.3460999999998 2576.7217 2551.1227 2561.2837 2567.4507 2614.9877 2516.6741 2630.4257
17 0.1063 2412.1993 2259.7365 2465.6832 2245.2073 2482.6855 2307.7951000000003 2429.2017 2322.3243
17 0.097 2609.2534 2361.4143 2667.7533 2372.5574 2654.4399 2442.4516 2595.9399 2431.3085
235 0.2599 3165.2943 3799.3543 3180.0067 3806.0748 3171.4774 3824.7468 3156.765 3818.0262000000002
235 0.2191 3157.1742 2419.2831 3184.1769 2404.2546 3200.4602999999997 2433.5122 3173.4575999999997 2448.5407
235 0.1004 2615.1139 2550.8995999999997 2622.2319 2546.674 2628.3017 2556.8985000000002 2621.1836 2561.1241
235 0.059 1584.7413999999999 3360.8134 1601.6825 3373.8607 1584.8943 3395.6592 1567.9532 3382.6119
235 0.0558 3270.5013 2780.8289 3317.7144 2755.3275 3339.988 2796.5645 3292.775 2822.066
684 0.7339 3042.2168 582.624 3087.8528 558.4819 3103.8686 588.7565 3058.2325 612.8986
676 0.0639 3035.9873 1713.7295 3062.1718 1693.1086 3079.6116 1715.2536 3053.4271 1735.8745
676 0.0637 2190.9238 1070.2404999999999 2224.3415 1058.6005 2234.5591 1087.9347 2201.1414 1099.5747000000001
676 0.053 3159.6805 1773.2571 3193.9087 1781.0738000000001 3186.7111 1812.5912 3152.4829 1804.7745
31 0.066 2598.4737999999998 552.2192 2630.0506 537.418 2641.2852000000003 561.3859 2609.7083000000002 576.1871
31 0.0558 502.6884 2742.0129 533.9883 2770.1322 506.2437 2801.015 474.9438 2772.8956
31 0.0537 2514.9236 1190.1884 2534.4574000000002 1182.2865000000002 2550.1169 1220.9978 2530.5831 1228.8997
31 0.0528 352.7726 2914.3807 384.0343 2883.4626 417.7242 2917.5269 386.4625 2948.445
31 0.0525 2666.4636 1027.628 2738.9758 1042.7688 2727.4805 1097.8218 2654.9683 1082.681
681 0.7818 2810.4011 1964.3407 2841.4671 1947.8064 2857.8412 1978.5714 2826.7751 1995.1057
681 0.3846 1546.989 3360.5677 1559.642 3358.3737 1562.3686 3374.0978999999998 1549.7155 3376.2919
681 0.0837 1327.8573999999999 2590.3873 1412.0229 2592.727 1410.2276000000002 2657.3104 1326.0621 2654.9708
681 0.0565 1177.7969 1755.5994 1214.9395 1757.1769 1213.6855 1786.7009 1176.5430000000001 1785.1234
118 0.9992 791.7888 1392.6746 834.3246 1386.6982 841.6517 1438.8474 799.1159 1444.8238000000001
118 0.9944 848.378 1387.0364 890.8346 1381.4425 898.2405 1437.653 855.7839 1443.2468
118 0.9924 852.4034 1130.1228 882.98 1131.7253 880.8865 1171.673 850.3099 1170.0705
118 0.9577 700.6703 585.0741 748.5343 575.406 760.8456 636.3556 712.9815 646.0237
118 0.2695 721.5276 445.9717 751.6731 438.7832 761.2816 479.0768 731.136 486.2654
419 0.9735 2100.6677 3522.4928 2115.6936 3523.0057 2114.926 3545.4948 2099.9001 3544.9818999999998
419 0.9683 1391.7087000000001 3353.2611 1407.9327 3353.5607 1407.5582 3373.8485 1391.3342 3373.549
419 0.966 2166.2293 3450.8889 2178.4184 3450.5266 2178.8811 3466.0905000000002 2166.6919 3466.4529
419 0.9646 2194.7655 3454.6061 2208.3718 3455.0645 2207.7959 3472.1576 2194.1896 3471.6992
419 0.9615 1361.0745 3350.2098 1375.7325 3351.1121000000003 1374.4641000000001 3371.7201 1359.806 3370.8179
419 0.9582 2101.2131 3377.3779 2114.2101 3376.869 2114.9208 3395.0203 2101.9238 3395.5292
419 0.956 1327.7604999999999 3352.5857 1346.2667000000001 3352.7826999999997 1346.0241999999998 3375.5525 1327.518 3375.3554
419 0.9399 2195.6473 3524.8105 2208.2557 3523.8528 2209.7041 3542.921 2197.0957 3543.8787
419 0.9365 2133.5771 3448.9589 2148.9413 3448.0917 2150.2727 3471.6797 2134.9085999999998 3472.5469
419 0.9337 2165.4162 3377.7682999999997 2179.0763 3377.561 2179.3087 3392.8755 2165.6486 3393.0828
419 0.9287 2133.1836 3374.2733 2149.5712 3374.4631 2149.3429 3394.177 2132.9554 3393.9872
419 0.9187 2198.3563 3376.0854 2211.6173 3376.9114 2210.4487 3395.6714 2197.1877 3394.8453
419 0.1671 2219.2092000000002 3585.5191999999997 2228.8204 3585.8605 2228.1778 3603.957 2218.5665 3603.6157
419 0.0791 2179.8832 3379.0196 2189.6655 3375.8394 2193.9467 3389.0086 2184.1644 3392.1888
419 0.074 2182.989 3453.958 2191.7492 3452.8918 2193.3956 3466.4193 2184.6354 3467.4856
419 0.0695 2147.5146 3455.4791 2155.3886 3451.6672 2161.7892 3464.8887 2153.9152 3468.7006
419 0.0609 2114.027 3378.0765 2124.0244000000002 3374.3417 2129.4351 3388.8252 2119.4377 3392.56
419 0.0511 2117.5032 3300.9207 2149.4784 3303.5313 2146.6845 3337.7521 2114.7093 3335.1415
662 0.7597 1123.3148999999999 2387.4856 1162.2547 2360.1908 1182.8287 2389.5425 1143.8889 2416.8373
662 0.1575 2977.3673 438.3085 3041.7906000000003 482.6865 3004.6422000000002 536.6147 2940.2189 492.2368
662 0.131 2023.8314 18.5025 2048.6868 25.2784 2036.8442 68.7194 2011.9888 61.9435
655 0.0506 691.0925 1750.2386 720.9429 1762.3141 711.1638 1786.4879 681.3134 1774.4124
337 0.1942 117.8529 2979.8532 131.6414 2987.177 121.4893 3006.2903 107.7008 2998.9664000000002
337 0.1051 2329.1199 2116.2243 2347.8038 2115.018 2349.1752 2136.258 2330.4913 2137.4643
337 0.0946 512.6276 3354.9619000000002 546.733 3321.9968 570.766 3346.8613 536.6607 3379.8262999999997
337 0.0717 1580.0765000000001 3686.2509 1600.1269 3693.8325999999997 1590.3422 3719.7084999999997 1570.2918 3712.1267
337 0.0662 2647.3993 2001.2947 2666.2214 1999.0836 2668.1771 2015.7309 2649.355 2017.9421
337 0.062 491.4529 4046.2748 512.5323 4060.7923 491.2772 4091.6547 470.1978 4077.1371
337 0.0574 21.4724 3088.9221 61.5809 3101.4484 47.6531 3146.0441 7.5446 3133.5177
364 0.084 1511.0322 2589.0432 1623.3385 2552.978 1665.0932 2683.0014 1552.787 2719.0666
364 0.0584 1272.9445 1901.4724999999999 1424.3202 1878.7018 1446.289 2024.7465 1294.9134 2047.5172
298 0.2195 1009.6650999999999 2686.8408 1024.2449000000001 2678.0413 1031.3004 2689.7314 1016.7206 2698.531
298 0.1448 1595.4279999999999 2279.0056 1601.5412999999999 2279.0005 1601.5487 2287.9409 1595.4353999999998 2287.946
298 0.0572 2249.2131 2804.6011 2267.8209 2806.3881 2266.278 2822.4543 2247.6702 2820.6673
440 0.31 2755.1154 2269.5616 2766.322 2271.2607 2763.7473 2288.2433 2752.5407 2286.5443
440 0.0557 1932.1784 2206.2374 1955.4476 2197.7559 1962.2907 2216.5302 1939.0214999999998 2225.0117
30 0.986 3979.8848 2263.5335 4028.263 2235.3422 4054.9697 2281.1727 4006.5915 2309.364
30 0.9855 2391.2438 3328.596 2420.8564 3309.9294 2437.7889 3336.791 2408.1763 3355.4577
30 0.9844 2300.84 3393.27 2329.4262 3372.1801 2346.4283 3395.2255999999998 2317.8421 3416.3155
30 0.9834 3936.9012000000002 2199.2488 3980.5418 2167.1245 4013.1997 2211.4901 3969.5591 2243.6144
30 0.9828 3855.2457 2344.9752 3907.0757 2325.0611 3925.4325 2372.8378000000002 3873.6025 2392.7519
30 0.9822 2884.0468 2925.9398 2932.6001 2890.0915 2963.073 2931.3643 2914.5197 2967.2126
30 0.9764 2751.8135 3011.1945 2799.2987 2981.6888 2828.3212 3028.3961 2780.8359 3057.9019
30 0.9746 2216.9117 3438.825 2251.0624 3435.4553 2254.6706 3472.0229 2220.5198 3475.3925
30 0.9733 2237.6836 3487.1834 2267.9502 3469.4031 2283.8493 3496.4674 2253.5827 3514.2477
30 0.9722 3810.508 2281.2037 3859.3485 2257.2619 3882.3787 2304.243 3833.5382 2328.1848
30 0.9713 2276.9213 3353.5017 2308.8293 3336.5303 2323.8177 3364.71 2291.9097 3381.6814
30 0.9469 2420.0699 3361.1883 2448.4565000000002 3346.3771 2462.6274 3373.5367 2434.2409 3388.3478
30 0.9455 2210.9665 3393.3312 2234.9439 3414.5756 2211.971 3440.504 2187.9935 3419.2595
30 0.5818 2108.9189 3701.8167 2149.0338 3672.7309999999998 2176.8708 3711.1238 2136.7559 3740.2093999999997
30 0.326 3232.0652 2891.8459000000003 3275.4202 2866.3512 3298.2865 2905.2363 3254.9315 2930.7309999999998
30 0.2217 3486.6549999999997 2604.2017 3525.3255 2597.5798 3532.14 2637.3756 3493.4695 2643.9974
30 0.1333 3438.1287 2550.616 3474.52 2528.0605 3496.0042 2562.7233 3459.6128 2585.2788
30 0.1126 3126.7015 2972.9974 3156.5524 2946.14 3182.425 2974.8963 3152.5742 3001.7537
30 0.068 2344.6151 3432.6441 2364.0843999999997 3421.9028 2368.7997 3430.4498 2349.3304 3441.1911
30 0.0613 3034.135 2833.1642 3068.1978 2811.0187 3089.1001 2843.1693999999998 3055.0374 2865.3149
30 0.0569 3212.8995 2800.6675 3247.1032999999998 2781.9092 3266.0733 2816.499 3231.8694 2835.2573
480 0.0802 2352.3588 2534.8293 2360.1526 2535.1177 2359.6725 2548.0923000000003 2351.8787 2547.8039
480 0.0523 2337.5773 1055.5066 2347.7339 1057.621 2344.9889 1070.8072 2334.8322 1068.6928
582 0.5763 1213.4533999999999 3557.5064 1232.0527 3558.1848 1231.3075 3578.6183 1212.7082 3577.94
582 0.0572 1511.2017 3073.6357 1556.9768 3073.8403 1556.7094 3133.6975 1510.9342000000001 3133.4929
90 0.1163 3437.3002 2058.0992 3476.6339 2027.3411 3492.6252 2047.7909 3453.2916 2078.549
90 0.0955 3737.7474 1927.4962 3782.5977000000003 1905.0562 3799.7232 1939.2847 3754.8729 1961.7246
90 0.0692 3872.3409 1832.1159 3919.9494999999997 1812.1369 3933.9671 1845.5399 3886.3585000000003 1865.5189
90 0.0666 3564.2501 1955.4598999999998 3607.3282 1936.0443 3622.7109 1970.1741 3579.6327 1989.5898
90 0.0632 3365.5859 2183.1007 3400.8726 2201.6887 3378.8097 2243.5721 3343.523 2224.9841
90 0.0569 3903.6721 2044.9416 3939.0389999999998 2060.7486 3926.8663 2087.984 3891.4995 2072.1769
90 0.0525 3303.571 2136.0661 3347.0176 2125.5178 3356.4767 2164.478 3313.0301 2175.0263
454 0.1847 989.7397 1342.7504 1016.6959 1333.4604 1027.4869 1364.7721999999999 1000.5306 1374.0622
454 0.065 1325.4702 2727.1003 1354.9931000000001 2723.284 1358.0038 2746.5742 1328.4809 2750.3905
666 0.994 3173.3428 1485.8526 3209.4005 1489.3732 3204.7925999999998 1536.5656 3168.735 1533.045
666 0.9938 3293.8809 1632.8749 3328.7404 1633.415 3328.0716 1676.5762 3293.2121 1676.036
666 0.9926 3172.2718999999997 1632.4029 3205.8215 1632.3745 3205.858 1675.4946 3172.3083 1675.523
666 0.9925 3291.52 1488.2527 3326.0947 1485.136 3330.3096 1531.8941 3295.7349 1535.0108
666 0.9923 3196.6973 3949.5803 3235.1445 3950.9357 3233.5465 3996.265 3195.0992 3994.9094999999998
666 0.9923 3251.7625 3947.8736 3283.083 3942.8065 3290.8384 3990.7437 3259.5179 3995.8109
666 0.9847 1594.0614 1454.4073 1630.1131 1455.4074 1628.8304 1501.6469 1592.7787 1500.6468
666 0.9761 3106.5999 1634.0514 3138.8687 1629.5104000000001 3144.5402 1669.8125 3112.2714 1674.3535
666 0.9407 3115.6048 1491.3911 3140.1881 1490.3801 3141.9822 1534.0055 3117.3989 1535.0165
666 0.8325 3239.3173 1635.6667 3259.0893 1635.9179 3258.6371 1671.5163 3238.8651 1671.2651
666 0.0698 2760.7332 3125.1339 2792.8595 3127.2096 2788.6034 3193.084 2756.477 3191.0083
666 0.0672 3110.8678 3154.168 3175.2839 3161.9464 3164.876 3248.1395 3100.4599 3240.3611
511 0.0733 3769.1962 187.6427 3783.9298 192.06 3776.9913 215.2033 3762.2577 210.786
511 0.0659 2825.9399 803.1895999999999 2868.0385 809.3163 2864.1629000000003 835.9467999999999 2822.0643 829.8201
511 0.0574 3673.7 1773.6989 3707.5557 1764.0254 3717.0161 1797.1352 3683.1603 1806.8086
616 0.9749 2597.7728 1611.1755 2624.3235 1612.9022 2622.1297 1646.6361 2595.5789 1644.9094
616 0.0867 2447.5911 612.8396 2513.2767 617.4143 2507.4802 700.6429 2441.7946 696.0681999999999
616 0.0752 2450.4134 808.6174 2513.7201999999997 808.5298 2513.8406 895.5994 2450.5338 895.687
616 0.0654 2484.756 2044.8525 2550.4627 2072.9187 2527.24 2127.2863 2461.5332 2099.2201
616 0.0649 991.4558999999999 247.4448 1077.1785 259.4147 1067.9089 325.7987 982.1864 313.8288
616 0.0561 954.8842 468.1752 990.2006 468.5078 989.9486999999999 495.2532 954.6323 494.9205
616 0.0505 2540.0554 1328.3052 2556.2515 1329.973 2553.2433 1359.188 2537.0472 1357.5203000000001
360 0.1294 1032.2554 2331.3311 1080.2795 2332.9604 1077.5878 2412.2982 1029.5636 2410.6688
360 0.0922 1061.543 2137.0789 1119.587 2148.2619999999997 1105.0923 2223.4942 1047.0483 2212.3111
609 0.185 2318.4388 2107.7109 2335.6985 2104.2798 2337.7658 2114.6787 2320.5061 2118.1099
18 0.411 759.3873 1361.1644000000001 820.8068 1343.5214 835.1901 1393.5933 773.7706 1411.2363
18 0.1829 429.4942 218.2898 469.278 180.2108 513.7437 226.6673 473.9599 264.7463
18 0.123 452.3461 528.7217 503.1227 513.2837 519.4507 566.9877 468.6741 582.4257
18 0.106 364.1998 211.7209 417.6905 197.1934 434.6898 259.785 381.199 274.3125
18 0.097 561.2534 313.4143 619.7533 324.5574 606.4399 394.4516 547.9399 383.3085
670 0.0844 1521.9878 517.5743 1584.9068 511.2054 1591.8439 579.7375 1528.925 586.1064
670 0.0659 1085.5463 3171.3854 1101.7676 3183.0206 1085.6462 3205.4963 1069.425 3193.8611
245 0.4179 2224.7607 2312.5788000000002 2236.8364 2324.218 2223.7955 2337.7481 2211.7197 2326.1089
245 0.3079 3468.9682000000003 1277.5878 3476.1611000000003 1276.9877000000001 3477.1534 1288.8800999999999 3469.9604 1289.4802
245 0.254 3123.0621 683.1033 3130.2765 684.3872 3128.188 696.1226 3120.9736 694.8387
245 0.1565 2224.4154 2352.365 2239.9141 2343.8514999999998 2246.2489 2355.3839 2230.7503 2363.8974
245 0.1068 2229.105 2363.7911 2245.2123 2358.0851000000002 2250.2856 2372.4062 2234.1784 2378.1123
245 0.0723 2241.6549999999997 2394.5144 2258.9539999999997 2387.3716 2264.5492 2400.9225 2247.2502 2408.0653
245 0.0576 3314.1745 615.8767 3320.4746999999998 615.5879 3320.9804 626.6186 3314.6802 626.9075
245 0.0547 2955.1335 172.9243 2964.2799999999997 165.4431 2974.0814 177.4262 2964.9348 184.9074
399 0.0771 2388.5002 1092.0063 2460.3021 1099.5718 2454.4734 1154.8904 2382.6715 1147.3249
399 0.0639 2460.5508 1125.179 2486.9478 1109.2793 2497.9178 1127.4918 2471.5209 1143.3916
239 0.926 1166.7187 984.8085 1192.4731000000002 972.0864 1206.691 1000.8688999999999 1180.9366 1013.591
239 0.1352 2157.7308000000003 1290.2048 2199.7101000000002 1316.8671 2177.5295 1351.7901000000002 2135.5502 1325.1278
239 0.1208 2566.4865 1026.2889 2578.7026 1022.6030000000001 2583.7354 1039.2826 2571.5191999999997 1042.9686000000002
239 0.1059 1484.8182 1311.3753 1518.6505 1314.8119 1514.8782 1351.9488000000001 1481.046 1348.5122000000001
527 0.114 2653.7747 1208.4346 2676.0731 1211.5726 2672.3403 1238.0987 2650.0419 1234.9607999999998
673 0.9862 1262.0012 1586.8327 1293.819 1584.5248 1297.1687 1630.7047 1265.3509 1633.0126
673 0.9603 1145.3468 1581.4344 1178.829 1583.0508 1176.3571 1634.2529 1142.8749 1632.6365
673 0.2012 2697.8881 1487.0482 2743.8185 1495.5266000000001 2735.6816 1539.6069 2689.7512 1531.1286
673 0.0756 1199.4052000000001 2740.05 1288.4343 2740.7799 1287.8464 2812.4896 1198.8173000000002 2811.7598
673 0.074 1218.0405 1889.2612 1302.4255 1896.4213 1297.2509 1957.4059 1212.8659 1950.2458000000001
673 0.0546 1301.3364000000001 3111.0911 1383.8775 3111.1614 1383.8220999999999 3176.2228 1301.2809 3176.1525
673 0.0527 1218.2646 1727.2827 1288.8982999999998 1719.7816 1295.7148 1783.9699 1225.0812 1791.471
401 0.0946 2269.9557 3477.795 2330.1208 3536.8583 2283.6081 3584.2385999999997 2223.4431 3525.1752
304 0.1243 2722.6678 2352.8777 2744.565 2347.5187 2750.4822 2371.6967 2728.5851000000002 2377.0557
304 0.0988 1392.4457 3607.901 1401.8385 3604.0215 1405.2385 3612.2533 1395.8457 3616.1328
87 0.0934 485.143 2789.2233 504.205 2785.3111 508.622 2806.8331 489.5601 2810.7453
87 0.0893 1738.0758 1293.8642 1805.9984 1241.8114 1854.7003 1305.3615 1786.7777999999998 1357.4143
87 0.0756 1680.9795 1359.4611 1738.6605 1312.6866 1786.3503 1371.4964 1728.6694 1418.2709
87 0.0652 1911.9504 1191.9576 1934.074 1194.8953999999999 1929.9464 1225.9793 1907.8228 1223.0415
87 0.0614 1624.4998 1107.4452999999999 1698.8416 1149.3875 1656.5004 1224.4362999999998 1582.1587 1182.4941
87 0.0549 1614.6947 1426.1477 1669.5478 1377.0504 1719.7158 1433.0998 1664.8627 1482.1970999999999
87 0.0547 1170.1642 1120.6897 1224.1702 1117.1312 1226.7524 1156.3195 1172.7463 1159.8779
87 0.0504 311.5915 1859.7618 340.6764 1861.4006 338.7808 1895.0442 309.6958 1893.4054
74 0.5219 1698.3031999999998 3714.3278 1735.9036 3694.0200999999997 1757.5889 3734.1711 1719.9885 3754.4788
74 0.3732 1831.525 3631.6008 1863.59 3602.9304 1893.4286 3636.302 1861.3636000000001 3664.9724
74 0.2082 1537.7067 3738.1238 1560.4784 3733.9127 1567.3097 3770.8536 1544.5381 3775.0647
74 0.117 1791.9449 3563.7864 1824.1069 3540.0165 1850.6462000000001 3575.9256 1818.4841999999999 3599.6955
74 0.0768 2101.1872 3446.3082 2139.5341 3419.126 2167.8933 3459.1335 2129.5463 3486.3156
74 0.0634 1972.8453 3527.9719999999998 2013.415 3519.2602 2022.1511 3559.9425 1981.5814 3568.6544
74 0.0526 1573.3772 3799.3460999999998 1614.0124 3797.6017 1615.5637 3833.741 1574.9285 3835.4853000000003
408 0.684 624.6728 391.9608 681.6279 391.3679 682.2415 450.3107 625.2864 450.9036
408 0.5475 1492.5562 1948.3755 1529.3889 1963.2748000000001 1516.9531 1994.0173 1480.1204 1979.118
408 0.4717 1461.0518 1914.0916 1488.7847000000002 1939.5983 1465.1685 1965.2757000000001 1437.4356 1939.769
408 0.2805 729.4907 727.8323 775.2809 682.4508 815.3055 722.8359 769.5153 768.2174
408 0.1923 701.5888 364.8856 757.5826 362.2379 760.975 433.9785 704.9812 436.6262
408 0.0513 545.3327 723.6306 596.2749 705.5984 617.9539 766.8433 567.0118 784.8755
408 0.0506 786.1255 337.1843 844.6064 367.2501 816.3192 422.2713 757.8383 392.2055
248 0.1254 2463.8038 2282.0133 2476.5216 2289.3045 2467.7556 2304.5948 2455.0378 2297.3036
248 0.1206 2483.4076999999997 2896.6589 2491.9827999999998 2894.1503000000002 2495.5016 2906.1788 2486.9265 2908.6873
248 0.0888 2068.4119 866.983 2081.9141 866.5482999999999 2082.4872 884.3503000000001 2068.9851 884.7851
376 0.2143 2441.6576999999997 2802.0717 2477.7986 2805.4732 2474.187 2843.8481 2438.046 2840.4466
376 0.1739 2826.1213 3943.9084000000003 2898.2584 3949.5189 2892.418 4024.6113 2820.2808999999997 4019.0007
376 0.0771 2733.2229 3350.7781 2799.7307 3345.9949 2805.996 3433.111 2739.4883 3437.8941999999997
376 0.0559 2801.3767 3848.2075 2873.1833 3838.6718 2884.2456 3921.974 2812.439 3931.5098
376 0.0538 2747.3132 3459.5967 2815.8218 3455.7585 2820.1907 3533.7397 2751.6821 3537.5779
184 0.0659 2275.4646 4013.5856 2309.0885 4028.4715 2289.6621 4072.3511 2256.0383 4057.4651
686 0.0567 2811.1492 2595.5399 2932.0616 2580.7152 2946.3083 2696.9130999999998 2825.3959 2711.7378
363 0.084 1511.0322 2589.0432 1623.3385 2552.978 1665.0932 2683.0014 1552.787 2719.0666
363 0.0584 1272.9445 1901.4724999999999 1424.3202 1878.7018 1446.289 2024.7465 1294.9134 2047.5172
679 0.9428 2792.4541 2202.0204 2832.3525 2176.1716 2862.9303 2223.3693 2823.0319 2249.2181
679 0.7887 2907.8637 2135.8644 2947.4791 2123.7227 2963.1799 2174.9508 2923.5645 2187.0924
679 0.7495 3073.5964 2169.8088 3117.4037 2188.3806 3096.469 2237.7615 3052.6617 2219.1897
477 0.0703 1026.1346 915.6355 1075.6913 914.0732 1078.3639 998.8534 1028.8073 1000.4157
654 0.0573 1666.224 375.5726 1750.0129 372.1992 1752.7315 439.7245 1668.9426 443.0979
620 0.2197 3399.1892 3583.6684999999998 3411.2433 3585.0362999999998 3409.2903 3602.2478 3397.2361 3600.8799
620 0.0894 511.9801 2967.9852 540.2302999999999 2960.971 548.0701 2992.5461 519.8199 2999.5604
620 0.0722 3240.4017 3496.5452 3253.0813 3499.537 3248.5854 3518.5911 3235.9058 3515.5993
620 0.0593 3247.2207 3500.9171 3260.85 3492.0349 3272.9289 3510.5694 3259.2996 3519.4515
10 0.1261 1028.7059 3518.1187 1075.9732 3511.6998 1087.7378 3598.3322 1040.4705 3604.751
10 0.102 1031.4129 3439.3993 1064.5005 3439.4726 1064.4127 3479.0786 1031.3252 3479.0053
444 0.0537 876.1057000000001 262.875 908.5911 264.3538 907.6005 286.1146 875.1151 284.6358
382 0.1434 1772.1023 2605.4524 1830.7473 2617.7189 1812.8011000000001 2703.5176 1754.1561 2691.251
382 0.1427 1984.5726 2538.4094999999998 2000.2816 2537.8863 2000.9353 2557.509 1985.2263 2558.0323
382 0.1241 1922.1752999999999 2731.0881 1976.8974 2736.275 1968.4972 2824.8978 1913.7751 2819.7109
382 0.0917 1993.9637 2350.1515 2046.6702 2355.053 2038.2086 2446.0424000000003 1985.502 2441.1408
382 0.0856 1953.6494 2559.6544 2014.3156 2566.1633 2006.6601 2637.5161 1945.9939 2631.0072
382 0.0772 3169.2297 2947.6888 3225.1383 2921.5998 3252.397 2980.0148 3196.4884 3006.1038
382 0.0684 2992.6059999999998 2973.9556000000002 3060.744 2973.8787 3060.8118 3034.0314 2992.6738 3034.1082
382 0.0558 2905.9712 2590.1735 2928.0374 2578.3417 2940.2705 2601.1565 2918.2042 2612.9882
382 0.0514 3216.8961 2788.7381 3275.9588 2788.94 3275.7253 2857.288 3216.6625 2857.0862
649 0.1898 2059.2513 2572.4904 2082.8637 2560.5593 2093.3507 2581.3136 2069.7383 2593.2447
689 0.0524 2560.2527 564.3937 2569.6449 564.2651 2569.9866 589.2253000000001 2560.5944 589.3539
598 0.9828 863.0455999999999 3683.5966 883.55 3683.3941 883.8502 3713.7903 863.3458 3713.9927
683 0.8989 3042.2795 2673.8582 3087.8334 2656.5911 3100.0855 2688.9142 3054.5316000000003 2706.1814
124 0.1492 306.4236 533.9376 340.6427 566.2283 327.1601 580.5161 292.941 548.2254
