582 0.1723 1213.4533999999999 3557.5064 1232.0527 3558.1848 1231.3075 3578.6183 1212.7082 3577.94
582 0.1019 2078.6217 511.9337 2160.2165999999997 513.6175 2159.047 570.2944 2077.4521 568.6106
582 0.0963 1304.5041999999999 1973.8913 1372.6729 1998.4111 1346.2206999999999 2071.9521 1278.0519 2047.4324
582 0.0846 1641.9854 -3.3863 1734.0809 23.8418 1706.831 116.0108 1614.7355 88.7827
582 0.0838 1082.1912 1038.8377 1158.5381 1078.6013 1114.4771 1163.1994 1038.1302 1123.4358
582 0.0812 1463.8009 3074.0892 1541.1527 3097.5138 1521.6997999999999 3161.7507 1444.3479 3138.3261
582 0.069 2281.1187 925.502 2376.091 926.0792 2375.6399 1000.3041000000001 2280.6675 999.7268
582 0.0521 1059.301 1544.997 1133.7909 1599.6115 1083.4152 1668.32 1008.9253 1613.7054
344 0.9109 572.8997 1586.1423 632.1729 1608.8778 609.2272 1668.699 549.954 1645.9634999999998
344 0.836 1208.8392 1805.2772 1259.8353 1845.4389999999999 1221.7729 1893.7693 1170.7769 1853.6075
344 0.651 1071.2139 1799.3702 1121.1097 1766.1462999999999 1158.6176 1822.4757 1108.7217 1855.6996
344 0.5302 572.8025 1158.5372 627.0333 1198.775 584.704 1255.8246 530.4732 1215.5867
344 0.5133 533.6901 1374.1016 608.6919 1392.3114 593.3605 1455.4578000000001 518.3587 1437.248
344 0.396 1399.349 1881.5327 1461.9586 1910.8839 1436.2101 1965.8088 1373.6004 1936.4576
344 0.3684 1061.1455 1560.7324 1130.2041 1583.7331 1109.3538 1646.3354 1040.2952 1623.3348
344 0.3354 776.2408 1661.8724 837.8902 1681.6788999999999 819.2282 1739.7661 757.5788 1719.9596
344 0.2734 875.9779 1700.9941 942.9509 1714.8612 929.7985 1778.3818999999999 862.8256 1764.5148
344 0.1772 3718.9081 2490.2679 3775.4866 2456.6545 3813.4653 2520.5807999999997 3756.8868 2554.1942
344 0.1559 865.1011 1487.4574 909.3105 1510.2734 890.537 1546.65 846.3275 1523.8339999999998
344 0.0962 666.3163999999999 1620.0513 740.5774 1647.1096 718.7283 1707.0741 644.4673 1680.0157
344 0.0946 989.0821000000001 1729.854 1052.8600000000001 1757.1451 1028.3231 1814.4868000000001 964.5452 1787.1957
344 0.0627 736.073 1465.9798 798.4709 1453.152 810.6058 1512.1793 748.2079 1525.0071
344 0.0572 74.5062 664.9204 102.2625 670.9369 95.4954 702.1556 67.7391 696.1391
344 0.0525 1295.4731 1839.4645 1369.6031 1869.4695000000002 1344.8513 1930.6213 1270.7213 1900.6163000000001
341 0.8379 412.209 1913.247 435.0933 1909.9193 438.6783 1934.5729999999999 415.7941 1937.9007
341 0.4474 359.4385 566.0912 379.2076 547.0797 396.4147 564.9724 376.6455 583.9839
341 0.1736 1385.8112999999998 2378.4003000000002 1403.2383 2374.7305 1407.7114000000001 2395.9717 1390.2844 2399.6416
341 0.0947 354.848 1707.4307 374.7218 1704.1302 377.2471 1719.337 357.3733 1722.6375
341 0.0839 372.9622 2032.8517000000002 394.1023 2031.8755 394.787 2046.7009 373.6468 2047.6770999999999
341 0.0761 354.4245 567.4021 370.7204 580.8697 356.8003 597.7133 340.5043 584.2457
341 0.0588 433.1976 2089.6301 447.9051 2087.293 450.9714 2106.5895 436.2639 2108.9266
342 0.8601 574.8536 1584.6516000000001 633.9249 1610.0902 608.4119 1669.3339999999998 549.3406 1643.8953999999999
342 0.8349 1205.2508 1805.9292 1260.0308 1842.2133 1225.9288999999999 1893.6986 1171.1489000000001 1857.4144999999999
342 0.7277 1094.3936 1770.6165999999998 1156.7404 1796.1399999999999 1133.4899 1852.9348 1071.1431 1827.4114
342 0.6447 771.4144 1661.7669 838.8004 1677.5765000000001 824.8109 1737.2042000000001 757.425 1721.3944999999999
342 0.5503 533.83 1374.3752 608.4867 1391.7379 593.893 1454.488 519.2364 1437.1254
342 0.4014 575.7561 1157.1553 628.0901 1200.6023 582.1052 1255.9933 529.7712 1212.5463
342 0.3427 876.2726 1700.0803 944.803 1713.6743000000001 932.0251 1778.0900000000001 863.4948 1764.496
342 0.3089 1062.2791 1559.563 1132.1745 1585.4756 1108.6193 1649.0123 1038.7239 1623.0997
342 0.284 1378.6066 1901.6005 1443.3692 1886.975 1456.8892 1946.8423 1392.1266 1961.4678
342 0.2272 3718.5569 2491.6715 3773.8265 2456.6077999999998 3813.4299 2519.0331 3758.1603 2554.0968000000003
342 0.1672 867.2973 1487.274 910.9174 1511.3274000000001 890.4 1548.535 846.7799 1524.4817
342 0.1403 761.1641 1446.3469 814.4637 1476.9611 783.584 1530.7228 730.2844 1500.1086
342 0.1 975.4297 1747.1535 1016.9313 1747.0483 1017.081 1806.1249 975.5794 1806.2302
342 0.0984 665.8923 1619.9506000000001 741.5156 1646.8812 720.0361 1707.1974 644.4128000000001 1680.2667999999999
342 0.0623 76.1767 665.2969 104.167 673.8433 94.7577 704.6599 66.7673 696.1135
689 0.1927 2555.4793 814.4682 2611.3785 807.467 2620.1223 877.2794 2564.2231 884.2806
689 0.0901 3075.4553 2419.8653 3183.4638 2354.4342 3255.3398 2473.0815000000002 3147.3313 2538.5126
689 0.0597 3647.5657 525.8592 3790.7549 554.2837 3767.2435 672.7233 3624.0543 644.2989
689 0.0552 1329.5557 2092.224 1461.0131999999999 2038.7816 1526.2251999999999 2199.1897 1394.7676000000001 2252.6321
689 0.051 2117.5258 3684.2561 2223.3837 3749.5215 2158.1405 3855.3435 2052.2825 3790.0780999999997
470 0.9962 487.7455 2101.9988 568.5615 2101.9653 568.5854 2159.5385 487.7694 2159.5721
470 0.991 311.3948 1417.313 394.0159 1416.628 394.5243 1477.9355 311.9031 1478.6206
470 0.1694 520.8234 1415.8065000000001 581.6831 1423.3415 572.5587 1497.0384 511.699 1489.5034
470 0.1693 1872.7766000000001 1027.8397 1946.3256000000001 1029.8247 1944.6795 1090.8179 1871.1304 1088.8328999999999
470 0.169 1957.8509 3695.4236 1992.4769000000001 3696.6161 1991.2009 3733.6674000000003 1956.5749 3732.4749
470 0.1302 520.7122 2460.7862999999998 573.3299 2468.4571 563.6595 2534.791 511.0418 2527.1202
470 0.1269 522.3473 2640.1423 579.605 2645.3246 573.61 2711.5615 516.3523 2706.3792
470 0.1106 2047.1959 1446.6354999999999 2074.8578 1445.0465 2077.4504 1490.1776 2049.7884 1491.7666
470 0.0993 514.4981 2818.5243 580.9984 2815.1985 584.5865 2886.9448 518.0862 2890.2706
470 0.088 1686.695 267.6721 1726.1906 258.4765 1732.4011 285.1508 1692.9054 294.3464
470 0.0791 2055.2743 1028.3728 2124.7307 1032.2038 2121.666 1087.7671 2052.2097 1083.9362
470 0.0624 1848.2239 2560.8544 1916.3117 2558.9925 1917.7507 2611.6164 1849.6629 2613.4783
670 0.2338 1527.9827 518.2426 1590.1315 518.7052 1589.645 584.0599 1527.4962 583.5972
670 0.0582 2094.2102 2122.0277 2152.6714 2143.2541 2130.277 2204.9323 2071.8157 2183.7059
670 0.0532 2039.2292 2258.6303 2084.6075 2219.9106 2130.2798 2273.4371 2084.9015 2312.1567999999997
670 0.0508 1686.6491999999998 654.3125 1715.0433 671.6709 1695.145 704.2197 1666.7509 686.8613
339 0.9859 2347.404 3872.6976 2374.5286 3868.5602 2379.9934 3904.3868 2352.8688 3908.5242
339 0.9803 3136.5834 3362.8645 3191.4598 3375.4205 3179.9268 3425.8259 3125.0504 3413.2699000000002
339 0.9751 2560.629 1505.0969 2605.9442 1503.3197 2608.2609 1562.3889 2562.9457 1564.1662000000001
339 0.8077 2480.7783 1396.8075 2505.6251 1381.9551999999999 2523.6693 1412.1417000000001 2498.8224 1426.9940000000001
339 0.7905 1173.8557 1572.6694 1202.5514 1582.4352 1190.9837 1616.4256 1162.288 1606.6598
339 0.7879 1349.3149 1366.085 1373.1982 1386.7321 1354.1399000000001 1408.7776 1330.2566 1388.1306
339 0.5785 1534.3784 1792.2149 1559.8505 1780.5129 1574.8844 1813.2377999999999 1549.4123 1824.9398
339 0.56 1245.3913 1769.7984999999999 1268.6841 1755.9311 1287.3782 1787.3312 1264.0854 1801.1987
339 0.5432 1553.7383 1834.8492999999999 1579.5522 1822.9999 1597.1531 1861.3437 1571.3392 1873.1931
339 0.4794 1555.6635 2045.7379 1584.8058999999998 2070.4317 1563.1309999999999 2096.0114 1533.9886000000001 2071.3176
339 0.478 2240.083 3706.4078 2261.3887999999997 3693.4716 2277.4707 3719.9583000000002 2256.1648999999998 3732.8945
339 0.3222 2467.1873 1377.4886000000001 2487.4931 1382.6774 2480.6761 1409.3549 2460.3703 1404.1661
339 0.3189 1405.378 1624.2719 1434.7894999999999 1649.5599 1405.9799 1683.067 1376.5684999999999 1657.779
339 0.3007 1157.9284 1611.4787999999999 1185.8045 1622.1576 1170.0108 1663.3854999999999 1142.1347 1652.7067
339 0.2998 1320.8387 1717.4813 1342.7657 1732.4964 1328.8223 1752.8582999999999 1306.8953000000001 1737.8432
339 0.2671 3110.9277 3317.3102 3164.9968 3313.8546 3167.9631 3360.2653 3113.8939 3363.721
339 0.2583 2194.4118 3234.5767 2217.1915 3226.5937 2225.9308 3251.5316000000003 2203.1512000000002 3259.5146
339 0.2323 1369.3271 1675.6464 1391.6449 1695.7214 1369.0225 1720.8712 1346.7047 1700.7962
339 0.206 1909.0302000000001 2003.8892 1955.9103 1957.4097 2003.4447 2005.3539 1956.5645 2051.8333000000002
339 0.1975 1636.8668 2119.5988 1664.2541999999999 2143.0538 1642.3243 2168.6602 1614.937 2145.2052
339 0.1744 3082.928 2979.5993 3114.0901 2970.1224 3122.7538 2998.6107 3091.5917 3008.0875
339 0.1503 2289.1558 3672.0139 2321.439 3667.9833 2325.9658 3704.2403 2293.6826 3708.2709
339 0.14 1219.9519 1718.7389 1260.0399 1718.8904 1259.9045 1754.7111 1219.8166 1754.5596
339 0.1352 2665.0512 1793.9067 2689.0200999999997 1781.521 2703.3433999999997 1809.2395999999999 2679.3746 1821.6253
339 0.1175 1594.309 1914.7921000000001 1611.3445 1902.2685000000001 1625.1296 1921.0201 1608.0941 1933.5436
339 0.1118 2592.5326 1782.704 2626.3109 1781.1985 2627.6563 1811.3854000000001 2593.878 1812.8908999999999
339 0.1112 2412.7874 1504.471 2436.96 1483.0867 2467.1647000000003 1517.2299 2442.992 1538.6141
339 0.1032 1403.483 1388.1025 1431.6181000000001 1408.202 1414.2822999999999 1432.4686000000002 1386.1471999999999 1412.3690000000001
339 0.0987 1552.4036 1447.5227 1578.1794 1456.3761 1567.3634 1487.8659 1541.5876 1479.0124
339 0.0986 3106.0233 3194.6335 3125.0635 3191.8003 3128.8053 3216.9473 3109.7652 3219.7805
339 0.097 2003.9803 2359.0238 2047.3552 2354.7817999999997 2051.1955 2394.0499 2007.8206 2398.2918
339 0.09 1511.4614000000001 1934.1871999999998 1534.6059 1932.6532 1536.3773999999999 1959.3824 1513.233 1960.9164
339 0.0891 2196.4009 3103.0643 2240.1620000000003 3144.7893 2200.7994 3186.0727 2157.0383 3144.3477
339 0.0846 1458.9012 1392.3612 1509.4611 1408.3955999999998 1492.3881999999999 1462.2303000000002 1441.8283999999999 1446.196
339 0.0807 2274.0893 3622.7 2315.5373 3617.753 2319.6688 3652.3683 2278.2208 3657.3152
339 0.079 2508.6429 1453.4926 2530.77 1435.9571999999998 2555.8955 1467.6617 2533.7685 1485.1970999999999
339 0.0747 2558.0488 3868.9277 2570.0907 3865.8086 2574.1198 3881.3633 2562.0778 3884.4824
339 0.0725 2331.1741 3847.7645 2346.0171 3842.6468 2352.4576 3861.3264 2337.6146 3866.444
339 0.0707 1577.3683999999998 1880.4771 1602.2406999999998 1863.1126 1624.3438 1894.7721999999999 1599.4714 1912.1368
339 0.0637 2545.8057 1805.9261000000001 2558.1796 1805.0331 2559.3422 1821.1417999999999 2546.9682000000003 1822.0348
339 0.057 2228.8285 3423.4539 2267.7394 3415.9727 2274.6414 3451.8707 2235.7304 3459.352
339 0.0566 1372.118 1500.4687 1393.9247 1513.2301 1375.8937 1544.0416 1354.087 1531.2803
339 0.0534 1606.3682 2094.6298 1635.3555999999999 2116.772 1617.163 2140.5888 1588.1755 2118.4465
339 0.0523 1216.068 1700.0702 1237.881 1719.817 1223.3053 1735.9178 1201.4923 1716.171
34 0.2712 1544.6614 3509.3969 1577.7209 3483.6515 1602.2332000000001 3515.1275 1569.1737 3540.873
34 0.2027 827.9323999999999 3911.1516 856.0692 3886.0950000000003 878.7451 3911.5583 850.6083 3936.615
34 0.1475 966.1949 3806.3796 1000.8846 3793.0614 1014.987 3829.7934999999998 980.2972 3843.1117
34 0.1316 1141.1757 3789.0992 1179.8321 3767.1332 1194.4767 3792.9052 1155.8203 3814.8712
34 0.1097 868.1187 3970.4944 901.8482 3948.2213 923.0138 3980.2736 889.2843 4002.5466
34 0.1052 2066.8982 3158.2465 2098.4098 3133.6169 2113.717 3153.2014 2082.2054 3177.8309
34 0.0983 1627.1219999999998 3355.0978999999998 1668.4296 3322.9432 1695.6772 3357.9468 1654.3696 3390.1014999999998
34 0.0983 945.4795 3922.3559999999998 971.246 3907.2232 984.6637 3930.0694 958.8972 3945.2021999999997
34 0.0934 1917.0346 3246.7704 1966.2021 3216.5434 1989.5341 3254.4953 1940.3665 3284.7223
34 0.0755 748.3157 4066.127 785.1884 4049.1154 798.6432 4078.2785 761.7704 4095.2902
34 0.0679 1369.3553000000002 3539.6698 1406.2027 3514.2029 1419.7545 3533.8106 1382.9070000000002 3559.2775
34 0.0603 1152.3834000000002 3890.7485 1174.7364 3872.7916 1201.2528 3905.7993 1178.8998000000001 3923.7563
34 0.0583 581.0042 4085.2108 606.9793999999999 4074.943 613.9569 4092.5945 587.9817 4102.8623
34 0.0551 1411.6422 3604.332 1449.3032 3578.9507 1463.4993 3600.015 1425.8384 3625.3963
34 0.0541 1007.0637 3866.2987000000003 1038.2632 3857.6884 1050.3288 3901.408 1019.1293 3910.0182999999997
23 0.9969 1102.4753 1548.9299999999998 1153.9111 1564.9360000000001 1137.8647999999998 1616.5014999999999 1086.429 1600.4955
23 0.9955 1149.4 1698.0014 1199.7905 1725.8188 1172.8373000000001 1774.6437 1122.4468000000002 1746.8263
23 0.9931 1095.3697 1893.3330999999998 1151.0964 1877.5277999999998 1165.6129 1928.71 1109.8861000000002 1944.5153
23 0.9918 1055.4264 1726.5447 1114.2988 1719.1249 1121.9193 1779.5901 1063.047 1787.0099
23 0.9862 1291.5639999999999 1662.1151 1341.7648 1678.6767 1325.3498 1728.4331 1275.149 1711.8715
23 0.9827 1818.3899999999999 634.6551 1881.2983 642.3474 1874.9236 694.4802 1812.0153 686.7879
23 0.9757 1553.4501 2693.0316000000003 1607.5334 2680.7302 1618.8638 2730.5446 1564.7804999999998 2742.8459000000003
23 0.5854 1476.3376 2711.1423999999997 1539.654 2692.2244 1554.595 2742.2302 1491.2787 2761.1482
23 0.3421 1402.9198000000001 2726.1921 1467.3692 2709.8009 1480.808 2762.6414999999997 1416.3586 2779.0326999999997
23 0.2129 1389.3521 2300.6964 1455.7478 2282.651 1470.4180000000001 2336.6279 1404.0221999999999 2354.6733
23 0.0942 2042.2598 3407.9422 2078.2933000000003 3422.4 2064.6453 3456.4152 2028.6118000000001 3441.9574000000002
23 0.0886 1137.3523 2058.9533 1170.7196 2050.4712 1178.3564000000001 2080.5133 1144.9891 2088.9954
23 0.068 1265.8277 2335.4069 1315.0441 2327.2938 1323.5756000000001 2379.0487 1274.3593 2387.1618
23 0.0618 1433.6293 2129.3511 1494.5699 2112.1136 1508.4565 2161.2075 1447.5158999999999 2178.445
23 0.0562 1087.7767 2197.8303 1133.5990000000002 2165.9725 1167.333 2214.4934 1121.5107 2246.3512
297 0.9648 1363.0098 1524.4054 1388.1323 1513.0094 1400.8258 1540.9921 1375.7032 1552.3881000000001
297 0.0874 2010.6772 2975.1317 2050.8885 2956.4566999999997 2063.8953 2984.4632 2023.684 3003.1382
446 0.8995 2985.1666999999998 611.6281 3010.1432999999997 634.8436 2989.3319 657.2337 2964.3553 634.0182
446 0.6136 3651.3352999999997 1607.779 3679.0548 1597.5221 3687.86 1621.3183 3660.1405 1631.5751
446 0.3575 3599.9308 254.6461 3623.3981 241.1589 3634.4859 260.4511 3611.0187 273.9384
446 0.1253 2940.7103 88.4122 2968.1882 73.5396 2979.3281 94.1212 2951.8501 108.9938
446 0.0895 3276.3045 2319.8146 3300.3084 2327.4746 3289.3119 2361.9341 3265.308 2354.2742
446 0.0671 3607.7826 2078.9691 3637.9344 2087.6377 3630.041 2115.0931 3599.8892 2106.4245
94 0.8314 1337.9159 35.8115 1391.5561 63.1492 1354.5839 135.6936 1300.9437 108.3559
94 0.2231 523.589 1162.6821 595.1164 1168.5429 588.2734 1252.0562 516.7461 1246.1953
94 0.2176 507.7582 1411.6957 570.5707 1381.1203 604.6712 1451.1745 541.8587 1481.7499
94 0.1797 852.6021 503.8261 890.8842 493.7026 899.3997 525.9042 861.1176 536.0276
94 0.0996 1864.0381 5.5583 1950.2068 -1.1562 1956.1516 75.1359 1869.983 81.8504
94 0.0992 1438.3031 640.1075 1500.8218 593.1375 1552.6464 662.1177 1490.1276 709.0877
94 0.0962 2226.268 457.1237 2298.4686 421.3227 2337.5026 500.0434 2265.3021 535.8444
94 0.0911 892.342 928.4756 961.9831 992.7455 907.2678 1052.0334 837.6268 987.7634
94 0.0797 750.3584 1367.2055 828.61 1331.4594 864.5462 1410.1273 786.2946 1445.8734
94 0.0759 1877.4022 678.4619 1957.2440000000001 625.7435 2010.1519 705.8723 1930.3102 758.5908
94 0.0596 569.4066 957.3547 649.4241 961.9835 645.5867000000001 1028.321 565.5692 1023.6923
94 0.0518 1668.2997 466.592 1748.8105 429.6983 1788.5804 516.4855 1708.0696 553.3792
681 0.9849 1326.0383000000002 2598.3909 1410.2042000000001 2592.0514 1414.7257 2652.0815000000002 1330.5599 2658.421
681 0.3712 2810.2217 1959.4994 2844.7949 1947.5713 2857.3844 1984.0616 2822.8112 1995.9895999999999
681 0.1487 1178.9343 1755.8506 1214.502 1755.4106 1214.8784 1785.8395 1179.3108 1786.2795
681 0.0985 2721.2561 2556.6396 2769.9446 2601.1975 2727.9193999999998 2647.1187 2679.2309 2602.5608
681 0.0591 1247.6133 1746.5491 1323.2168 1734.3724 1335.2048 1808.8047000000001 1259.6013 1820.9814000000001
681 0.0562 2682.7084 2828.5096 2729.8478 2788.7595 2771.5637 2838.2299 2724.4243 2877.9800999999998
681 0.0542 2713.8366 2638.5142 2767.3057 2661.7832 2741.7297 2720.5535 2688.2606 2697.2845
392 0.9915 2601.2851 2376.6738 2672.8602 2367.3682 2684.0004 2453.0556 2612.4254 2462.3611
392 0.9849 2674.2219999999998 2881.3617 2748.245 2868.0307000000003 2763.2945 2951.596 2689.2715 2964.927
392 0.9835 2539.9681 2019.4915 2613.7844 2003.7942 2631.0266 2084.8752 2557.2103 2100.5725
392 0.9808 2528.3969 1922.0052 2599.9624 1909.7484 2613.4968 1988.7735 2541.9313 2001.0303
392 0.9788 2662.0466 2779.3451 2734.5785 2770.5239 2744.7916999999998 2854.5007 2672.2598 2863.322
392 0.9732 2614.8124 2482.9191 2683.4608 2468.9074 2699.1929 2545.9849 2630.5443999999998 2559.9965
392 0.8166 2502.0407 1720.8226 2572.8842 1711.0179 2584.3754 1794.0475999999999 2513.532 1803.8523
392 0.499 2199.6789 1040.9464 2237.5983 1040.9287 2237.618 1083.3346 2199.6986 1083.3522
392 0.3644 2176.4852 961.1887 2215.7733 951.2959 2226.7786 995.0023 2187.4905 1004.895
392 0.3616 2165.744 879.8898 2203.2795 867.9364 2216.2112 908.5439 2178.6757 920.4973
392 0.1506 2048.8781 960.7090000000001 2075.6216 950.2597000000001 2089.7831 986.5041 2063.0396 996.9534
392 0.0892 2595.6429 3838.3385 2626.9276 3819.7318 2646.1356 3852.0276 2614.8509 3870.6343
392 0.0878 2561.4119 1733.2428 2577.9963 1733.0087 2578.498 1768.5376 2561.9136 1768.7718
204 0.1396 1440.6042 607.8238 1470.5249 610.0659 1467.3473 652.4713 1437.4266 650.2292
204 0.0894 600.9648 1916.8351 739.4449 1941.6144 718.1576 2060.5797000000002 579.6776 2035.8004
235 0.5345 2533.1961 2929.554 2581.2300999999998 2898.6630999999998 2615.7117 2952.2806 2567.6777 2983.1715
235 0.512 3157.6952 2418.7101000000002 3185.7084 2405.1567999999997 3200.1349 2434.9746999999998 3172.1217 2448.5280000000002
235 0.5067 2567.1265 2986.3264 2606.6672 2956.0558 2652.307 3015.6725 2612.7662 3045.9431
235 0.2981 2567.5189 2528.5767 2627.5432 2482.1405 2663.7896 2528.9933 2603.7653 2575.4295
235 0.262 2504.2327 2871.8242 2551.7441 2841.3052 2585.3467 2893.6169 2537.8354 2924.136
235 0.1488 3476.9807 3112.036 3513.8522000000003 3098.0383 3525.2161 3127.9719 3488.3445 3141.9697
235 0.1129 3499.4402 3152.1461 3532.8235 3136.8056 3543.8459000000003 3160.7921 3510.4626 3176.1325
235 0.1081 3137.8007 2370.9227 3174.5762999999997 2359.1612 3187.4883 2399.5342 3150.7126 2411.2957
235 0.1071 3104.6673 2309.0522 3130.9111000000003 2300.9508 3140.7228 2332.735 3114.4791 2340.8364
235 0.0943 2587.2976 3047.7422 2643.747 3014.2331 2671.0383 3060.208 2614.5888999999997 3093.7171
235 0.0924 3118.5603 2345.4103 3140.0945 2331.7829 3155.2986 2355.8087 3133.7644 2369.4361
235 0.0914 3270.7398 2780.4934 3319.6742 2753.8634 3342.4974 2795.8027 3293.563 2822.4326
235 0.0736 2666.9130999999998 3178.9535 2720.9031 3157.4638999999997 2738.514 3201.709 2684.524 3223.1986
235 0.0521 3367.3058 2931.5311 3415.9567 2907.4562 3437.863 2951.7249 3389.2121 2975.7997
239 0.4931 2157.7308000000003 1290.2048 2199.7101000000002 1316.8671 2177.5295 1351.7901000000002 2135.5502 1325.1278
239 0.2018 1475.7777999999998 1318.8337000000001 1512.2147 1308.9545 1521.4526 1343.0262 1485.0157 1352.9055
239 0.1109 1161.0863 2024.4304 1187.5486 2047.1072 1162.6791 2076.1282 1136.2168 2053.4514
239 0.059 1521.5953 1260.5852 1559.6353 1267.2276 1553.2462 1303.8172 1515.2060999999999 1297.1748
282 0.1821 428.476 1809.5412000000001 453.2724 1817.8154 444.3837 1844.4533999999999 419.5873 1836.1792
282 0.0721 1059.3344 1320.1276 1081.5598 1332.1451 1072.1480000000001 1349.5516 1049.9225999999999 1337.5340999999999
282 0.0593 799.9561 908.3516 847.4271 918.2149999999999 836.657 970.049 789.1861 960.1856
522 0.1244 3288.2243 2232.4852 3330.4393 2228.1003 3335.773 2279.4504 3293.5581 2283.8353
522 0.0649 3265.7586 2623.3644 3301.3704 2648.1436 3277.2438 2682.8173 3241.6321 2658.0381
340 0.9939 2562.2817 411.178 2606.5852 410.2088 2607.8117 466.2721 2563.5081 467.2413
340 0.984 1533.1264 697.6352 1556.8519000000001 683.5679 1575.9211 715.7294 1552.1956 729.7968
340 0.965 3138.3361 2267.8194 3191.0441 2282.9684 3177.8895 2328.7368 3125.1815 2313.5878000000002
340 0.8578 2290.6417 2574.372 2319.7698 2571.3345 2323.5302 2607.3941 2294.402 2610.4316
340 0.764 1170.7077 478.0404 1199.3343 484.7393 1191.4108 518.5988 1162.7843 511.8999
340 0.6737 2481.4053 299.1447 2504.7201999999997 285.6638 2522.73 316.8116 2499.415 330.2924
340 0.5825 2146.7275 1957.5756000000001 2200.7464 1941.9266 2216.4488 1996.1299 2162.4299 2011.7789
340 0.5671 1246.1506 675.2108 1267.3623 661.8315 1285.8317 691.1133 1264.6201 704.4926
340 0.545 1684.7368999999999 466.0859 1709.3932 464.2086 1711.3504 489.9143 1686.694 491.7915
340 0.5246 2346.7277 2779.277 2375.0439 2773.5274 2382.1044 2808.2998 2353.7883 2814.0494
340 0.3477 1552.0396 742.057 1579.9228 728.0368 1597.6131 763.2192 1569.7299 777.2393
340 0.3041 1634.8168 1025.6412 1663.7044 1045.8115 1645.5471 1071.8161 1616.6595 1051.6458
340 0.3039 1371.1643 579.187 1391.7395999999999 598.8484 1368.2840999999999 623.3942 1347.7087000000001 603.7327
340 0.2883 1511.1544 840.2978 1532.4058 836.4204 1536.6914000000002 859.9093 1515.44 863.7867
340 0.2773 1528.8897 971.2479 1557.4673 943.4818 1589.6844 976.6403 1561.1068 1004.4064
340 0.2545 1404.0245 291.4991 1431.7871 313.2717 1413.1151 337.0807 1385.3525 315.3081
340 0.248 1916.8761 877.0163 1979.2004 866.9728 1990.3325 936.0524 1928.0082 946.0959
340 0.2096 1323.5774999999999 621.0596 1341.5363 637.5034 1325.7906 654.6997 1307.8318 638.2559
340 0.2054 1576.4813 782.4822 1601.9347 765.8208 1621.1792 795.2205 1595.7258000000002 811.8818
340 0.2016 1330.6465 284.3615 1355.0681 268.2221 1372.8513 295.1311 1348.4296 311.2705
340 0.1761 2419.293 2983.3936 2450.533 2980.658 2453.3181 3012.4627 2422.078 3015.1983
340 0.1751 2472.6331 279.9191 2487.5774 289.6783 2473.0785 311.8802 2458.1342 302.121
340 0.1483 2194.2447 2138.5336 2217.3343 2130.5399 2226.0564 2155.7332 2202.9667 2163.727
340 0.1334 1154.8574 515.5623 1183.8982 525.5205 1170.444 564.7566 1141.4032 554.7984
340 0.1139 2273.6944 2530.0755 2315.3062 2521.6821 2321.7612 2553.6841 2280.1494000000002 2562.0775000000003
340 0.1095 2665.7602 695.9664 2689.8975 685.7743 2702.3057 715.1597 2678.1684 725.3518
340 0.1079 2412.5486 411.152 2439.0867 387.2392 2467.399 418.6598 2440.8609 442.5725
340 0.1048 3088.5725 1878.1893 3121.6702999999998 1879.2592 3120.7145 1908.8307 3087.6167 1907.7609
340 0.1032 2163.4331 2022.8751 2220.1127 2013.2475 2229.7088 2069.7422 2173.0293 2079.3698
340 0.1013 2238.2792 2612.0233 2260.273 2597.1131 2277.804 2622.9728 2255.8102 2637.883
340 0.0928 3074.6924 1972.4158 3103.0042 1962.3824 3112.2112 1988.3623 3083.8994 1998.3955999999998
340 0.0909 3109.8133 2219.8354 3165.0638 2214.0445 3170.4643 2265.5697 3115.2138 2271.3607
340 0.0841 2560.582 2770.9404 2572.9238 2772.3759 2571.1757 2787.4053 2558.8339 2785.9698
340 0.0826 3134.0886 2097.2153 3153.2238 2092.0349 3159.0456 2113.5391 3139.9103 2118.7195
340 0.074 2001.6246 1271.9479000000001 2042.4841000000001 1260.0499 2052.473 1294.3533 2011.6136000000001 1306.2513
340 0.0707 2301.9638 2629.3256 2332.6251 2624.1015 2337.3823 2652.0224 2306.7209 2657.2465
340 0.0691 2586.9643 693.6636 2621.616 680.9715 2632.1501 709.7313 2597.4984 722.4234
340 0.0683 3105.896 2097.9785 3127.605 2095.9496 3129.9723 2121.2794 3108.2632 2123.3083
340 0.0658 1298.5771 508.9888 1322.2638 516.7236 1316.6066 534.048 1292.9198999999999 526.3132
340 0.0632 3154.2471 2093.6864 3169.4829 2092.0194 3171.8345 2113.5133 3156.5988 2115.1803
340 0.0623 2225.2749 2335.8203 2259.9821 2315.7281 2278.6418 2347.9609 2243.9346 2368.053
340 0.059 2309.9751 2675.9511 2343.3745 2672.5912 2346.3894 2702.561 2312.9901 2705.9209
340 0.0569 2375.9633 2885.1552 2408.7993 2877.9914 2414.8605 2905.7734 2382.0245 2912.9372
340 0.0564 1470.2354 294.573 1514.5439000000001 326.6144 1483.3303 369.7782 1439.0218 337.7368
340 0.0544 1982.1641 1168.8794 2014.3995 1159.9515000000001 2022.3237 1188.5630999999998 1990.0883 1197.491
340 0.0542 2546.9218 710.4814 2558.6652 709.5876 2559.8841 725.6018 2548.1407 726.4957
340 0.0526 1598.0352 811.2126 1618.9628 809.5207 1620.8389 832.7268 1599.9114 834.4188
340 0.0524 1594.7930999999999 1005.2019 1625.7419 1009.6051 1623.429 1025.8616 1592.4802 1021.4584
340 0.0506 1959.6008000000002 1062.5351 2002.025 1055.6245 2007.9008 1091.6957 1965.4766 1098.6063
231 0.8506 1348.2843 964.1967999999999 1391.2515 989.9608000000001 1367.1151 1030.2136 1324.1479 1004.4495999999999
231 0.468 1540.7624 1749.4155 1571.6322 1746.5026 1574.8612 1780.7222000000002 1543.9914 1783.6351
231 0.0849 1349.3823 1116.4869 1403.555 1087.7635 1423.347 1125.0916 1369.1743000000001 1153.815
231 0.082 1465.0182 1454.4749000000002 1511.9346 1419.9886000000001 1537.7531 1455.113 1490.8366 1489.5992999999999
586 0.6621 2459.6866 3214.1706 2534.3491 3212.2555 2536.3450000000003 3290.0687 2461.6826 3291.9838
586 0.2983 911.3352 270.6773 928.1922 270.7172 928.1331 295.6936 911.2761 295.6537
586 0.2792 2587.9095 2774.7194 2651.3589 2779.493 2645.4382 2858.1895 2581.9888 2853.4157999999998
586 0.1937 2433.9584 1531.8016 2494.5412 1543.6193 2487.5404 1579.5086000000001 2426.9576 1567.6908
586 0.1137 2340.631 2477.9269 2409.3602 2483.721 2403.4901 2553.3511 2334.7609 2547.5569
688 0.1421 808.6938 859.8123 864.8340000000001 872.654 853.8181 920.8125 797.6779 907.9707000000001
688 0.1259 2553.4954 2913.3765 2605.8703 2902.2118 2620.3974 2970.3597 2568.0225 2981.5244000000002
688 0.1015 579.2482 408.1815 638.1221 425.3304 624.4619 472.227 565.588 455.0781
688 0.0954 1040.3708000000001 509.485 1101.8609999999999 517.7178 1095.8241 562.8059 1034.3339999999998 554.573
688 0.0899 868.1989 1011.1821 991.1018 1089.2051 920.754 1200.0179 797.8511 1121.9949
688 0.0788 3123.3267 519.7646 3250.4608 572.4005999999999 3201.7466 690.0623 3074.6125 637.4263
688 0.0786 1137.4281 504.3522 1192.1997000000001 542.8363 1162.1001 585.6749 1107.3285 547.1907
688 0.077 967.5257 485.3949 1022.0653 496.0883 1012.3828 545.4723 957.8431 534.7789
688 0.0669 3167.5534 3176.2129 3220.8705 3127.4937 3280.2737 3192.5031 3226.9566 3241.2223
688 0.065 650.9258 429.049 712.7204 437.6581 706.8525999999999 479.7756 645.0581 471.1664
124 0.1804 819.7946 462.9814 844.5016 474.2202 830.0083999999999 506.0815 805.3014000000001 494.8426
124 0.1076 679.9542 515.5168 720.8804 513.2201 722.094 534.8454 681.1677999999999 537.1421
124 0.0881 3434.008 1230.5041999999999 3507.4041 1213.6949 3519.2381 1265.3672000000001 3445.842 1282.1765
124 0.0607 3866.1639 1503.0647 3891.6396 1505.9641 3887.6718 1540.8271 3862.196 1537.9277
673 0.9936 2654.0519 3303.1354 2721.5842000000002 3301.0929 2724.2003 3387.5896000000002 2656.668 3389.6321
673 0.9867 1218.3734 1894.4251 1300.3382000000001 1898.7413999999999 1297.2411 1957.5532 1215.2763 1953.2368999999999
673 0.9196 1198.7482 2744.4335 1284.5631 2740.5366 1287.6429 2808.3586999999998 1201.8281 2812.2556
673 0.2658 2653.9859 2562.0636 2730.9859 2567.224 2727.9749 2612.1532 2650.9748 2606.9928
673 0.265 2686.3531000000003 1488.7961 2750.1885 1489.9981 2748.8433999999997 1561.4284 2685.0081 1560.2264
673 0.1184 1301.3364000000001 3111.0911 1383.8775 3111.1614 1383.8220999999999 3176.2228 1301.2809 3176.1525
673 0.0965 1303.379 3289.5573 1376.1476 3287.1629000000003 1378.3741 3354.8292 1305.6055000000001 3357.2236000000003
673 0.0874 1227.8651 1721.0047 1294.8054 1726.4057 1289.9042 1787.1507000000001 1222.9639 1781.7496999999998
673 0.0555 2651.0728 3021.4788 2724.4117 3025.6844 2720.7144 3090.1598 2647.3755 3085.9541
448 0.9809 1525.0228 833.2002 1610.9402 837.2266999999999 1608.0533 898.8271 1522.136 894.8007
448 0.9701 1409.8784 1680.9955 1495.4443999999999 1681.9742 1494.733 1744.1616 1409.1671000000001 1743.1829
448 0.9273 1515.8091 997.1282 1604.7933 993.358 1607.8047000000001 1064.4312 1518.8204 1068.2015000000001
448 0.2848 1531.5213 2215.0728 1587.1502 2216.3476 1585.3519000000001 2294.8201 1529.723 2293.5452999999998
448 0.2393 1341.4062 1884.9807 1370.7483 1882.5229 1372.5232999999998 1903.7126 1343.1813 1906.1704
448 0.125 1427.4133 1024.6392 1504.0112 1008.4421 1515.5903 1063.2014 1438.9925 1079.3985
448 0.0811 2879.507 3547.6871 2948.9337 3530.4514 2958.7777 3570.1039 2889.351 3587.3396000000002
448 0.0726 2873.3402 3763.5026 2921.6825 3717.4467 2966.4464 3764.4329 2918.1041 3810.4887
448 0.0575 1468.412 2374.7565 1523.3755999999998 2429.6813 1469.4764 2483.6187 1414.5128 2428.6938
448 0.0505 1974.1266 2376.0021 2020.72 2368.9758 2026.6117 2408.0461 1980.0183 2415.0724
363 0.9935 1461.5659 2536.555 1623.2383 2486.9008 1683.8595 2684.282 1522.1871 2733.936
363 0.9805 1286.2592 2057.7173000000003 1460.2122 2039.1618 1475.7346 2184.6794 1301.7816 2203.235
363 0.4543 1273.4572 1893.6877 1443.0754 1887.8436 1448.2103 2036.878 1278.592 2042.7221
120 0.9433 293.184 2489.8999 363.4875 2503.8719 348.3309 2580.1362 278.0273 2566.1642
120 0.5467 329.6734 2365.7775 365.6249 2366.3361 365.0104 2405.8834 329.0589 2405.3248
120 0.536 981.4917 1536.4781 1012.5161 1541.2082 1006.7697000000001 1578.8986 975.7453 1574.1685
120 0.5118 616.8831 3470.8681 648.1528000000001 3476.2639 641.6322 3514.0526 610.3624 3508.6567999999997
120 0.1804 379.6823 3069.0099 436.3925 3104.4479 403.5352 3157.0284 346.825 3121.5905
120 0.1757 1059.5265 1139.9482 1089.8501 1149.0830999999998 1078.5839 1186.4818 1048.2602 1177.3468
120 0.1235 260.0483 2698.235 299.1982 2694.7778 302.4561 2731.6713 263.3062 2735.1285
120 0.0996 402.1106 2923.1782 459.9464 2952.7697 429.8012 3011.6876 371.9654 2982.0960999999998
120 0.0946 556.4928 3788.8618 589.5515 3793.6155 583.9913 3832.2826999999997 550.9326 3827.5289000000002
120 0.0854 184.3571 3074.2579 240.6257 3080.3654 237.4566 3109.5623 181.188 3103.4548
525 0.9685 3328.7204 2629.3302 3363.1201 2630.9617 3360.7812 2680.2737 3326.3815 2678.6422000000002
525 0.936 2595.4827999999998 1683.7233 2641.8701 1681.5646 2643.3474 1713.3089 2596.9601000000002 1715.4677
525 0.8295 2586.8754 2331.6537 2630.7812 2332.4644 2630.1131 2368.6483 2586.2073 2367.8376
525 0.7652 2585.3442 2237.124 2632.8177 2239.0913 2631.3386 2274.7824 2583.8651 2272.8151
525 0.1251 2561.538 1776.0679 2584.3763 1774.5529999999999 2586.7059 1809.675 2563.8677 1811.1898
525 0.0949 2592.0284 2623.6285 2627.5863 2619.2993 2632.2632 2657.7122 2596.7052 2662.0414
525 0.0595 3441.0206 1651.7135 3475.3982 1653.1941 3473.9211999999998 1687.4897 3439.5436 1686.0091
125 0.9896 480.9488 549.7003 540.2938 507.7481 589.8485 577.8476 530.5035 619.7998
125 0.9347 46.3409 640.5978 127.6384 646.5457 122.4823 717.0222 41.1847 711.0743
125 0.9083 564.4374 677.8041 616.7009 630.9965 672.6485 693.4651 620.385 740.2728
125 0.868 2077.4222 2869.982 2132.5419 2912.3972 2075.1373 2986.9961 2020.0176000000001 2944.581
100 0.1586 1991.1667 1084.7822999999999 2023.9131 1072.2921999999999 2034.8186 1100.8842 2002.0723 1113.3743
100 0.1474 170.2497 2381.0251 199.5122 2360.5377 219.0057 2388.3807 189.7433 2408.8681
100 0.1255 128.2227 2317.2179 159.5906 2296.2687 178.0353 2323.8866 146.6673 2344.8358
100 0.0731 260.6844 2225.8755 294.2092 2200.8595 316.2042 2230.3358 282.6794 2255.3518
100 0.0729 714.4073 1992.9917 754.5483 1988.2127 759.0722 2026.211 718.9312 2030.99
100 0.0718 1965.7413000000001 1055.2537 1998.095 1033.4265 2015.367 1059.0281 1983.0133 1080.8553000000002
100 0.0709 308.1369 2282.853 341.3471 2263.3296 360.1319 2295.2832 326.9217 2314.8066
100 0.0704 3498.4609 1.4147 3549.1758 -4.3154 3552.4053 24.2677 3501.6905 29.9979
100 0.0609 567.1296 2097.4040999999997 599.8066 2071.5389 627.3777 2106.3709 594.7007 2132.2361
100 0.0569 2071.469 1016.7042 2084.0485 1012.8511 2087.4919 1024.0933 2074.9125 1027.9464
100 0.0526 399.2705 2114.6203 439.7347 2112.582 441.6345 2150.298 401.1703 2152.3363
616 0.9916 2451.3865 808.2755 2515.5889 811.3995 2511.401 897.4673 2447.1987 894.3433
616 0.9829 2443.5838 619.4738 2510.1173 618.8193 2510.9042 698.8091 2444.3707 699.4637
616 0.9598 986.3888999999999 251.9175 1073.2167 250.1083 1074.6381000000001 318.3238 987.8103 320.133
616 0.1953 2453.0211 525.6253 2512.8539 542.6849 2495.7209 602.7749 2435.8882 585.7154
616 0.1449 954.3504 468.9621 990.3778 468.5872 990.6506999999999 494.8088 954.6233 495.1837
616 0.1316 2540.0554 1328.3052 2556.2515 1329.973 2553.2433 1359.188 2537.0472 1357.5203000000001
616 0.1296 2594.6136 1609.71 2624.3464 1610.5914 2623.23 1648.2557 2593.4972 1647.3743
616 0.1142 2551.5703 1307.9123 2607.6483 1302.5167999999999 2615.0962 1379.9257 2559.0181 1385.3211999999999
616 0.0918 1028.5977 622.8018 1088.4633 622.4305 1088.8842 690.2906 1029.0185 690.6619
616 0.0836 896.1783 116.5894 975.2547 115.5926 976.1662 187.9041 897.0898 188.9009
616 0.0719 2484.756 2044.8525 2550.4627 2072.9187 2527.24 2127.2863 2461.5332 2099.2201
327 0.1688 3078.6496 552.6006 3094.2954 555.3329 3090.9056 574.7435 3075.2599 572.0112
327 0.0837 3070.4931 532.7449 3082.7841 529.7339 3087.3917 548.5425 3075.1007 551.5535
327 0.0824 3285.9657 1756.6285 3303.5717 1749.9686 3309.3488 1765.2408 3291.7428 1771.9007
327 0.0631 3070.2698 2046.6649 3097.8831 2034.7774 3117.0174 2079.2243 3089.4041 2091.1118
327 0.0555 2899.4646000000002 2745.7479 2969.1336 2713.9710999999998 2993.0169 2766.3339 2923.3478999999998 2798.1107
327 0.053 2860.6528 2157.95 2902.5231 2122.5929 2943.5987999999998 2171.2352 2901.7285 2206.5923
477 0.6791 1022.4177 916.6849 1079.1875 913.5219 1083.9772 999.4866 1027.2074 1002.6497
477 0.217 984.8870999999999 1025.3891 1059.8789000000002 1041.5605 1042.063 1124.1782 967.0713000000001 1108.0067
477 0.1252 2265.4543 1530.5914 2344.1554 1557.926 2314.082 1644.5127 2235.3809 1617.1781
477 0.1128 2088.0278 517.9269 2162.5652 528.8809 2153.2363 592.3603 2078.6989 581.4063
477 0.0985 2282.6418 1410.0936000000002 2367.9435 1422.3166999999999 2355.3766 1510.0178 2270.0749 1497.7947
477 0.0769 2097.811 2045.1447 2135.8537 2059.594 2119.8539 2101.7188 2081.8112 2087.2694
477 0.0636 145.7451 521.0226 224.9931 519.7777 225.8832 576.443 146.6352 577.6879
477 0.0593 1045.445 1443.2694000000001 1108.5685 1451.9995 1098.7428 1523.0448000000001 1035.6193 1514.3147
477 0.0586 2052.055 1958.8344 2086.4637 1959.4008 2085.7946 2000.0567999999998 2051.3859 1999.4904999999999
627 0.9935 1422.4891 2361.5001 1506.3409 2361.1249 1506.6044 2420.0098 1422.7526 2420.385
627 0.1404 1240.2768999999998 2393.2607 1273.3207 2396.1185 1270.9135999999999 2423.95 1237.8699000000001 2421.0922
627 0.055 1294.4097 1769.2530000000002 1326.5549 1755.9491 1340.0861 1788.6435999999999 1307.9409 1801.9475
461 0.1307 1683.1308 2084.9925 1704.1878 2098.2422 1686.4941 2126.362 1665.4371 2113.1123
461 0.1226 1690.3420999999998 2054.3627 1727.2672 2047.6374 1732.7475 2077.7269 1695.8224 2084.4522
461 0.0999 2156.9647 3869.5475 2192.3072 3837.5431 2230.9903 3880.2609 2195.6477999999997 3912.2653
461 0.0801 1895.469 3776.8703 1928.7734 3754.5374 1953.3437 3791.1783 1920.0393 3813.5112
461 0.0553 2101.531 3082.7421 2148.2232 3074.8148 2152.7463 3101.4559 2106.054 3109.3832
274 0.992 1814.9802 1923.9216000000001 1850.2486 1914.9107 1858.4796000000001 1947.1262 1823.2112 1956.1372000000001
274 0.9062 2325.0939 2465.1835 2348.0466 2467.353 2345.6183 2493.0427 2322.6656000000003 2490.8732
274 0.8917 1620.3613 1713.3696 1650.8939 1698.8719 1665.2047 1729.0109 1634.6721 1743.5086000000001
274 0.8685 1814.7822 888.1842 1850.3596 897.772 1842.4442 927.1438 1806.8668 917.556
274 0.867 1651.827 1584.7956 1684.4619 1569.0313999999998 1698.3236000000002 1597.728 1665.6888 1613.4921
274 0.8522 1927.0403000000001 2160.2948 1955.8319999999999 2141.0378 1972.5698 2166.0631 1943.7781 2185.3201
274 0.7319 1658.6859 1693.3688 1689.1177 1671.7972 1709.2993999999999 1700.2681 1678.8676 1721.8398
274 0.4689 1834.9247 1458.1199 1867.3926000000001 1438.2841 1884.6769 1466.5758 1852.2091 1486.4116
274 0.4041 1377.2618 1385.8366 1420.5742 1362.2276 1440.1001999999999 1398.0493999999999 1396.7879 1421.6584
274 0.3921 1827.2723 872.7823000000001 1858.0810999999999 858.8265 1870.7969 886.898 1839.9881 900.8538
274 0.1662 1534.0138 1654.1811 1561.2333 1636.0024 1579.5896 1663.4877999999999 1552.37 1681.6665
274 0.1587 1744.3595 1973.8887 1772.2313 1956.4470000000001 1790.0055 1984.8499000000002 1762.1336999999999 2002.2917
274 0.0922 1855.3334 1909.0621 1889.0149999999999 1891.5522 1902.8483 1918.1617 1869.1666 1935.6715
274 0.0861 2361.4814 2474.5001 2379.8531000000003 2490.9058 2365.343 2507.1548000000003 2346.9713 2490.7491
274 0.0755 1265.6659 1203.8473 1285.2195 1187.8151 1305.7344 1212.8361 1286.1808 1228.8683
434 0.6691 1979.5406 2880.6825 2031.6133 2883.9595 2027.0653 2956.2275 1974.9926 2952.9505
434 0.2992 1848.7397 3317.6422000000002 1922.9345 3321.3731 1919.3475 3392.706 1845.1526 3388.9751
434 0.1583 1099.0155 133.2969 1119.7816 149.9924 1099.1105 175.7034 1078.3444 159.0079
434 0.1337 1728.3867 2577.4709 1788.5756000000001 2581.2022 1783.7988 2658.2576 1723.6099 2654.5263
434 0.0637 1907.5894 2787.0341 1976.4773 2797.5261 1965.8023 2867.6152 1896.9144999999999 2857.1232
434 0.0582 1803.5031 1551.5766 1854.4090999999999 1523.0295 1887.5744 1582.171 1836.6684 1610.718
314 0.9891 1933.1315 3699.2336 1968.2750999999998 3728.2003 1938.7721999999999 3763.9946 1903.6285 3735.0280000000002
314 0.9765 530.4566 3013.8361999999997 571.9729 2980.1111 596.0196 3009.7131 554.5033 3043.4382
314 0.4436 2411.8148 3185.9376 2434.3713 3189.498 2431.9447 3204.8713 2409.3882 3201.3109
314 0.2772 3192.3878999999997 2044.4149 3228.8492 2057.394 3219.7901 2082.8431 3183.3288000000002 2069.8639
314 0.1271 2059.5505000000003 2950.7397 2109.9063 2976.2571 2089.8143 3015.9066000000003 2039.4584 2990.3893
314 0.1219 497.5392 3016.0582 555.9614 3012.7296 558.8373 3063.2077 500.4151 3066.5362
314 0.1076 2064.2095 2583.7878 2090.5207 2604.2123 2067.6144 2633.7205 2041.3032 2613.2960000000003
314 0.092 666.7416 2866.4512 703.6829 2831.7213 739.0759 2869.3677 702.1346 2904.0977000000003
314 0.0894 2386.9818999999998 2564.2879 2425.1227 2569.1687 2420.6282 2604.2901 2382.4874 2599.4092
314 0.0792 436.9608 2050.4588 475.166 2044.3814 479.4208 2071.1291 441.2157 2077.2064
314 0.0753 2903.8352 2500.0112 2948.0271000000002 2523.9854 2926.8778 2562.9701999999997 2882.6859 2538.996
314 0.0735 202.0794 2721.8585000000003 248.8238 2764.1405999999997 210.11 2806.94 163.3656 2764.6579
314 0.0684 2862.9267 2359.4912 2900.1593 2380.8254 2881.3976000000002 2413.5684 2844.1651 2392.2342
314 0.0681 295.2994 2972.1252 349.792 3006.6351 322.1808 3050.2341 267.6883 3015.7241
314 0.0602 2199.7513 3597.0370000000003 2226.2192 3616.9722 2197.2712 3655.4067 2170.8032 3635.4715
314 0.0556 494.3116 3096.2443 535.1865 3129.5531 503.1307 3168.8903 462.2558 3135.5814
457 0.9714 719.1477 1068.8426 802.9857 1066.492 804.7665 1130.0089 720.9285 1132.3594
457 0.2118 2022.3244 276.1235 2043.5224 294.5861 2027.0792999999999 313.4653 2005.8813 295.0027
457 0.1283 639.5575 1409.5783999999999 709.1536 1427.8567 690.5515 1498.6853999999998 620.9554 1480.4071
457 0.1277 2084.898 1030.789 2163.0805 1031.9399 2162.2306 1089.6728 2084.0481 1088.5219
457 0.103 1903.1794 267.2364 1937.8261 258.9048 1944.7547 287.7171 1910.108 296.0487
457 0.0732 2055.0195 2629.0685 2130.801 2624.1196 2135.1612 2690.8877 2059.3797 2695.8365
300 0.1584 1560.0728 1816.2217 1582.1974 1823.7266 1572.427 1852.53 1550.3025 1845.0251
300 0.1092 2743.1468 2584.9161 2764.1072 2600.8828 2740.0792 2632.4259 2719.1187 2616.4592000000002
300 0.0839 1300.2935 1756.0837 1316.8407 1763.1892 1307.9219 1783.9593 1291.3748 1776.8538
300 0.0833 1021.8663 1689.4112 1051.5657 1672.2793 1067.6439 1700.1522 1037.9445 1717.2841
300 0.0815 2417.1158 2544.8138 2433.9851 2549.4727 2428.1624 2570.5563 2411.2931 2565.8975
300 0.0813 1541.0679 1904.1136000000001 1556.1 1906.5945000000002 1552.5806 1927.9188 1537.5485 1925.4379
300 0.0752 2304.2756 2477.6822 2323.6318 2480.3304 2320.1321 2505.9106 2300.7759 2503.2623
300 0.0733 2607.1748 2512.8267 2632.3626 2524.2007 2619.8919 2551.8171 2594.7041 2540.4431
300 0.0615 2442.2408 2560.4647999999997 2457.4927 2566.0673 2450.2713 2585.7263000000003 2435.0194 2580.1237
300 0.0572 2634.3986999999997 2639.5543 2647.3908 2648.4116 2633.967 2668.1017 2620.9749 2659.2444
300 0.0544 2452.6784 2413.5331 2473.8575 2429.355 2456.1777 2453.0212 2434.9985 2437.1993
253 0.2024 1687.4879 2033.8412 1709.2529 2029.8644 1712.4939 2047.6021 1690.7289 2051.5789999999997
253 0.1711 1508.371 2081.5397000000003 1524.7972 2075.9007 1531.3467 2094.9789 1514.9204 2100.618
253 0.148 1483.0253 2090.3889 1500.0728 2096.959 1494.3438999999998 2111.8237 1477.2964 2105.2535
253 0.1443 1538.2055 2064.5966 1554.4189 2065.0546 1553.8322 2085.8214 1537.6189 2085.3634
253 0.0674 2017.9109 2058.7691999999997 2036.7133 2071.4683999999997 2019.8186 2096.4824 2001.0163 2083.7831
253 0.0505 1441.7791 2104.8624 1455.7893 2093.793 1468.4360000000001 2109.7997 1454.4258 2120.8691
394 0.9913 1067.453 1305.3145 1141.3875 1300.5733 1147.1475 1390.3957 1073.213 1395.1369
394 0.9837 1099.502 1508.9334 1167.6261 1501.4479999999999 1176.673 1583.7829000000002 1108.549 1591.2683
394 0.9807 1127.2392 1710.4015 1196.7362 1699.1836 1210.0958 1781.9487 1140.5988 1793.1666
394 0.9794 1005.376 950.5983 1073.1774 932.8751 1092.874 1008.2261 1025.0726 1025.9493
394 0.9762 978.1332 752.0121 1044.5223999999998 738.6636 1061.039 820.81 994.6498 834.1584
394 0.9665 1163.2194 1906.7033999999999 1231.3724 1900.5371 1238.9729 1984.5409 1170.8199 1990.7072
394 0.9643 1141.4787000000001 1811.999 1213.6777 1799.1696 1228.8066 1884.3092000000001 1156.6075 1897.1386
394 0.9624 938.8815 456.4538 1007.2197 450.0965 1014.8654 532.285 946.5273 538.6423
394 0.8843 669.675 73.8236 704.7554 63.3637 717.4345 105.8867 682.3541 116.3466
394 0.0581 663.2647 0.2683 698.1754 2.4914 696.7176 25.3848 661.8069 23.1617
184 0.0636 3117.1041 1330.2473 3228.8785 1351.1127000000001 3202.5008 1492.4164 3090.7264 1471.551
640 0.9934 1353.1718 1511.8179 1442.9313 1511.6961000000001 1443.0215 1578.1679 1353.2621 1578.2898
640 0.9802 1351.6608 1673.6751 1438.8475 1672.6695 1439.666 1743.6343 1352.4792 1744.6399000000001
640 0.9343 1243.2367 2355.7785 1329.3102 2359.0641 1326.8457 2423.6278 1240.7721999999999 2420.3423000000003
640 0.3407 1178.1680999999999 2559.0678 1207.2078999999999 2564.2695 1203.3969 2585.5456 1174.3571 2580.3439
640 0.1532 1264.9203 3077.8121 1341.4387000000002 3079.3404 1340.1354000000001 3144.592 1263.617 3143.0637
640 0.1469 1257.7044 1687.8758 1323.6567 1669.9299 1342.6722 1739.8129 1276.7197999999999 1757.7589
640 0.1251 2711.7833 2554.9477 2777.8947 2578.0602 2757.4773999999998 2636.4623 2691.3659 2613.3498
640 0.1098 1253.6439 1273.3565 1286.092 1277.0078 1281.7478999999998 1315.6115 1249.2999 1311.9601
640 0.0876 1065.1457 2831.8731 1142.542 2838.379 1135.1368 2926.4739 1057.7404999999999 2919.968
640 0.0549 2775.318 1421.0508 2803.7327 1432.4913999999999 2790.1119 1466.3211999999999 2761.6972 1454.8806
640 0.0503 2689.0923 2495.0831 2765.3943 2486.4879 2772.4178 2548.8381 2696.1159 2557.4333
178 0.9899 2976.7617 3297.4213 3039.1517 3284.2241 3049.886 3334.9707 2987.496 3348.1679
178 0.7715 2734.7313 2426.0175 2795.1084 2406.255 2816.3221 2471.0657 2755.9449 2490.8282
178 0.6932 2814.1118 2399.0735 2878.7227 2390.316 2887.5888 2455.7284 2822.9778 2464.4858
178 0.6115 3334.9283 1210.8292999999999 3392.6709 1242.4874 3367.526 1288.3503 3309.7834000000003 1256.6923000000002
178 0.5555 2693.4166 2426.8868 2743.4622 2461.9463 2709.2682999999997 2510.7562 2659.2228 2475.6967
178 0.2504 3360.9718 1188.0117 3418.1248 1165.5026 3441.2107 1224.1201999999998 3384.0578 1246.6293
178 0.1585 2780.6411 2758.1176 2838.8179 2739.3596 2855.6269 2791.4917 2797.4501 2810.2497
178 0.1072 2595.6584000000003 2775.7209000000003 2642.4053 2756.4643 2665.959 2813.6423 2619.2120999999997 2832.899
178 0.0858 2900.3179 3319.3571 2968.0589 3298.7838 2983.8381 3350.7392 2916.0969999999998 3371.3125
178 0.0754 3528.6843 4006.2838 3562.4905 3991.7865 3578.9745000000003 4030.2255 3545.1683000000003 4044.7228
178 0.0627 3502.3664 3963.2095 3536.0756 3980.0977000000003 3519.184 4013.8138 3485.4748 3996.9256
511 0.9345 2823.9298 804.323 2868.8415 806.2751000000001 2867.589 835.0922 2822.6773 833.1402
511 0.1647 3663.1681 1072.6893 3703.0162 1073.7069000000001 3701.7943 1121.5531999999998 3661.9462 1120.5355
511 0.0842 3694.0482 1761.6335 3719.3181 1782.3958 3697.5803 1808.853 3672.3104 1788.0908
511 0.0629 3684.4822 1606.8319999999999 3723.5464 1608.4452999999999 3722.1086 1643.26 3683.0443999999998 1641.6467
276 0.9926 3995.7209000000003 881.1622 4028.24 885.8397 4023.2201999999997 920.739 3990.701 916.0615
276 0.8742 2245.4873 1254.5588 2282.6111 1261.4708 2273.8878 1308.3231 2236.764 1301.4112
276 0.7471 1801.5865 499.3766 1829.8211999999999 495.6503 1834.4404 530.6501 1806.2057 534.3765
276 0.588 2192.1017 1390.1545 2249.4967 1394.5697 2244.2936 1462.2075 2186.8986 1457.7921999999999
276 0.5428 2292.7557 1217.2260999999999 2330.5094 1225.9722000000002 2317.4154 1282.4940000000001 2279.6617 1273.7478999999998
276 0.338 2215.1312 1515.2616 2240.968 1535.3201 2217.8175 1565.1395 2191.9807 1545.0810000000001
276 0.3119 2114.6624 1557.6393 2154.2873 1561.9984 2149.3885 1606.5295 2109.7636 1602.1705
276 0.2848 1983.8519999999999 1276.6093 2016.9699 1282.9239 2010.0233 1319.3563 1976.9054 1313.0417
276 0.272 2225.157 1350.96 2263.7402 1354.0556000000001 2260.1781 1398.4544 2221.5948 1395.3588
276 0.2496 1798.5972000000002 459.6914 1829.2338 456.3989 1832.7675 489.2796 1802.1309 492.5721
276 0.1821 2127.8281 1452.5981000000002 2162.4601 1462.7719 2154.255 1490.7026 2119.6229 1480.5289
276 0.0677 2000.1228 1241.7437 2017.3602 1254.3408 2002.3518 1274.8776 1985.1144 1262.2805
276 0.0506 2117.3447 1527.1114 2128.924 1526.7078999999999 2129.1724 1533.8384 2117.5931 1534.2419
337 0.9379 43.489 2988.8588 74.8571 2993.0 68.8465 3038.5285 37.4784 3034.3873
337 0.7055 2016.835 2596.999 2050.3303 2603.2623 2043.2053 2641.3665 2009.71 2635.1032
337 0.6158 95.4816 2967.9611 126.5169 2970.5739 123.1719 3010.3079 92.1366 3007.6952
337 0.6005 111.8667 2917.4555 159.3526 2922.2611 154.674 2968.4924 107.1881 2963.6868
337 0.5955 38.0055 3040.2281 70.576 3054.7149 52.1174 3096.2153 19.5469 3081.7286
337 0.4992 2329.1199 2116.2243 2347.8038 2115.018 2349.1752 2136.258 2330.4913 2137.4643
337 0.3512 20.0866 3086.5723 59.9043 3096.0308 48.257 3145.0629 8.4393 3135.6044
337 0.2992 2056.65 2601.4027 2078.5245 2599.8932 2080.3521 2626.3784 2058.4775 2627.8878
337 0.2021 2647.789 2000.9102 2666.2968 1999.2651 2667.7968 2016.1406 2649.2889 2017.7856000000002
337 0.1112 491.5275 3637.8701 509.0272 3651.0564 498.414 3665.1413000000002 480.9143 3651.955
337 0.0969 2665.5685 1992.8506 2684.2322 1983.9858 2696.4723 2009.7558 2677.8086 2018.6206
337 0.0899 668.076 3529.3789 692.5253 3530.6175 691.565 3549.5732 667.1157000000001 3548.3346
337 0.0598 2610.8353 2004.8625 2627.2006 2001.4886999999999 2631.2445 2021.1041 2614.8792 2024.478
337 0.0538 1582.2115 3686.8129 1599.2388 3692.4946 1589.7837 3720.8302 1572.7564 3715.1485000000002
410 0.9936 2556.4532 3655.3234 2616.0624 3667.9099 2599.7937 3744.9588 2540.1845 3732.3724
410 0.9922 2519.3528 3843.1895 2582.0596 3853.9034 2568.0966 3935.6263 2505.3898 3924.9124
410 0.9918 2569.946 3564.9589 2628.417 3571.006 2620.5558 3647.017 2562.0848 3640.9698
410 0.9916 2538.0735 3750.4259 2597.1262 3759.2405 2585.3645 3838.0364 2526.3118 3829.2217
410 0.9908 2581.1323 3457.9977 2656.1928 3467.8038 2644.207 3559.5483 2569.1465 3549.7422
410 0.9889 1976.7892 3148.226 2085.6767 3173.6627 2063.123 3270.2092000000002 1954.2354 3244.7725
410 0.9811 2383.0746 3623.9554 2435.085 3630.9526 2424.3178 3710.9858 2372.3074 3703.9886
410 0.6828 3697.3206 3562.241 3759.1249 3573.8932 3746.614 3640.2523 3684.8096 3628.6
410 0.0578 3602.55 4020.0173999999997 3667.735 4049.3816 3644.0079 4102.0527 3578.823 4072.6885
685 0.1058 3086.149 283.0985 3189.4831 302.098 3161.0712 456.6238 3057.7371 437.6243
685 0.1 2552.3742 531.1058 2608.018 506.4559 2635.0804 567.5455 2579.4366 592.1954000000001
685 0.0944 436.6848 3097.2587 571.5699 3086.3303 581.7211 3211.6216 446.836 3222.5501
685 0.0902 2555.6295 2044.358 2661.3361999999997 2113.9949 2585.8687 2228.5522 2480.162 2158.9154
685 0.0812 32.8866 2426.1096 140.8912 2455.2367 103.2885 2594.6687 -4.7161 2565.5415000000003
685 0.0716 2634.1105 1047.1999 2770.0651 1036.1286 2781.3396 1174.5796 2645.385 1185.6508
685 0.0694 696.2586 1584.7955 823.8797 1560.4028 845.7106 1674.6204 718.0895 1699.0131000000001
685 0.0681 2117.7214 1574.5009 2223.5955 1641.3883 2156.1411 1748.1599 2050.267 1681.2725
685 0.061 2707.3029 503.9514 2806.2108 585.0652 2726.9221 681.7475 2628.0143 600.6337
685 0.0517 1079.7565 1142.2581 1216.302 1204.3004 1163.7806 1319.8917000000001 1027.2352 1257.8494
418 0.9923 2192.8822 2143.3027 2225.5005 2144.7644 2223.5582 2188.1072 2190.9398 2186.6455
418 0.0896 1508.3904 1952.8116 1537.377 1961.0679 1528.2272 1993.1915 1499.2406 1984.9351000000001
418 0.0569 1502.9832999999999 1332.046 1532.8471 1335.0791 1529.4268 1368.7551 1499.5629 1365.7219
345 0.3216 1219.3264 1350.2305999999999 1288.4607999999998 1374.1402 1268.3682 1432.2376 1199.2338 1408.328
345 0.2997 1332.0603999999998 1381.7639 1399.6864 1419.0192 1366.7982 1478.7179999999998 1299.1722 1441.4625999999998
345 0.1447 1497.7503 1288.0883 1569.2692 1260.4924 1590.5298 1315.5927000000001 1519.0109 1343.1885
345 0.1162 1633.2874000000002 1534.1775 1681.6174 1508.5182 1708.7679 1559.6569 1660.4379 1585.3161
345 0.0926 734.1513 945.9172 755.2145 961.6504 733.5083 990.7103 712.4449999999999 974.9771
345 0.0889 1440.7091 1417.7259 1508.0448999999999 1455.7165 1474.6187 1514.9622 1407.2828 1476.9715999999999
345 0.063 2291.6375 1187.1790999999998 2305.2358 1191.8326 2299.6691 1208.0991 2286.0709 1203.4456
345 0.0609 625.9548 346.7664 654.8571 363.0359 634.4224 399.3376 605.52 383.0681
345 0.0608 1110.9516 873.2779 1178.4049 894.8105 1154.9526 968.2772 1087.4994 946.7446
345 0.0593 1600.3815 1311.4108999999999 1660.8302 1283.444 1693.1877 1353.3827 1632.739 1381.3496
507 0.8577 2298.0551 1468.2865 2349.1978 1468.6792 2348.9233 1504.4162000000001 2297.7807 1504.0235
507 0.7219 2308.0703 815.1631 2352.4904 816.5814 2351.4219 850.0455 2307.0019 848.6272
507 0.1949 3034.9712 1773.8072 3072.4067 1773.1172 3073.3091 1822.0806 3035.8737 1822.7705
507 0.1855 3062.4885 2374.6317 3097.5216 2391.8046 3076.5861999999997 2434.5133 3041.553 2417.3404
507 0.1443 3067.9426 2333.9439 3094.0528 2331.4396 3097.6198 2368.6288 3071.5096 2371.1331
507 0.1044 3069.543 2288.648 3093.4263 2285.7232 3098.1188 2324.0407999999998 3074.2355 2326.9657
507 0.0727 3066.6487 2442.3688 3097.9986 2465.0323 3070.8857 2502.5367 3039.5359 2479.8732
507 0.0671 2296.2128 1373.0023 2342.1836 1372.8752 2342.2928 1412.3801 2296.322 1412.5071
507 0.0529 3074.5172 945.133 3089.6591 945.0309 3089.7944 965.1016999999999 3074.6525 965.2037
678 0.9889 2755.0237 2278.1277 2815.8668 2277.869 2816.2232 2361.6952 2755.3801 2361.9539
678 0.9624 1297.5472 1586.7865000000002 1380.7177000000001 1590.1871 1378.1714 1652.4625999999998 1295.001 1649.0621
678 0.3457 1317.3579 2306.4638999999997 1388.3711 2305.0257 1389.7060000000001 2370.9389 1318.6928 2372.3771
678 0.3271 2990.3085 1992.2975999999999 3055.0031 1977.2993999999999 3068.2901 2034.6127000000001 3003.5955 2049.6109
678 0.3268 2751.4673000000003 1714.7903000000001 2813.5236999999997 1716.1563999999998 2812.1068999999998 1780.5149000000001 2750.0505000000003 1779.1487
678 0.1643 2754.2374 1558.9227 2811.6474 1561.6041 2808.915 1620.1055000000001 2751.5051 1617.4241
678 0.1379 1248.0748 1977.7889 1284.5466000000001 1972.7027 1288.2246 1999.077 1251.7528 2004.1632
678 0.0966 1233.6401 2128.7066 1304.9569000000001 2130.5668 1303.0695 2202.9222 1231.7528 2201.062
678 0.0945 1264.0417 2289.8238 1321.2311 2331.6286 1277.4389999999999 2391.5364 1220.2496 2349.7316
678 0.0763 2797.1783 3429.7261 2857.7177 3457.3206 2827.545 3523.5162 2767.0055 3495.9217
527 0.9967 2651.8376 1842.3741 2695.7643 1846.5472 2692.7647 1878.1223 2648.838 1873.9493
527 0.0907 3439.7877 2769.9572 3471.0272999999997 2743.6432999999997 3499.3174 2777.2290000000003 3468.0778 2803.5428
527 0.0758 2959.0335999999998 1891.3796 3013.8073 1904.0695 3003.4013999999997 1948.9841999999999 2948.6278 1936.2943
17 0.9988 2961.4813 3373.3894 3014.8471 3363.1227 3023.9564 3410.4726 2970.5906 3420.7393
17 0.9979 2479.2209 2253.5058 2527.6839 2227.3965 2555.7006 2279.3999 2507.2375 2305.5092
17 0.9979 2550.3294 2381.2149 2605.0223 2408.1418 2580.3743 2458.2058 2525.6815 2431.279
17 0.9976 2410.7053 2266.8495 2464.9605 2250.2222 2481.9811 2305.7605 2427.7259 2322.3878
17 0.993 2606.2383 2368.2169 2662.4191 2367.7587 2662.9157 2428.6483 2606.735 2429.1065
17 0.9926 2466.4061 2405.1572 2525.261 2420.6625 2510.89 2475.2115 2452.0351 2459.7062
17 0.991 2522.3921 2556.9052 2570.2196 2583.6274 2544.3653 2629.9013999999997 2496.5378 2603.1792
17 0.9821 2677.7976 2351.1973 2734.5164 2344.0870999999997 2740.9892 2395.7214 2684.2704 2402.8316
17 0.4968 2811.7886 3406.1456 2871.7643 3394.4648 2882.2264 3448.1833 2822.2507 3459.8641
662 0.1841 2023.8314 18.5025 2048.6868 25.2784 2036.8442 68.7194 2011.9888 61.9435
662 0.1508 2982.2095 438.318 3040.862 486.1638 2998.8059 537.7189 2940.1534 489.8732
662 0.1441 1981.7635 688.8269 2142.5673 711.6797 2124.7744000000002 836.8792 1963.9707 814.0264
662 0.1366 3060.4838 956.5095 3206.364 999.3796 3173.3526 1111.7121 3027.4724 1068.842
662 0.0723 1122.0062 2383.752 1163.8768 2359.9171 1182.4946 2392.623 1140.624 2416.4579
662 0.0576 2312.6877 -8.342 2442.4236 50.9845 2384.2666 178.1631 2254.5307000000003 118.8366
662 0.056 786.0726999999999 3404.6285 904.9033 3450.353 861.2370000000001 3563.8345 742.4064 3518.11
662 0.0512 2655.9472 8.9071 2817.6345 23.3939 2808.9485 120.3382 2647.2612 105.8514
467 0.0961 854.4081 1533.2418 922.4651 1566.0098 887.1159 1639.4279 819.0589 1606.6599
467 0.0757 744.1901 1535.7425 827.5521 1544.4392 822.6526 1591.4031 739.2906 1582.7065
467 0.0596 329.4991 966.3251 403.2271 966.7173 402.958 1017.3233 329.2299 1016.9312
676 0.1238 2190.9238 1070.2404999999999 2224.3415 1058.6005 2234.5591 1087.9347 2201.1414 1099.5747000000001
676 0.0879 3159.9557 1772.9091 3194.044 1781.0735 3186.4697 1812.6985 3152.3813 1804.5341
676 0.0633 3054.4179 1692.3522 3073.9379 1701.665 3061.3918 1727.9622 3041.8718 1718.6495
649 0.2203 3462.0206 2040.0719 3554.2395 2066.9273 3532.9657 2139.9797 3440.7467 2113.1243
649 0.0803 2058.6249 2567.4412 2085.8105 2562.7209 2089.8698 2586.1 2062.6843 2590.8203
649 0.0566 2655.2132 1224.2642 2678.6229 1234.7107 2664.5859 1266.1665 2641.1762 1255.72
649 0.0509 2056.3652 2717.0751 2082.591 2725.8856 2069.693 2764.2788 2043.4671 2755.4683
31 0.2032 2530.2977 1161.9106000000002 2555.526 1171.7924 2538.9042 1214.228 2513.6759 1204.3462
31 0.1172 2594.1582 554.6373 2630.5718 531.986 2648.2048 560.3322000000001 2611.7913 582.9836
31 0.0818 2666.4636 1027.628 2738.9758 1042.7688 2727.4805 1097.8218 2654.9683 1082.681
31 0.0747 2378.6589 1375.6348 2406.8455 1358.3029000000001 2425.288 1388.2953 2397.1014 1405.6273
31 0.0611 502.6884 2742.0129 533.9883 2770.1322 506.2437 2801.015 474.9438 2772.8956
31 0.0549 2182.2191 1262.4891 2249.4653 1273.1296 2239.329 1337.1891 2172.0828 1326.5484999999999
666 0.9922 3109.8814 3158.1373 3174.6508 3158.8932999999997 3173.6602000000003 3243.76 3108.8909 3243.004
666 0.1697 2942.5613 705.5429 2968.9969 709.2639 2964.3133 742.5381 2937.8777 738.817
666 0.1562 3105.9152 1636.0369 3137.6547 1630.5914 3144.1962 1668.719 3112.4566 1674.1644999999999
666 0.0691 3102.9528 2558.5526 3171.1429 2562.0988 3168.2556 2617.6202 3100.0654 2614.074
666 0.059 3291.2631 1489.1987 3326.6585 1484.8922 3332.3105 1531.3472 3296.9151 1535.6537
666 0.056 3101.4559 2880.4075000000003 3172.4103 2878.8345 3173.8496999999998 2943.7657 3102.8954 2945.3387000000002
666 0.0511 3134.4631 1350.6729 3205.9988 1354.6096 3202.3629 1420.6794 3130.8273 1416.7427
609 0.2299 1309.9407999999999 1470.3838 1397.0901 1495.871 1385.1372000000001 1536.7422 1297.9879 1511.255
609 0.1351 1483.6542 1267.4376 1540.7575000000002 1301.2089 1509.5677 1353.9470999999999 1452.4644 1320.1757
609 0.0983 2629.3903 1535.549 2707.0673 1549.3529 2698.0183 1600.2729 2620.3414 1586.4691
609 0.0763 2043.1153 769.8231000000001 2069.1974 753.4571 2092.2344 790.1707 2066.1523 806.5367
609 0.0738 1980.6142 194.4202 2035.9548 210.3707 2017.7237 273.6241 1962.3831 257.6736
609 0.0736 1928.3672000000001 506.7306 1992.3292000000001 526.6335 1974.0148 585.4906 1910.0528 565.5877
609 0.0716 1541.6531 1208.845 1574.9399 1209.0949 1574.5038 1267.1736 1541.217 1266.9236
609 0.0606 1620.2831 1455.2549 1643.9766 1477.2156 1623.6348 1499.1625 1599.9412 1477.2018
609 0.0564 1302.3877 3524.0960999999998 1365.0839 3534.791 1352.7658000000001 3607.0024 1290.0696 3596.3074
609 0.0528 2071.1005 1840.7725 2089.7835 1856.1795 2071.9234 1877.8373000000001 2053.2403 1862.4303
583 0.0717 1527.452 2214.8721 1567.209 2202.1232 1582.5285 2249.8965 1542.7715 2262.6454
583 0.0618 1983.6325000000002 1526.9069 2044.3991999999998 1559.7243 2007.1761000000001 1628.6488 1946.4094 1595.8314
583 0.052 1757.1226 2051.9916 1833.5603 2065.708 1822.7398 2126.0077 1746.3020999999999 2112.2913
655 0.131 762.0071 1556.7004 899.1129 1575.559 882.618 1695.4798 745.5123 1676.6212
655 0.118 1229.5641 552.6004 1290.2943 508.2389 1334.1581 568.2877 1273.4279000000001 612.6492
655 0.1126 521.5817 2880.6094000000003 579.4562 2883.1684999999998 576.1659 2957.5795 518.2915 2955.0204
655 0.1034 226.7461 3086.8518 369.1579 3100.5311 356.7424 3229.7859 214.3306 3216.1066
655 0.0801 396.6159 3164.6761 456.6891 3205.6768 410.2924 3273.6562 350.2191 3232.6555
655 0.0625 1078.4871 925.7013999999999 1189.6406 988.8799 1131.0844 1091.9011 1019.9309 1028.7226
655 0.0532 500.7191 2705.5401 594.5538 2691.5999 613.9012 2821.8318 520.0664 2835.772
655 0.0517 563.179 2090.4099 651.4009 2021.4808 729.4371 2121.3586999999998 641.2152 2190.2879
655 0.0514 782.1799 534.1464 917.1824 548.5872 905.8881 654.1746 770.8856 639.7338
364 0.9935 1461.5659 2536.555 1623.2383 2486.9008 1683.8595 2684.282 1522.1871 2733.936
364 0.9805 1286.2592 2057.7173000000003 1460.2122 2039.1618 1475.7346 2184.6794 1301.7816 2203.235
364 0.4543 1273.4572 1893.6877 1443.0754 1887.8436 1448.2103 2036.878 1278.592 2042.7221
30 0.4679 3481.1718 2619.0093 3510.6589 2593.6716 3537.3352999999997 2624.7165999999997 3507.8482 2650.0544
30 0.3396 2131.6004 3673.2142 2176.2646 3697.6193 2153.0406 3740.1218 2108.3764 3715.7165999999997
30 0.332 2393.3022 3330.452 2423.284 3309.3054 2441.2434 3334.7682999999997 2411.2616 3355.915
30 0.2322 3125.9924 2970.8737 3156.5315 2945.173 3180.7146000000002 2973.9088 3150.1755000000003 2999.6094
30 0.2152 2420.2589 3362.3671 2448.1474 3346.4055 2463.2593 3372.8091 2435.3707 3388.7708000000002
30 0.1202 2301.3607 3333.9491 2324.752 3356.7639 2299.0537 3383.1116 2275.6624 3360.2968
30 0.1194 2299.2835999999998 3392.0874 2328.7966 3370.1627 2346.6149 3394.1481 2317.102 3416.0728
30 0.1182 3442.5226000000002 2539.3141 3484.1785 2532.5523 3490.6666999999998 2572.5226000000002 3449.0108 2579.2844
30 0.1098 3215.8499 2791.8105 3255.4157 2784.584 3262.8149 2825.0951 3223.2491 2832.3216
30 0.1041 2236.8887999999997 3486.7758 2266.6232 3467.9717 2283.4869 3494.6378999999997 2253.7525 3513.442
30 0.0773 3041.0885 2818.1757 3082.2048 2818.5163000000002 3081.8779 2857.9802 3040.7616 2857.6396
30 0.0731 2186.3905999999997 3416.489 2214.0524 3394.6838 2234.0602 3420.0656 2206.3984 3441.8708
30 0.0727 2224.055 3432.0012 2257.8768 3442.4 2246.8328 3478.3206 2213.0109 3467.9218
30 0.0519 3170.0984 2736.693 3203.7198 2714.1971 3227.6117 2749.9049999999997 3193.9902 2772.4009
390 0.0553 81.8391 1388.3892 151.037 1377.3432 160.0702 1433.9317 90.8723 1444.9777
683 0.0645 746.889 538.8832 893.6151 535.4319 897.0383 680.9662 750.3122 684.4174
683 0.0576 52.1708 1696.8385 187.9642 1743.5174 145.0769 1868.2809 9.2834 1821.6019999999999
37 0.0967 612.6855 2353.4996 644.9437 2341.3605 656.2831 2371.4938 624.025 2383.6329
419 0.1867 1328.1836 3353.0097 1346.5188 3353.3095 1346.1613 3375.1736 1327.826 3374.8738
419 0.0588 1360.8799 3350.6753 1375.8613 3351.6353 1374.5908 3371.4634 1359.6094 3370.5034
419 0.0574 1419.9784 3417.9496 1455.1405 3421.5299999999997 1451.6163999999999 3456.139 1416.4542999999999 3452.5586
691 0.1065 2933.5155 508.4595 2989.0338 548.7596 2952.3453 599.3025 2896.827 559.0023
691 0.0708 2688.3028 1569.9776 2820.7637 1553.1127 2836.9655000000002 1680.3656 2704.5047 1697.2306
691 0.0706 3084.2139 313.7847 3199.2899 268.0698 3251.3042 399.003 3136.2282 444.7178
357 0.9952 2931.6237 2601.6449 3073.2213 2595.5601 3079.4893 2741.417 2937.8914999999997 2747.5018
240 0.0602 2474.5095 1235.1444000000001 2496.4349 1249.9034000000001 2480.5308 1273.53 2458.6053 1258.771
674 0.9724 2655.3068 14.5093 2722.6709 13.6946 2723.7017 98.9183 2656.3376 99.7331
674 0.1015 1305.8483 -1.4278 1378.2646 2.3914 1374.8181 67.7428 1302.4017 63.9236
674 0.0876 2699.8856 1029.5205 2768.8885 1044.7066 2753.8575 1113.0044 2684.8547 1097.8183
674 0.0629 2682.8885 948.0825 2758.7259 950.0425 2756.9667 1018.1096 2681.1293 1016.1496
674 0.0615 1132.7711 2.8438 1211.1269 5.6809 1208.8818999999999 67.6846 1130.5261 64.8475
674 0.0582 1226.4353 0.9554 1299.0457000000001 11.9145 1290.1557 70.8155 1217.5454 59.8563
128 0.1587 2565.5659 1126.3815 2596.5703 1104.5475 2625.5825 1145.745 2594.5781 1167.579
128 0.0669 3044.8788 677.6465 3079.8 656.1888 3104.5084 696.4003 3069.5872 717.858
128 0.0527 3177.1031000000003 592.5796 3206.5475 563.4734 3237.0861 594.3668 3207.6417 623.473
360 0.9988 1206.7618 2263.9705 1270.199 2272.6483 1259.248 2352.7039999999997 1195.8109 2344.0263
360 0.9973 1061.2846 2140.3362 1120.385 2151.2237 1106.7852 2225.0478 1047.6848 2214.1604
360 0.9968 1025.0074 2327.7023 1084.5423 2336.3615 1072.9802 2415.8544 1013.4454000000001 2407.1952
360 0.9956 1246.2639 2075.2298 1307.3375 2083.5681 1296.3581 2163.9871000000003 1235.2844 2155.6489
18 0.9988 913.4814 1325.3894 966.8472 1315.1228999999998 975.9564 1362.4727 922.5906 1372.7392
18 0.9979 431.2209 205.5058 479.6839 179.3965 507.7006 231.3999 459.2375 257.5092
18 0.9979 502.3294 333.2149 557.0223 360.1418 532.3743 410.2058 477.6815 383.279
18 0.9976 362.7029 218.8533 416.9577 202.2201 433.9839 257.7565 379.729 274.3898
18 0.993 558.238 320.2173 614.4188 319.7585 614.9161 380.6479 558.7354 381.1068
18 0.9926 418.4061 357.1572 477.261 372.6625 462.89 427.2115 404.0351 411.7062
18 0.991 474.3921 508.9052 522.2196 535.6274 496.3653 581.9014 448.5378 555.1792
18 0.9821 629.7976 303.1973 686.5164 296.0871 692.9892 347.7214 636.2704 354.8316
18 0.4968 763.7886 1358.1456 823.7643 1346.4648 834.2264 1400.1833 774.2507 1411.8641
87 0.5943 2417.3068 627.2545 2474.3822 617.3389 2484.3517 674.7244000000001 2427.2762000000002 684.64
87 0.2646 322.3494 1857.3604 347.1973 1871.6525 330.2321 1901.1477 305.3842 1886.8555999999999
87 0.1951 179.8845 2000.8020000000001 210.9825 1987.2426 223.6136 2016.2113 192.5156 2029.7708
87 0.0857 2265.8878999999997 790.1104 2311.8813 746.3857 2359.0286 795.9793 2313.0352000000003 839.704
87 0.0634 382.4208 2200.7922 415.175 2232.8475 385.8303 2262.832 353.0761 2230.7767
87 0.0516 1171.346 1127.3359 1221.5153 1117.355 1228.6507000000001 1153.2212 1178.4814000000001 1163.2021
596 0.1365 525.4864 3287.7392 576.5518 3295.028 565.1438 3374.9525 514.0784 3367.6637
596 0.0961 1533.6151 602.0529 1579.1727 599.0414 1583.2842 661.2391 1537.7265 664.2505
596 0.0911 1491.999 647.5624 1548.8651 666.5924 1522.7033999999999 744.7698 1465.8372 725.7398000000001
596 0.0764 974.3349 1783.7224 1025.6235 1780.4924999999998 1030.1724 1852.7253 978.8837 1855.9551000000001
596 0.062 1681.3899000000001 22.9762 1741.1658 52.7379 1704.2055 126.9722 1644.4295 97.2105
596 0.0603 1028.4984 1953.0012000000002 1074.8117 1957.0427 1069.0644 2022.9026 1022.7511 2018.8611
596 0.0557 344.3391 1051.084 418.5244 1023.4323 441.813 1085.912 367.6277 1113.5638
596 0.0524 1431.8649 1022.6814 1514.9705 1039.2322 1502.933 1099.6751 1419.8274999999999 1083.1244
245 0.1284 2224.7608 2312.5788000000002 2236.8364 2324.2181 2223.7954 2337.7481 2211.7197 2326.1088
245 0.0625 2223.9612 2353.5539 2237.7397 2343.2661 2246.1165 2354.4853 2232.338 2364.773
399 0.0971 2388.5468 1091.6201 2460.4779 1099.5922 2454.3379 1154.9919 2382.4069 1147.0199
399 0.0916 2459.5392 1124.7368 2487.0283 1108.9811 2497.7304 1127.6532 2470.2413 1143.4089
576 0.1104 539.1958 530.0204 610.7855 581.6571 571.6844 635.8672 500.0948 584.2305
576 0.0729 801.1623 520.8521 876.7987 522.7591 875.1320000000001 588.8621 799.4956999999999 586.9551
10 0.9959 905.8371999999999 2921.6968 988.0693 2915.5704 994.3093 2999.3279 912.0772 3005.4543
10 0.9931 372.5789 363.1553 530.5974 334.7019 557.8624 486.1204 399.8438 514.5737
10 0.9922 936.0362 3124.2592 1014.2545 3113.1815 1026.2783 3198.0798 948.06 3209.1575000000003
10 0.9908 979.5244 3426.625 1057.6826 3415.5071 1069.3999 3497.8794 991.2418 3508.9973
10 0.9889 968.8031 3327.076 1045.9865 3316.2245 1057.8735000000001 3400.7729 980.6902 3411.6245
10 0.9886 824.2642000000001 2370.6891 897.7649 2359.1802 910.3342 2439.4531 836.8334 2450.962
10 0.9885 839.1169 2462.0561 915.7194 2451.6917 927.2620999999999 2537.0023 850.6596 2547.3668
10 0.9875 621.261 2599.1069 687.4836 2588.2936 701.5397 2674.3754 635.3171 2685.1887
10 0.9869 951.2246 3225.5705 1025.7896 3211.8887 1040.6688 3292.9798 966.1039000000001 3306.6616
10 0.9855 920.5983 3027.6697 998.1717 3015.1693 1010.8665 3093.9491 933.2931 3106.4494999999997
10 0.9849 852.4394 2566.9119 928.1511 2554.8537 941.2372 2637.0185 865.5254 2649.0768
10 0.9827 809.6287 2266.6785 886.7797 2257.0231 897.3203 2341.2486 820.1693 2350.9039000000002
10 0.9796 873.1942 2662.6561 948.6006 2657.1351 954.4726 2737.3357 879.0662 2742.8567000000003
10 0.9738 997.951 3529.3944 1073.1963 3515.6076 1087.7413000000001 3594.9909 1012.4961000000001 3608.7778
10 0.0639 975.0954 2942.0827 1020.2612 2929.0154 1036.7996 2986.1783 991.6338 2999.2456
10 0.0622 2950.6331 2074.733 2989.1838 2040.449 3046.599 2105.0096 3008.0482 2139.2936
401 0.1021 2264.4777 3476.7549 2331.229 3523.6895 2289.1307 3583.5625 2222.3794 3536.6278
401 0.0588 2159.0005 3850.5656 2240.649 3838.446 2251.7986 3913.5609 2170.1502 3925.6804
401 0.0514 2498.2880999999998 3353.0196 2549.8331 3350.5396 2554.1879 3441.0542 2502.6429 3443.5341
304 0.5986 2722.9468 2351.2957 2745.5575 2347.5148 2749.8079 2372.9333 2727.1972 2376.7142
304 0.432 3506.1634 2765.2993 3577.0499 2746.0592 3594.1382 2809.0178 3523.2518 2828.2579
304 0.1703 3026.7422 3219.2511 3055.9975 3232.2819 3041.1407 3265.6367 3011.8854 3252.6059999999998
304 0.0905 1026.0878 3663.6704 1043.2109 3663.0366 1044.3679 3694.2924000000003 1027.2448 3694.9262
74 0.5054 1537.7067 3738.1238 1560.4784 3733.9127 1567.3097 3770.8536 1544.5381 3775.0647
74 0.2175 1832.2491 3630.2331 1861.1721 3603.1137 1891.1805 3635.1179 1862.2574 3662.2372
74 0.103 1696.8756 3714.7822 1732.6255 3694.2769 1756.1136 3735.2269 1720.3636999999999 3755.7323
74 0.071 1791.9449 3563.7864 1824.1069 3540.0165 1850.6462000000001 3575.9256 1818.4841999999999 3599.6955
74 0.0533 1573.3772 3799.3460999999998 1614.0124 3797.6017 1615.5637 3833.741 1574.9285 3835.4853000000003
290 0.2063 1444.8268 3263.3042 1472.2345 3280.4827 1456.0535 3306.2988 1428.6458 3289.1203
290 0.0812 1815.9153999999999 3202.0144 1837.2289 3191.2878 1849.7067 3216.0811 1828.3932 3226.8076
290 0.0694 1457.1694 3114.2811 1482.9567 3125.895 1473.4066 3147.1 1447.6192999999998 3135.4861
290 0.0619 1454.3462 3169.9966 1476.8472000000002 3177.8227 1470.1875 3196.9703 1447.6865 3189.1441
408 0.9899 928.7617 1249.4213 991.1517 1236.2241 1001.886 1286.9707 939.496 1300.1679
408 0.7644 686.7431 378.0244 747.1322 358.2969 768.3016 423.1003 707.9125 442.8277
408 0.6905 766.1317 351.0685 830.7478 342.3362 839.5868 407.7412 774.9707 416.4736
408 0.5472 645.2269 378.8991 695.5768 413.8369 661.5348 462.8959 611.1849 427.9581
408 0.1585 732.6411 710.1176 790.8178 691.3596 807.6269 743.4917 749.4502 762.2497
408 0.1072 547.6584 727.7209 594.4053 708.4643 617.959 765.6423 571.2121 784.899
408 0.0858 852.3179 1271.3571 920.0589 1250.7838000000002 935.8380999999999 1302.7392 868.097 1323.3125
408 0.0754 1480.6843 1958.2838000000002 1514.4904999999999 1943.7865000000002 1530.9745 1982.2255 1497.1683 1996.7228
408 0.0627 1454.3663999999999 1915.2095 1488.0756000000001 1932.0977 1471.184 1965.8138 1437.4748 1948.9256
248 0.0725 2454.7021999999997 2293.9291 2466.9547000000002 2281.7144 2476.9887 2291.7793 2464.7362000000003 2303.9941
376 0.9884 2730.9324 3356.3029 2799.3878999999997 3349.1988 2807.8853 3431.0804 2739.4298 3438.1845
376 0.9872 2744.8154 3458.1099 2815.1835 3449.4535 2825.103 3530.0883 2754.7349 3538.7448
376 0.9855 2803.7275 3848.1307 2872.5649 3836.3611 2886.8093 3919.6733 2817.9719 3931.4429
376 0.9567 2819.944 3951.2307 2892.3113 3938.9935 2905.5178 4017.0929 2833.1504999999997 4029.3301
376 0.8578 2437.9514 2804.8398 2476.2906 2804.4634 2476.669 2842.997 2438.3298 2843.3735
509 0.376 2147.373 997.3158000000001 2186.5708 997.9182000000001 2185.844 1045.2174 2146.6461 1044.6151
509 0.1302 2043.4254 1336.854 2120.9688 1338.2485 2120.001 1392.058 2042.4576 1390.6634
509 0.0712 2037.6254 1422.9748 2123.4562 1441.1793 2111.8074 1496.1015 2025.9766 1477.897
509 0.0648 2071.9262 586.2201 2112.8666 585.5189 2113.5118 623.1813999999999 2072.5713 623.8827
645 0.0686 2193.7204 1542.9721 2268.4326 1543.1066 2268.3234 1603.7754 2193.6112 1603.6409
645 0.0633 508.8506 850.5789 617.9768 820.3492 655.2348 954.8467 546.1086 985.0765
645 0.0559 1009.4281 2659.975 1118.2849 2626.5654 1161.6145999999999 2767.7443 1052.7579 2801.1539
645 0.052 944.5786 -1.5586 1088.4126999999999 38.3162 1055.9296 155.4868 912.0956 115.612
454 0.8712 972.6727000000001 1332.4655 1052.3647 1329.8133 1055.7193 1430.6071 976.0273 1433.2594
444 0.0821 876.1057000000001 262.875 908.5911 264.3538 907.6005 286.1146 875.1151 284.6358
444 0.0771 1075.1159 432.3055 1145.6265 430.8948 1146.9169 495.3918 1076.4063 496.8026
444 0.0568 2448.3919 2046.9622 2508.0316000000003 2063.4258 2499.0614 2095.9208 2439.4217 2079.4572
46 0.1179 1353.2329 348.9871 1393.7126 325.3817 1436.6084 398.9417 1396.1288 422.547
686 0.3223 2876.9872 2561.7325 2962.8992 2646.7846 2874.6859 2735.8898 2788.7739 2650.8378
686 0.2724 2681.5913 2505.6629 2795.9972 2545.1297 2757.2647 2657.407 2642.8588 2617.9402
654 0.9775 1762.098 372.8699 1846.5484000000001 377.7988 1842.9542999999999 439.3798 1758.5038 434.4508
654 0.9682 1664.8049 372.7808 1746.8824 370.2422 1748.9868 438.2836 1666.9093 440.8221
654 0.5526 1721.4479000000001 707.4028 1780.2011 758.6548 1728.9485 817.4086 1670.1953 766.1566
654 0.0552 1599.8325 722.8334 1679.5913 732.2559 1671.0839 804.2685 1591.3251 794.846
382 0.9953 1953.7057 2538.0401 2020.6696 2545.8751 2010.4732 2633.0215 1943.5093 2625.1866
382 0.9951 1938.1174 2641.2982 2000.5688 2652.5283 1987.2532 2726.5771999999997 1924.8018 2715.3469999999998
382 0.9946 1915.593 2736.2484 1978.7703999999999 2741.5702 1972.0737 2821.0689 1908.8962000000001 2815.7471
382 0.9932 1994.1607 2351.8818 2057.0809 2360.6038 2045.5023 2444.1314 1982.5821 2435.4094
382 0.9878 1770.0628 2606.8098 1831.5497 2614.9301 1820.2051999999999 2700.8289999999997 1758.7184 2692.7087
382 0.8634 2013.6619 2262.7123 2069.1735 2267.8549 2061.9313 2346.0298000000003 2006.4197 2340.8871
382 0.1813 3216.8859 2788.7491 3275.9501 2788.929 3275.7419 2857.2796 3216.6777 2857.0996999999998
382 0.1613 3014.0922 2824.7898999999998 3068.6924 2828.0235000000002 3064.9573 2891.092 3010.3571 2887.8583
382 0.1442 2992.7729 2970.5969 3053.4906 2969.4816 3054.6293 3031.4708 2993.9116 3032.5861999999997
382 0.0999 2193.5748 2942.1852 2218.3098 2949.2365 2208.4039 2983.985 2183.6689 2976.9338
382 0.0943 3186.4066 2924.5839 3248.0319 2937.5367 3234.7383 3000.7831 3173.113 2987.8302
298 0.0656 1019.2729 2682.7448 1026.5653 2682.2363 1027.1661 2690.8525 1019.8737 2691.361
196 0.0733 3503.6726 1231.3204 3567.7798000000003 1213.4764 3582.4823 1266.2971 3518.3751 1284.1411
679 0.0514 2907.7989 2133.6168 2947.2072 2123.497 2960.5888999999997 2175.6079 2921.1806 2185.7277
639 0.3339 3802.2257 685.4954 3829.0932000000003 689.5967 3824.1281 722.1234 3797.2606 718.022
639 0.0748 1598.2059 1026.5507 1640.9603 1033.939 1636.0341 1062.446 1593.2797 1055.0577
620 0.051 3399.1892 3583.6684999999998 3411.2433 3585.0362999999998 3409.2903 3602.2478 3397.2361 3600.8799
598 0.059 862.5204 3683.6394 884.0301999999999 3683.1277 884.7582 3713.7268 863.2484 3714.2385
