23 0.1864 1087.7767 2197.8303 1133.5990000000002 2165.9725 1167.333 2214.4934 1121.5107 2246.3512
23 0.1335 1403.0193 2731.3968999999997 1465.2701 2712.4172 1479.8890000000001 2760.3649 1417.6381999999999 2779.3447
23 0.1182 1389.6751 2301.1062 1453.4138 2283.246 1468.2158 2336.0707 1404.4771 2353.9309
23 0.1044 1475.5916 2715.8413 1523.2532999999999 2695.9098 1542.8309 2742.7254 1495.1693 2762.6569
23 0.0823 1297.1928 2489.849 1318.3355000000001 2485.2596 1323.8776 2510.7909 1302.7348 2515.3803
23 0.0672 1137.3523 2058.9533 1170.7196 2050.4712 1178.3564000000001 2080.5133 1144.9891 2088.9954
23 0.0651 1184.6544 837.4419 1260.5990000000002 791.6279 1294.9054999999998 848.4970000000001 1218.9609 894.3109
23 0.0613 1064.6026 1713.3784 1121.1638 1724.7444 1108.0116 1790.1941 1051.4504 1778.8281
23 0.0576 2042.2598 3407.9422 2078.2933000000003 3422.4 2064.6453 3456.4152 2028.6118000000001 3441.9574000000002
23 0.0559 1264.9379 2335.6795 1313.9233 2326.7300999999998 1323.6032 2379.7138999999997 1274.6179 2388.6633
23 0.0502 1457.4655 2102.1617 1513.8366999999998 2132.5235 1488.3708000000001 2179.8049 1431.9996 2149.4431
344 0.6553 71.0133 667.5906 99.9567 668.4155 99.0498 700.2366 70.1064 699.4118
344 0.128 832.3544 1290.1906 843.8549 1296.8754 838.8585 1305.4712 827.358 1298.7863
297 0.9669 2648.112 1478.2741 2660.8367 1484.114 2652.6755 1501.8965 2639.9508 1496.0566
297 0.9644 2069.0559 1777.7086 2079.324 1784.1875 2071.81 1796.096 2061.542 1789.6171
297 0.6826 2759.2068 1775.1453000000001 2769.2856 1779.8474999999999 2761.3522 1796.8523 2751.2733 1792.1500999999998
297 0.4858 2009.4822 2976.1018 2048.9265 2955.3519 2063.9786 2983.9652 2024.5343 3004.7151
297 0.4097 2226.4216 1725.6069 2233.0869000000002 1727.9877999999999 2229.536 1737.9279999999999 2222.8708 1735.5471
297 0.1431 2298.369 1752.9079 2305.0986000000003 1752.6545 2305.4384 1761.6772 2298.7087 1761.9306
297 0.1039 2384.7798000000003 1777.0845 2397.2641 1777.6435 2396.5025 1794.6534 2384.0182 1794.0944
297 0.0644 2591.552 1410.4085 2597.8845 1412.7078000000001 2595.2064 1420.0839999999998 2588.8738 1417.7848
297 0.0522 2359.2999 1177.1661 2367.5774 1181.5622 2362.3898 1191.3301999999999 2354.1122 1186.9341
341 0.1932 1198.4692 2494.9719 1207.8463 2496.8912 1205.1207 2510.2071 1195.7437 2508.2878
341 0.0848 519.6545 2109.4149 528.6776 2109.1865 529.0124 2122.4097 519.9893 2122.6382
341 0.0765 376.3135 546.0325 395.9315 561.8575 378.7788 583.1214 359.1608 567.2964
341 0.0736 372.9622 2032.8517000000002 394.1023 2031.8755 394.787 2046.7009 373.6468 2047.6770999999999
341 0.0629 973.2941 2488.5303 983.3644 2484.4547000000002 986.6282 2492.5187 976.5579 2496.5944
341 0.0526 976.8814 2501.6812 984.7381 2500.2557 986.6013 2510.5245 978.7446 2511.95
470 0.1725 1687.6608999999999 263.1013 1726.6372000000001 259.9558 1728.9781 288.9636 1690.0018 292.109
470 0.0791 520.8234 1415.8065000000001 581.6831 1423.3415 572.5587 1497.0384 511.699 1489.5034
470 0.074 519.7118 2460.9288 573.6188999999999 2468.2943999999998 564.5916 2534.3631 510.6844 2526.9974
470 0.07 1872.7766000000001 1027.8397 1946.3256000000001 1029.8247 1944.6795 1090.8179 1871.1304 1088.8328999999999
470 0.0696 522.3473 2640.1423 579.605 2645.3246 573.61 2711.5615 516.3523 2706.3792
470 0.0655 514.4994 2818.5204 581.0024 2815.1993 584.5854 2886.9464 518.0824 2890.2675
470 0.0613 496.6922 2122.5028 538.6608 2091.2577 577.7682 2143.7871 535.7996 2175.0322
446 0.9972 3274.3394 2323.6944 3295.3556 2328.1374 3288.9755 2358.3164 3267.9592000000002 2353.8734
446 0.9903 3392.6945 158.1984 3413.2044 172.7387 3394.8439 198.6372 3374.334 184.097
446 0.9877 3404.192 2410.871 3426.2816000000003 2406.3922000000002 3432.1842 2435.5035 3410.0946 2439.9824
446 0.9772 2886.5883 2117.7586 2908.1936 2124.1268 2899.1134 2154.9327 2877.5081 2148.5645
446 0.8455 2736.8939 524.7451 2764.3293 538.3405 2753.3379 560.521 2725.9025 546.9256
446 0.6545 1657.4542999999999 2832.182 1676.0355 2829.9704 1679.183 2856.4148 1660.6019000000001 2858.6264
446 0.4845 3601.245 252.9413 3625.7083000000002 242.7328 3633.7374 261.9734 3609.2741 272.182
446 0.4059 3609.8993 2077.2957 3638.8721 2089.3645 3627.8132 2115.9128 3598.8404 2103.844
446 0.3922 2940.7057 88.4654 2968.1377 73.5304 2979.3274 94.0833 2951.8954 109.0182
446 0.2761 3691.2237999999998 1737.8641 3704.6204 1744.5855999999999 3698.4659 1756.8522 3685.0693 1750.1306
446 0.2743 3648.4658 1617.3228 3672.42 1595.4101 3691.9052 1616.7105999999999 3667.951 1638.6232
446 0.2524 3659.6763 2383.6205 3690.2189 2402.2664 3673.6251 2429.4475 3643.0825 2410.8015
446 0.174 2284.8334 1964.1049 2303.5122 1973.0626 2290.818 1999.5329000000002 2272.1392 1990.5752
446 0.1193 2703.4491 1686.8980999999999 2714.0521 1684.2758 2716.0041 1692.1688 2705.4011 1694.7911
446 0.0972 2729.8831 2042.9893 2737.7332 2044.8048 2734.6567 2058.1068 2726.8066 2056.2913
446 0.0829 3557.411 2318.8568 3565.0344 2323.8717 3557.7661 2334.9206 3550.1426 2329.9056
446 0.0573 2979.7487 611.9032 3008.6130000000003 622.3606 2997.0935 654.1564 2968.2291999999998 643.699
446 0.0557 2882.5376 2115.8714 2891.2583 2121.8993 2881.3615 2136.2173 2872.6407 2130.1895
94 0.2824 1664.3002000000001 480.2104 1736.5845 426.0138 1793.4538 501.8628 1721.1696 556.0593
94 0.1179 508.775 1408.6368 573.8028 1383.1667 602.105 1455.4255 537.0772 1480.8955
94 0.112 1348.5715 37.3512 1394.1044000000002 74.7278 1348.7129 130.0247 1303.1799999999998 92.6482
94 0.1044 1449.8332 617.1995 1521.0815 606.3501 1532.8133 683.3937 1461.565 694.2431
94 0.1042 851.7809 504.7342 890.1315 492.2195 900.7079 524.63 862.3571999999999 537.1447
94 0.1026 1864.0381 5.5583 1950.2068 -1.1562 1956.1516 75.1359 1869.983 81.8504
94 0.0923 898.1448 933.3528 958.7454 992.3203 911.3971 1040.9799 850.7964 982.0124
94 0.0853 1032.5256 51.8617 1049.381 56.0727 1041.8034 86.4045 1024.9479 82.1936
94 0.0742 1688.036 914.5906 1757.6805 854.1697 1819.0189 924.8718 1749.3745 985.2927
94 0.0735 2133.7134 8.1087 2194.1083 29.2264 2168.8668 101.4147 2108.4719 80.297
94 0.0723 569.4066 957.3547 649.4241 961.9835 645.5867000000001 1028.321 565.5692 1023.6923
94 0.0537 523.5961 1162.6915 595.1332 1168.5477 588.2973 1252.0515 516.7602 1246.1952999999999
681 0.089 1327.8573999999999 2590.3873 1412.0229 2592.727 1410.2276000000002 2657.3104 1326.0621 2654.9708
681 0.0886 2810.4965 1964.2362 2841.5607 1947.9180000000001 2857.7297 1978.6982 2826.6656 1995.0164
681 0.0501 2709.6557 2558.884 2770.5389 2586.4396 2744.9889 2642.8915 2684.1057 2615.3359
392 0.1645 2048.8781 960.7090000000001 2075.6216 950.2597000000001 2089.7831 986.5041 2063.0396 996.9534
392 0.148 2935.7763999999997 3980.9033 2961.7955 3970.92 2976.1944 4008.4473 2950.1754 4018.4306
392 0.139 2561.4119 1733.2428 2577.9963 1733.0087 2578.498 1768.5376 2561.9136 1768.7718
392 0.1245 2176.6436 962.7635 2213.4614 951.0179 2227.2439 994.2203999999999 2190.426 1005.966
392 0.1037 2503.3257 1719.3623 2575.8795 1712.7902 2583.3765 1795.5544 2510.8227 1802.1264999999999
392 0.0876 2193.7738 1050.8584 2230.6223 1037.9243 2243.9642 1075.9348 2207.1156 1088.8689
392 0.084 2562.9668 2011.7269000000001 2619.9136 2007.8874 2625.604 2092.2864 2568.6572 2096.1259
204 0.9928 1172.0389 1925.5167000000001 1212.3607 1915.4248 1220.5668 1948.2122 1180.2451 1958.3042
204 0.9894 1011.1075000000001 449.9314 1044.7894000000001 449.0745 1045.9031 492.8503 1012.2212 493.7072
204 0.9867 1169.7642 1854.1963 1210.7421 1846.1788999999999 1216.4958000000001 1875.5868 1175.5179 1883.6042
204 0.9849 1175.654 1884.478 1216.3629 1884.538 1216.3193999999999 1914.0876 1175.6105 1914.0276
204 0.9838 1003.6265000000001 612.3682 1037.0176999999999 614.3137 1034.6309999999999 655.2803 1001.2398000000001 653.3349
204 0.1804 1947.4018999999998 1573.0532 1991.7941 1558.64 2000.6543000000001 1585.929 1956.2621 1600.3423
339 0.1621 1510.8718 1935.7885 1534.4917 1933.5248000000001 1536.8165 1957.7822 1513.1966 1960.0459
339 0.1051 2558.0488 3868.9277 2570.0907 3865.8086 2574.1198 3881.3633 2562.0778 3884.4824
339 0.0901 1594.3096 1914.7918 1611.3462 1902.2691 1625.1302 1921.0217 1608.0936 1933.5444
339 0.0844 1924.9883 1972.0385 1988.6660000000002 1974.5805 1986.1698000000001 2037.1100000000001 1922.4921 2034.568
339 0.0667 2458.6854 1390.9308 2478.1533 1378.364 2489.4138000000003 1395.8083 2469.9458 1408.375
339 0.0639 1685.7394 1559.5827 1709.5927000000001 1560.3265 1708.7646 1586.8817 1684.9114 1586.1379
339 0.0618 1215.3682 1718.9649 1258.0909000000001 1717.9792 1258.8994 1753.0206 1216.1767 1754.0062
339 0.0584 2545.8057 1805.9261000000001 2558.1796 1805.0331 2559.3422 1821.1417999999999 2546.9682000000003 1822.0348
339 0.0583 1457.2484 1395.9834 1507.1754 1406.3241 1495.9356 1460.592 1446.0086000000001 1450.2513
339 0.0569 2480.6268 1397.1772 2506.3295 1382.4284 2523.1014 1411.6567 2497.3986999999997 1426.4056
231 0.0752 1530.5841 1763.0183 1560.5634 1743.8593 1578.0543 1771.2284 1548.0749 1790.3874
586 0.2592 911.8217999999999 270.346 928.7165 270.5688 928.3859 295.6369 911.4911999999999 295.4141
586 0.116 1715.984 32.5493 1733.9314 45.2064 1715.0349 72.001 1697.0875 59.3438
586 0.0962 2571.4163 2793.1171 2634.7709 2770.1974 2660.801 2842.1501 2597.4465 2865.0698
586 0.0744 2473.2586 3206.0663 2544.0858 3223.715 2525.2105 3299.4647 2454.3834 3281.8161
620 0.9969 3790.1027 3782.1295 3810.0158 3788.0843 3801.1934 3817.5869000000002 3781.2803 3811.6321
620 0.9957 2577.5694 3334.0915999999997 2605.9892 3317.7015 2617.621 3337.8706 2589.2012 3354.2607
620 0.9894 3560.6948 3659.9724 3579.901 3667.0184 3570.862 3691.6574 3551.6557000000003 3684.6114
620 0.9875 1409.2852 2261.8725 1431.6597 2261.9496 1431.5756999999999 2286.3017 1409.2012 2286.2246
620 0.9865 1361.5723 1975.882 1382.5638 1974.8775 1383.7383 1999.4225999999999 1362.7468 2000.4270999999999
620 0.9749 2213.7797 3564.8854 2233.9529 3551.9904 2244.1785 3567.9874 2224.0053 3580.8824
620 0.9744 3903.5671 1612.7084 3924.5969999999998 1622.0346 3911.1141 1652.4376 3890.0843 1643.1114
620 0.951 3841.1289 3639.4031 3866.8864 3642.9387 3863.9441 3664.3743 3838.1866 3660.8387000000002
620 0.8057 2417.8114 3435.7974 2438.8397 3428.3859 2444.9842 3445.8193 2423.956 3453.2308000000003
620 0.7313 4076.6031000000003 1540.1172000000001 4095.2473 1550.8348 4081.1068999999998 1575.4333000000001 4062.4628000000002 1564.7157
620 0.466 3400.1524 3584.1175 3411.3748 3585.7960000000003 3408.9501 3602.0074 3397.7277 3600.3289
620 0.4415 3116.6785 3398.5872 3135.5039 3408.1438 3122.2057 3434.3399 3103.3803 3424.7833
620 0.3067 4065.0948 3777.0105 4075.1793 3780.7109 4070.5025 3793.4565000000002 4060.418 3789.7562
620 0.1623 3650.265 3853.4235 3658.6747 3861.3102 3645.5558 3875.2991 3637.1461 3867.4124
620 0.1036 1726.1927 3093.4504 1739.9503 3092.4134 1741.5638 3113.8189 1727.8062 3114.8559
620 0.1031 3240.3496 3495.9494999999997 3251.8592 3497.9171 3248.5105 3517.5058 3237.0009 3515.5382
620 0.0913 2236.0236 3574.2696 2243.5421 3571.3876 2247.8098 3582.5214 2240.2914 3585.4033
620 0.0841 1786.2075 2918.6857 1797.1331 2918.1314 1798.0544 2936.2897 1787.1288 2936.844
620 0.0595 3247.2207 3500.9171 3260.85 3492.0349 3272.9288 3510.5694 3259.2996000000003 3519.4515
298 0.979 2737.5747 2544.4312 2756.1711999999998 2545.3450000000003 2755.4629 2559.7594 2736.8664 2558.8455
298 0.9772 2634.2204 1939.8085 2650.596 1943.4602 2647.4375 1957.624 2631.0619 1953.9723
298 0.9561 2599.8734 2851.7154 2614.9886 2853.1229 2613.3047 2871.2057 2598.1895 2869.7982
298 0.9372 1985.7558 2874.3602 1998.2644 2881.258 1989.9794000000002 2896.2822 1977.4708 2889.3843
298 0.9351 792.602 2007.7917 803.2372 1997.25 815.9243 2010.0496 805.289 2020.5913
298 0.935 2060.5442 2715.0631 2073.915 2721.7382 2065.7154 2738.1626 2052.3446 2731.4874
298 0.9336 841.158 1983.9485 851.7407 1974.077 866.1451 1989.5192 855.5624 1999.3907
298 0.9321 1949.9198000000001 2771.3985000000002 1964.9258 2765.7078 1969.743 2778.4105 1954.737 2784.1012
298 0.847 709.9352 1961.1583 719.5916 1952.0625 731.0151 1964.1901 721.3587 1973.2858999999999
298 0.8369 683.7209 2010.1774 702.9213 2009.3467 703.5791 2024.5508 684.3787 2025.3815
298 0.8124 2250.0184 2803.9708 2268.8671 2806.985 2266.4454 2822.1285 2247.5968 2819.1143
298 0.8046 2004.5679 2734.5443999999998 2020.7912999999999 2742.4378 2014.7374 2754.8803 1998.5140000000001 2746.9869
298 0.7863 721.5563 1948.0345 737.6309 1939.1818 748.6891 1959.2609 732.6146 1968.1136000000001
298 0.7054 2745.9027 2755.0355 2762.5215 2764.2179 2755.2091 2777.4524 2738.5903 2768.27
298 0.6268 2276.2237 2161.7376 2288.9935 2153.3119 2299.0376 2168.5345 2286.2677 2176.9602
298 0.4933 1009.6650999999999 2686.8408 1024.2449000000001 2678.0413 1031.3004 2689.7314 1016.7206 2698.531
298 0.4372 1595.6578 2278.8224 1602.0212 2279.5063 1601.0917 2288.1553 1594.7283 2287.4714
298 0.2197 2101.4744 2043.2431000000001 2108.1084 2044.982 2105.6326 2054.4274 2098.9986 2052.6885
298 0.175 2590.4349 2951.308 2597.1415 2949.2110000000002 2600.0165 2958.4058 2593.3099 2960.5027
298 0.1338 2590.2887 2416.249 2598.4736 2414.9345 2599.4473 2420.9974 2591.2623 2422.3119
298 0.0847 787.4308 2397.7141 798.0868 2407.7687 789.4159 2416.9584 778.7598 2406.9038
298 0.0786 2610.3238 1943.3442 2616.846 1939.4428 2622.1067 1948.2375 2615.5845 1952.1389
298 0.0671 2194.7235 2286.7787 2219.8219 2277.4844000000003 2227.873 2299.2255999999998 2202.7746 2308.52
298 0.0581 2170.6435 1990.3049 2178.9117 1994.2867 2175.7991 2000.7498 2167.531 1996.7679
298 0.0547 2501.8273 2866.2277 2512.0699 2861.5359 2517.4094999999998 2873.1928 2507.1669 2877.8846
298 0.0534 2727.4375 2771.2925999999998 2737.9279 2764.9974 2745.4318 2777.5022 2734.9414 2783.7974
639 0.9856 3932.703 775.3517 3955.4061 767.4618 3965.8224 797.4341 3943.1193 805.3241
639 0.969 3801.9349 686.8233 3827.0792 690.5065999999999 3822.4419 722.1623999999999 3797.2977 718.479
639 0.952 3420.4922 483.6008 3438.1397 490.3942 3428.1404 516.3702 3410.4928 509.5769
639 0.1524 2804.4217 343.329 2823.1841 328.2455 2833.1497 340.6418 2814.3873 355.7253
639 0.1462 2184.2271 1203.1167 2210.8172 1199.5718000000002 2212.8182 1214.5813 2186.2281 1218.1262000000002
639 0.0934 1881.1786 1277.7545 1895.6976 1269.8618999999999 1905.1332 1287.2194 1890.6142 1295.1118999999999
639 0.0742 3259.4259 407.0078 3268.5632 409.1896 3265.2296 423.1508 3256.0923000000003 420.969
639 0.0665 3568.6417 62.221 3575.2281000000003 60.4529 3578.1693 71.4087 3571.5828 73.1768
639 0.0532 4083.7903 686.8552999999999 4092.1284 684.5549 4095.2318 695.8041000000001 4086.8937 698.1043999999999
120 0.9207 1056.5724 1142.1062 1088.6832 1147.3893 1082.5011 1184.9636 1050.3903 1179.6805
120 0.8758 555.8954 3789.6498 587.6908 3792.8211 583.8987999999999 3830.84 552.1034 3827.6688
120 0.789 616.1162 3471.5872 647.4051 3476.8962 641.1562 3513.7246999999998 609.8673 3508.4157
120 0.6728 981.8675000000001 1538.7505 1013.1757 1544.7023 1006.4696 1579.9785 975.1614 1574.0266
120 0.3263 1873.7571 1187.6668 1891.7091 1192.862 1887.0592000000001 1208.9297000000001 1869.1072 1203.7346
120 0.3132 810.9649 958.3221 836.8629000000001 933.9037 854.6773000000001 952.7977 828.7792999999999 977.216
120 0.1757 271.5143 2520.5138 332.7648 2489.0515 366.1945 2554.132 304.944 2585.5944
120 0.073 262.3479 2695.8945 301.6741 2697.0938 300.5449 2734.121 261.2187 2732.9217
120 0.0721 375.5851 3069.7937 436.752 3100.8184 409.5023 3154.5425999999998 348.3355 3123.5179
120 0.0676 327.4133 2367.1743 365.0483 2364.1321 368.3254 2404.6722 330.6905 2407.7145
120 0.0632 398.9569 2924.504 458.0627 2950.2137000000002 431.338 3011.6530000000002 372.2321 2985.9433
525 0.082 2592.0284 2623.6285 2627.5863 2619.2993 2632.2632 2657.7122 2596.7052 2662.0414
525 0.0608 2561.538 1776.0679 2584.3763 1774.5529999999999 2586.7059 1809.675 2563.8677 1811.1898
525 0.0598 3439.1339 1655.8938 3473.4003000000002 1652.9357 3476.202 1685.3906 3441.9356 1688.3487
525 0.0508 2497.1462 2525.3795 2546.3795 2529.2831 2542.5319 2577.8109 2493.2986 2573.9073
100 0.1575 1969.5392000000002 1053.8453 1998.9965 1036.6434 2012.2217 1059.2907 1982.7643 1076.4926
100 0.1517 3501.0944 3.9223 3549.3623 1.941 3550.4625 28.7436 3502.1946 30.7249
100 0.1293 566.9966 2097.8346 599.32 2071.451 627.4105 2105.8656 595.0871 2132.2492
100 0.1136 127.8694 2319.1693999999998 157.5549 2295.1385 178.0179 2320.4166999999998 148.3324 2344.4475
100 0.0935 1991.3408 1089.26 2020.5945000000002 1075.3593 2032.2424999999998 1099.872 2002.9888 1113.7728
100 0.073 2072.9895 1015.6133 2085.0992 1015.5024 2085.1935 1025.7939 2073.0837 1025.9048
100 0.0714 2055.956 997.2437 2092.8834 966.6266 2120.9689 1000.5008 2084.0415 1031.1178
100 0.0685 168.145 2386.6508 196.0226 2359.3683 220.1094 2383.9804 192.2317 2411.263
100 0.0681 260.6814 2225.8765 294.2064 2200.8599 316.2029 2230.3376 282.6779 2255.3541999999998
100 0.0603 709.6004 2001.9382 741.7963 1983.2361 761.9618 2017.9513 729.7659 2036.6533
100 0.0582 399.2705 2114.6203 439.7347 2112.582 441.6345 2150.298 401.1703 2152.3363
616 0.0895 2540.0554 1328.3052 2556.2515 1329.973 2553.2433 1359.188 2537.0472 1357.5203000000001
616 0.0637 307.7013 864.5361 333.96 845.0974 355.636 874.3783000000001 329.3773 893.817
616 0.0561 2484.756 2044.8525 2550.4627 2072.9187 2527.24 2127.2863 2461.5332 2099.2201
616 0.0555 2551.5703 1307.9123 2607.6483 1302.5167999999999 2615.0962 1379.9257 2559.0181 1385.3211999999999
616 0.0519 1028.5977 622.8018 1088.4633 622.4305 1088.8842 690.2906 1029.0185 690.6619
616 0.0503 2453.2345 808.8338 2517.7812 810.8865 2515.1322 894.1841 2450.5855 892.1315
327 0.2283 3286.6081 1754.4587 3306.951 1752.1462 3308.6517 1767.1081 3288.3088 1769.4206
327 0.1601 3078.6496 552.6006 3094.2954 555.3329 3090.9056 574.7435 3075.2599 572.0112
327 0.0716 3069.4063 531.1237 3083.0561 528.3079 3087.2441 548.6101 3073.5943 551.4258
327 0.0621 2775.3054 935.8814 2788.038 926.2711 2799.9076999999997 941.9971 2787.1752 951.6074
627 0.0865 1294.4097 1769.2530000000002 1326.5549 1755.9491 1340.0861 1788.6435999999999 1307.9409 1801.9475
461 0.543 1896.4814000000001 3771.7934999999998 1930.5976 3753.0784 1953.3344 3794.5258 1919.2183 3813.2408
461 0.0792 2189.5655 3837.9706 2230.8822 3876.1552 2198.0495 3911.6812 2156.7327 3873.4966
461 0.0596 2997.7206 3118.4492 3036.5711 3134.7661 3024.4148 3163.7103 2985.5643 3147.3934
461 0.0591 1690.3420999999998 2054.3627 1727.2672 2047.6374 1732.7475 2077.7269 1695.8224 2084.4522
461 0.0574 2505.8065 2653.5192 2523.8033 2669.3781 2511.2586 2683.614 2493.2617 2667.7552
461 0.0536 2102.9507 3079.644 2152.5124 3076.606 2154.0986 3102.4828 2104.5369 3105.5208
274 0.4935 1375.9512 1389.1603 1417.3192 1362.0851 1439.4269 1395.8634 1398.059 1422.9385
274 0.4077 1835.2759 1455.9290999999998 1869.5696 1438.7041 1885.2024999999999 1469.8278 1850.9088000000002 1487.0529000000001
274 0.3885 1826.634 874.3561 1856.4496 858.0773 1871.5987 885.8235 1841.783 902.1024
274 0.2187 1705.3188 2852.5411 1713.6389 2851.6653 1714.9958 2864.5551 1706.6758 2865.4309
274 0.1107 1654.0488 1585.5983 1685.3811 1571.1128 1698.6258 1599.7612 1667.2934 1614.2467
274 0.0841 1749.5293 1963.9077 1781.0605 1962.5776 1782.3833 1993.9343 1750.8521 1995.2645
274 0.0821 1681.1592 1670.3346999999999 1709.103 1692.0745 1686.3899999999999 1721.2694 1658.4461000000001 1699.5297
274 0.0799 1539.7354 1648.3078 1566.4587 1639.7825 1576.2407 1670.4452999999999 1549.5174 1678.9705
274 0.0761 2351.8714 2478.1387 2374.4982 2478.673 2373.8929 2504.3056 2351.2661 2503.7713
274 0.073 1813.8438 887.2819 1851.4691 897.2949 1843.2440000000001 928.2018 1805.6187 918.1888
274 0.0553 1925.9161 2161.5637 1954.3281 2140.8753 1971.9473 2165.0723 1943.5352 2185.7607
676 0.9915 2781.6848 1702.8418 2807.3917 1709.3244 2799.2108 1741.7657 2773.5039 1735.2831
676 0.99 3114.245 1456.5423 3142.1728 1476.7655 3126.4505 1498.4775 3098.5228 1478.2543
676 0.988 2903.6219 1795.0652 2926.9052 1783.8842 2942.1383 1815.6055000000001 2918.8549 1826.7865
676 0.9677 3157.8334 1281.4622 3183.2089 1300.7609 3168.6764 1319.8694 3143.3009 1300.5707
676 0.967 3163.9365 1771.0563 3195.1428 1786.2346 3181.6038 1814.0705 3150.3975 1798.8922
676 0.9464 3039.5946 1710.8821 3062.1623 1690.4427 3081.0128999999997 1711.2563 3058.4453 1731.6957
676 0.9328 2208.076 1055.8685 2234.4045 1070.2855 2218.2379 1099.8092000000001 2191.9094 1085.3922
676 0.7413 2007.0414 1142.0025 2038.6309 1132.6825 2045.2356 1155.0688 2013.6461 1164.3888
434 0.4365 1099.2071999999998 133.229 1119.9603 149.952 1099.2927 175.6005 1078.5396 158.8775
434 0.0588 1983.3881999999999 2882.2617 2042.4969 2886.5744 2037.3768 2956.7506 1978.2681 2952.4379
434 0.0567 1827.8754 3553.8622 1867.9279000000001 3515.0132 1911.9727 3560.4225 1871.9201 3599.2715
434 0.0542 1722.6832 2575.7795 1782.2818 2576.1583 1781.7542 2659.1543 1722.1556 2658.7755
314 0.8611 2354.9484 3769.8167 2375.7122 3780.3419 2367.0741 3797.383 2346.3102 3786.8577999999998
314 0.8272 2400.1915 3681.5645 2414.0788000000002 3668.8054 2430.2932 3686.4536 2416.4058999999997 3699.2126
314 0.2143 202.0794 2721.8585000000003 248.8238 2764.1405999999997 210.11 2806.94 163.3656 2764.6579
314 0.156 2067.248 2952.5094 2109.291 2977.9641 2086.594 3015.4523 2044.551 2989.9976
314 0.1464 2626.0823 2778.1829 2646.2043 2767.7318 2653.7221 2782.2063 2633.6002 2792.6574
314 0.143 3198.2032 2032.9254 3232.2438 2057.2433 3211.6384 2086.087 3177.5978 2061.7691999999997
314 0.1192 2040.2119 2607.2547 2069.7937 2582.6172 2091.529 2608.7143 2061.9472 2633.3519
314 0.1052 299.0975 2974.253 345.5403 3003.1883 317.795 3047.7209000000003 271.3522 3018.7856
314 0.0837 2862.8343999999997 2358.4384 2901.6728000000003 2378.584 2882.4259 2415.6898 2843.5875 2395.5441
314 0.0566 2386.9821 2564.2919 2425.123 2569.1689 2420.6319 2604.2925 2382.491 2599.4155
300 0.1716 2735.5881 2585.4088 2758.8929 2596.39 2744.3474 2627.2594 2721.0425 2616.2782
300 0.1444 1300.2935 1756.0837 1316.8407 1763.1892 1307.9219 1783.9593 1291.3748 1776.8538
300 0.1275 1547.2048 2180.1163 1561.9173 2177.7769 1565.1226 2197.9352 1550.4101 2200.2746
300 0.1072 2545.0224 1347.6851 2558.4622 1347.4702 2558.7681000000002 1366.6081 2545.3284 1366.8229000000001
300 0.085 2032.9481 2941.2138999999997 2045.0349 2940.1028 2046.5417 2956.4963 2034.455 2957.6074
300 0.0694 1021.8743 1689.3753000000002 1051.5943 1672.2885 1067.6332 1700.1856 1037.9132 1717.2725
300 0.0569 1590.8303 2047.3152 1598.7004 2047.1112 1598.9495 2056.7203 1591.0794 2056.9243
253 0.9265 1508.0518 2081.1136 1523.6977 2075.2507 1530.6601 2093.8308 1515.0140999999999 2099.6937
253 0.8666 2085.1472 2620.8058 2101.1598 2627.1377 2093.656 2646.1141 2077.6434 2639.7822
253 0.8185 1537.0805 2064.7578 1553.0609 2063.7183999999997 1554.4549 2085.1529 1538.4746 2086.1923
253 0.7623 1481.7583 2091.4135 1499.4746 2095.752 1495.7014 2111.1602 1477.9850000000001 2106.8217
253 0.482 1442.1602 2107.0906 1454.4494 2094.9821 1468.2773 2109.0162 1455.9881 2121.1248
253 0.0535 1910.9391 1932.3497 1931.6652 1945.5104000000001 1920.9951 1962.3143 1900.269 1949.1535
253 0.0524 1637.7822 2038.5911 1652.7871 2034.7021 1658.7845 2057.8417 1643.7795 2061.7307
699 0.9622 1819.5758 782.8978 1842.7296000000001 795.3076 1827.5055 823.7124 1804.3517000000002 811.3027
440 0.9955 2095.089 2108.1934 2117.6985 2094.586 2128.2454 2112.1102 2105.6359 2125.7177
440 0.9755 877.7392 752.3629 895.3616 747.7201 901.5476 771.2001 883.9252 775.8429
440 0.9716 1728.8748 2335.701 1749.5601 2326.4081 1756.5227 2341.9064 1735.8375 2351.1993
440 0.958 925.3044 1039.5093000000002 942.4229 1033.9283 949.9706 1057.0796 932.8522 1062.6605
440 0.8963 1932.217 2206.4662 1954.0555 2196.9618 1961.8908000000001 2214.9652 1940.0523 2224.4695
440 0.8887 2914.5406000000003 2355.2505 2926.2606 2356.2725 2924.6825 2374.3694 2912.9626 2373.3474
440 0.7778 2638.6152 2174.9753 2651.4963 2186.3314 2633.2954 2206.9766 2620.4143 2195.6205
440 0.4673 1685.3508000000002 3064.7163 1712.2172 3062.7976 1713.4528 3080.0987999999998 1686.5864000000001 3082.0175
440 0.2408 2754.7255 2269.3403 2766.7582 2271.3049 2763.9326 2288.6105 2751.8999 2286.6459
440 0.1322 2755.6307 2270.3158 2778.4547000000002 2253.0586 2797.8297000000002 2278.6835 2775.0057 2295.9407
340 0.1262 1512.6568 838.2587 1533.6574 837.0895 1535.0474 862.0562 1514.0468 863.2253
340 0.1253 1920.7316 872.8311 1981.7438 868.4456 1986.7423 937.9852000000001 1925.7301 942.3706999999999
340 0.1127 1598.0352 811.2126000000001 1618.9628 809.5207 1620.8389 832.7268 1599.9114 834.4187
340 0.1049 2482.1367 298.4885 2506.1177 286.3711 2521.8025 317.412 2497.8215 329.5294
340 0.0939 1634.2711 1025.3535 1663.9343 1040.8785 1647.0872 1073.0677 1617.424 1057.5427
340 0.0799 1540.7965 1954.1941000000002 1554.1452 1960.1475 1547.0018 1976.1644000000001 1533.6531 1970.2111
340 0.0768 2560.582 2770.9404 2572.9238 2772.3759 2571.1757 2787.4053 2558.8339 2785.9698
340 0.0705 1407.2305999999999 289.8802 1433.0551 315.6953 1411.4594 337.2989 1385.6349 311.4838
340 0.0646 2472.0317 280.5116 2489.4976 291.3297 2476.5214 312.2798 2459.0555 301.4616
340 0.0637 1475.4180999999999 294.141 1516.4439 332.6627 1478.1262000000002 373.4713 1437.1004 334.9496
178 0.334 3499.2832 3964.1129 3535.1108 3978.2925999999998 3521.8672 4011.7549 3486.0396 3997.5752
178 0.1795 2780.6411 2758.1176 2838.8178 2739.3596 2855.6269 2791.4917 2797.4502 2810.2497
178 0.1052 3991.7781 1550.1813 4013.561 1539.9706999999999 4020.9156000000003 1555.6607 3999.1327 1565.8713
178 0.1004 2595.6584000000003 2775.7209 2642.4053 2756.4643 2665.959 2813.6423 2619.2120999999997 2832.899
178 0.0705 2812.9926 2415.2495 2859.7489 2384.9423 2895.4552 2440.0281 2848.6989 2470.3352999999997
178 0.0689 3361.5626 1202.8728 3408.4237 1169.8038000000001 3443.4913 1219.4972 3396.6302 1252.5662
178 0.0654 2794.2327999999998 3080.4308 2812.5218 3071.1313 2824.2571 3094.2108 2805.968 3103.5103
178 0.0646 2745.0876 2411.5671 2800.2856 2405.9964 2807.7651 2480.1068999999998 2752.5671 2485.6777
178 0.0618 2693.7218 2427.7891 2743.0378 2458.9559 2710.835 2509.9111000000003 2661.5191 2478.7443
178 0.0578 3533.8125 3997.3323 3570.9658 3998.8111 3569.2982 4040.7065000000002 3532.145 4039.2277
178 0.0564 2545.3813 2324.3157 2590.642 2292.6857 2627.1244 2344.89 2581.8637 2376.52
128 0.2086 2682.4849 1028.4933 2714.8275 998.9679 2746.0737 1033.1954 2713.7311 1062.7209
128 0.099 2565.5659 1126.3815 2596.5703 1104.5475 2625.5825 1145.745 2594.5781 1167.579
128 0.0676 3055.5999 668.9027 3069.3966 667.2609 3072.7452000000003 695.4018 3058.9486 697.0435
128 0.0642 2642.9965 959.6361 2678.3354 937.6742 2700.4052 973.1869 2665.0663 995.1488
128 0.0501 3177.9263 591.6398 3209.5643 564.2364 3237.14 596.0734 3205.502 623.4767
276 0.0951 3995.3469999999998 884.0956 4027.8325 886.1754000000001 4025.6462 920.3241 3993.1608 918.2442
276 0.0815 2000.1226 1241.7437 2017.3600999999999 1254.3406 2002.3521 1274.8776 1985.1145000000001 1262.2808
276 0.0687 2191.6725 1391.3859 2251.7897000000003 1401.8959 2240.8071 1464.7159000000001 2180.6899 1454.2059
276 0.0634 2229.3808 1347.6261 2270.0747 1359.4858 2257.5434 1402.4841000000001 2216.8495000000003 1390.6245
276 0.0624 2650.8364 2258.27 2673.6642 2274.0459 2654.2839 2302.0894 2631.456 2286.3135
276 0.0557 2117.3447 1527.1114 2128.924 1526.7078999999999 2129.1724 1533.8384 2117.5931 1534.2419
337 0.5181 1581.9587 3684.5867 1600.6774 3692.2929 1588.907 3720.8838 1570.1882 3713.1776
337 0.5028 102.1706 2965.1732 126.5257 2972.7558 114.7562 3010.5593 90.4011 3002.9767
337 0.2949 117.9202 2982.8864 130.4432 2986.7747 124.9336 3004.5189 112.4107 3000.6306
337 0.2776 2603.361 2300.4711 2609.6226 2306.5526 2604.8854 2311.4301 2598.6238 2305.3487
337 0.2557 42.1206 2990.9210000000003 75.5864 2994.9923 69.9374 3041.4264 36.4716 3037.3550999999998
337 0.2438 489.5373 4044.6034 513.2318 4061.6108 490.5937 4093.1499 466.8992 4076.1425
337 0.231 2329.6344 2115.7739 2348.3532 2115.4965 2348.6686 2136.7802 2329.9498 2137.0576
337 0.1319 2647.3993 2001.2947 2666.2214 1999.0836 2668.1771 2015.7309 2649.355 2017.9421
337 0.0931 2014.3163 2597.7368 2050.2497 2602.2278 2045.254 2642.1994 2009.3206 2637.7084
337 0.0727 2384.0535 3360.7023 2405.5607 3375.5718 2392.1715 3394.9377 2370.6643 3380.0682
337 0.0652 23.6137 3087.4978 60.5955 3099.2472 45.3212 3147.3244 8.3393 3135.5751
337 0.0615 2613.0534 2002.5464 2630.7009 2002.7005 2630.5279 2022.5182 2612.8804 2022.3642
410 0.7657 3898.8586 1833.6054 3931.8186 1840.205 3926.7275 1865.6313 3893.7675 1859.0317
410 0.1474 3684.745 3571.3752 3743.0275 3559.5692 3756.7134 3627.1316 3698.4308 3638.9377
410 0.0916 1959.8804 3154.1607 2033.2906 3145.6585 2046.829 3262.5529 1973.4188 3271.0551
507 0.1067 3074.6889 945.0417 3089.8632 945.1928 3089.6642 965.181 3074.4899 965.03
507 0.0789 3067.9426 2333.9439 3094.0528 2331.4396 3097.6198 2368.6288 3071.5096 2371.1331
507 0.0657 3035.7461 1775.5191 3071.074 1775.0477 3071.6968 1821.7193 3036.3688 1822.1907
507 0.0565 3069.543 2288.648 3093.4263 2285.7232 3098.1188 2324.0407999999998 3074.2355 2326.9657
507 0.0516 3058.9624 2374.5954 3098.8950999999997 2394.7244 3079.2988 2433.6004 3039.3661 2413.4714
678 0.1078 2990.3085 1992.2975999999999 3055.0031 1977.2993999999999 3068.2901 2034.6127000000001 3003.5955 2049.6109
678 0.0541 1264.1243 2289.8141 1321.2432 2331.7105 1277.3543 2391.5458 1220.2354 2349.6494000000002
17 0.0641 2807.4667 3409.2338 2867.5134 3390.6678 2883.1991 3441.3992 2823.1524 3459.9651
17 0.056 2475.9482 2259.9798 2520.3896 2226.9999 2558.4985 2278.3528 2514.057 2311.3326
17 0.0526 2609.2534 2361.4143 2667.7533 2372.5574 2654.4399 2442.4516 2595.9399 2431.3085
17 0.0501 2551.323 1508.0931 2625.8515 1446.3874 2672.7853 1503.0744 2598.2568 1564.7801
662 0.3042 1125.3434 2389.4526 1158.976 2359.6599 1182.1652 2385.8378000000002 1148.5327 2415.6306
662 0.2149 2977.3673 438.3085 3041.7906000000003 482.6865 3004.6422000000002 536.6147 2940.2189 492.2368
662 0.0949 3676.7884 50.4907 3687.2359 56.5495 3679.8061 69.3612 3669.3586 63.3024
662 0.0639 3060.4838 956.5095 3206.364 999.3796 3173.3526 1111.7121 3027.4724 1068.842
662 0.0624 4054.1519 1049.8016 4072.765 1042.2313 4081.0037 1062.488 4062.3905999999997 1070.0583
235 0.8578 1755.7903000000001 2763.728 1781.8869 2769.967 1778.2105999999999 2785.3444 1752.114 2779.1053
235 0.1537 2615.1139 2550.8995999999997 2622.2319 2546.674 2628.3017 2556.8985000000002 2621.1836 2561.1241
235 0.1128 3497.122 3154.5118 3530.2384 3131.8267 3545.8139 3154.5643 3512.6975 3177.2494
235 0.098 3270.5013 2780.8289 3317.7144 2755.3274 3339.9880000000003 2796.5645 3292.775 2822.066
235 0.0819 2559.2207 2536.831 2625.3433 2484.3715 2660.7306 2528.9753 2594.608 2581.4349
235 0.0785 3158.7051 2415.9179 3188.16 2405.1093 3199.0193 2434.7025 3169.5644 2445.511
235 0.0678 3479.7789000000002 3110.9972 3515.1148 3097.8759 3526.189 3127.6988 3490.853 3140.8201
235 0.057 3165.2943 3799.3543 3180.0067 3806.0748 3171.4774 3824.7468 3156.765 3818.0262000000002
282 0.5295 1056.2458000000001 1322.7062 1079.6578 1328.0929 1075.2078000000001 1347.4338 1051.7957999999999 1342.0471
282 0.1534 1541.2591 2392.2355 1552.9427 2393.759 1551.1464 2407.5341 1539.4628 2406.0106
684 0.17 3039.8653 576.1169 3087.457 556.0186 3103.5281 594.0743 3055.9364 614.1725
649 0.989 3387.1269 2845.4327 3413.0638 2866.6562 3397.0573 2886.2176 3371.1204 2864.9941
649 0.9866 2660.5405 2886.5461 2679.8155 2891.1243 2672.3519 2922.5474 2653.0769 2917.9692
649 0.9794 2495.3257 2796.0328 2516.3492 2797.5737 2514.0545 2828.8834 2493.0308999999997 2827.3424999999997
649 0.9757 2060.3631 2564.0049 2087.7291 2560.5248 2091.095 2586.9927 2063.729 2590.4728
649 0.9744 2215.9497 2619.4327 2240.7871 2637.2097 2217.186 2670.1846 2192.3486 2652.4076
649 0.9694 2500.6023 1305.9234999999999 2519.331 1287.6514 2542.1389 1311.0292 2523.4102000000003 1329.3013
649 0.9661 2458.7463 2455.3421 2490.5133 2438.3567 2504.8085 2465.0924 2473.0415 2482.0777
649 0.9608 2043.0488 2741.3054 2067.6149 2721.7079 2084.107 2742.3813 2059.5409 2761.9788
649 0.9547 2654.2468 1224.8701 2678.7969000000003 1234.1167 2666.684 1266.277 2642.1339 1257.0303
649 0.9436 2370.9979 2717.5644 2398.8696 2721.912 2395.5436 2743.2343 2367.672 2738.8868
649 0.1032 2586.2008 1439.33 2598.7239 1444.7834 2590.1566 1464.4576 2577.6334 1459.0042
649 0.0977 2943.6257 746.6547 2966.2151 733.7496 2982.8562 762.8785 2960.2667 775.7836
649 0.0686 3441.2869 3172.1965 3452.2568 3179.4786 3445.5803 3189.5364 3434.6104 3182.2543
649 0.0624 3111.6106 2961.7769 3121.7628 2956.3864 3127.7266 2967.6181 3117.5744 2973.0087
457 0.1346 1903.1794 267.2364 1937.8261 258.9048 1944.7547 287.7171 1910.108 296.0487
457 0.0787 2091.9187 4051.7513 2155.5896 4055.6312 2153.4927 4090.0424000000003 2089.8217 4086.1625
457 0.0695 2084.898 1030.789 2163.0805 1031.9399 2162.2306 1089.6728 2084.0481 1088.5219
31 0.808 2597.967 556.7227 2627.1915 534.4569 2643.6163 556.0148 2614.3918 578.2806
31 0.6519 2333.3163 2357.4529 2345.6381 2361.11 2341.1201 2376.3328 2328.7982 2372.6758
31 0.0714 2666.4636 1027.628 2738.9758 1042.7688 2727.4805 1097.8218 2654.9683 1082.681
31 0.0663 2814.7065000000002 1187.5652 2889.1341 1153.094 2924.2054 1228.8173000000002 2849.7779 1263.2885
598 0.6065 1639.1819 3578.3092 1644.9102 3582.6029 1639.9216999999999 3589.2579 1634.1934999999999 3584.9642
598 0.2414 1929.4891 2973.8668 1949.0383000000002 2976.4855 1947.1554999999998 2990.5402 1927.6064000000001 2987.9214
598 0.1743 1899.9625 3796.4013999999997 1914.56 3796.5004 1914.4308 3815.5513 1899.8334 3815.4523
598 0.1008 2366.8821 3032.6530000000002 2381.187 3034.1888 2379.0865 3053.7547 2364.7816000000003 3052.2189
598 0.0692 2345.479 2726.3433999999997 2364.2641 2719.3898 2369.4988 2733.5314 2350.7138 2740.485
598 0.0529 2320.6539000000002 3952.2889 2339.0446 3954.5766 2336.9202999999998 3971.6544 2318.5296 3969.3668
655 0.0564 744.0719 1559.7479 858.3058 1540.3586 879.4 1664.6377 765.1661 1684.0269
480 0.9713 2591.8276 2598.6013000000003 2602.0327 2596.8919 2604.5085 2611.6721 2594.3034 2613.3815
480 0.9442 2556.1636 959.3813 2567.0942999999997 959.2037 2567.3278 973.5809 2556.3972 973.7585
480 0.8597 2764.8892 2646.1203 2772.8966 2643.4931 2777.3828 2657.1671 2769.3754 2659.7942
480 0.7669 2350.37 2534.9216 2359.29 2533.4024 2361.5863 2546.8846 2352.6663 2548.4038
480 0.7005 2337.8386 1055.6524 2347.1276 1057.8766 2343.965 1071.0852 2334.676 1068.861
480 0.6607 2471.3003 2565.4109 2482.5884 2567.1841 2480.6356 2579.6154 2469.3475 2577.8421
480 0.5843 2172.3433 1361.6705 2184.1597 1360.7415999999998 2185.4839 1377.5873000000001 2173.6675999999998 1378.5162
480 0.47 2681.8233 2712.5272999999997 2691.0443999999998 2714.8555 2687.6195 2728.4205 2678.3983 2726.0923000000003
480 0.3783 2628.2969000000003 1065.6781 2636.2199 1070.3645999999999 2628.808 1082.8953999999999 2620.8849 1078.2089
480 0.3581 2551.8343999999997 1884.754 2558.5202 1888.172 2554.9161 1895.222 2548.2303 1891.804
480 0.3185 2672.0966 972.5219999999999 2682.5369 975.7592999999999 2678.3111 989.3875 2667.8708 986.1502
480 0.2537 2050.0945 2562.8904 2057.4669 2564.8106 2054.7769 2575.1381 2047.4046 2573.218
480 0.2287 2259.1855 2494.5812 2266.6345 2498.0104 2262.2697 2507.4919 2254.8206 2504.0627
480 0.1561 2993.0288 2695.5226000000002 3005.0349 2691.4951 3010.5148 2707.8307999999997 2998.5087 2711.8583
480 0.1269 2096.5785 1435.037 2108.2597 1445.3573999999999 2100.8697 1453.7219 2089.1885 1443.4015
480 0.0901 3030.3848 2625.5432 3043.2267 2620.6407 3047.0474 2630.6488 3034.2054 2635.5512
480 0.0899 1541.6148 3312.5727 1547.3792 3307.3087 1554.6028 3315.2189 1548.8384 3320.483
480 0.0882 2931.6674 2134.5146 2947.5885 2135.3592 2946.8958000000002 2148.4172 2930.9746999999998 2147.5727
480 0.0708 2946.8234 2263.9622 2958.3156 2275.3585000000003 2947.8272 2285.9351 2936.3351000000002 2274.5387
480 0.0662 2167.3159 1527.3242 2176.1057 1528.1505 2174.951 1540.4347 2166.1611 1539.6085
480 0.056 1281.1615 2522.9045 1288.4665 2520.68 1292.4915 2533.8979 1285.1866 2536.1224
480 0.0511 2807.4456 2189.2505 2815.5452 2189.8195 2814.738 2201.3115 2806.6383 2200.7425
364 0.1142 1267.7386000000001 1908.9005 1421.7512000000002 1875.4147 1453.7629 2022.6480000000001 1299.7504 2056.1337000000003
364 0.065 1511.0322 2589.0432 1623.3385 2552.978 1665.0932 2683.0014 1552.787 2719.0666
418 0.0654 2264.7353 2547.5757 2277.2774 2547.4145 2277.553 2568.8635 2265.0109 2569.0247
491 0.9454 3020.3683 1480.7575 3034.0304 1479.9664 3035.1038 1498.5023 3021.4417 1499.2934
491 0.9131 2800.0175 1362.336 2810.4991 1364.1468 2807.8322 1379.5843 2797.3505999999998 1377.7735
491 0.6985 2716.4442 1302.3506 2726.3751 1305.1895 2722.7982 1317.7024999999999 2712.8672 1314.8636000000001
491 0.6703 3181.077 1566.5196999999998 3191.65 1567.5135 3190.3208 1581.6545 3179.7478 1580.6606000000002
491 0.6307 2908.7902 1420.5371 2919.1243 1420.642 2918.9761 1435.2478999999998 2908.6421 1435.1431
491 0.1216 3272.7896 1628.291 3279.898 1621.5199 3288.7896 1630.8545 3281.6811 1637.6255
491 0.1184 3410.1608 1397.4193 3420.2306 1393.9180000000001 3424.5963 1406.4738 3414.5265 1409.975
491 0.1035 3446.5178 1614.6709 3460.1954 1615.6882 3459.4103999999998 1626.2434 3445.7327999999998 1625.2262
491 0.0783 2594.4675 1239.8435 2607.1624 1242.8344 2603.1616 1259.8163 2590.4666 1256.8254
683 0.1322 3039.8019 2673.915 3085.2136 2652.1974 3102.217 2687.7516 3056.8054 2709.4692
683 0.1201 572.4459 219.3527 608.0118 206.9434 625.0194 255.6884 589.4536 268.0977
30 0.1905 3212.8991 2800.668 3247.1028 2781.9089 3266.0734 2816.4983 3231.8697 2835.2573
30 0.1591 2893.035 3377.2803 2908.1166 3373.8309 2910.9665999999997 3386.2919 2895.885 3389.7413
30 0.1118 3170.603 2734.9636 3207.7716 2715.5464 3226.8026 2751.9758 3189.634 2771.3929
30 0.1071 2276.105 3359.3352 2302.1003 3334.171 2324.495 3357.3053 2298.4997 3382.4695
30 0.0912 3227.9236 2893.2851 3270.8133 2863.3252 3299.0249 2903.7122 3256.1352 2933.6721
30 0.0904 2299.2352 3391.141 2329.2183 3370.902 2345.6705 3395.2753000000002 2315.6874 3415.5142
30 0.082 3039.5285 2817.0397 3079.8826 2816.5891 3080.334 2857.0168 3039.9799 2857.4674
30 0.0683 2110.7513 3696.7695 2153.2645 3676.9426 2172.7982 3718.8273 2130.285 3738.6542
30 0.0672 3457.8676 2558.4765 3479.7219999999998 2566.4755 3474.8963 2579.6598 3453.042 2571.6607
30 0.055 3126.7749 2969.5463 3156.5655 2944.3379999999997 3181.0826 2973.3117 3151.292 2998.5200999999997
37 0.9664 613.8993 2353.6189 646.8342 2342.9938 656.4725 2372.87 623.5375 2383.4951
37 0.8561 559.4374 2640.3209 583.1191 2622.1143 608.0588 2654.5535 584.3771 2672.7602
582 0.0864 1213.8997 3556.5125 1232.9455 3556.6777 1232.7589 3578.2033 1213.7131 3578.0380999999998
582 0.0635 794.4131 2293.4923 808.9355 2295.4728 806.4322 2313.8293 791.9096999999999 2311.8487999999998
582 0.0505 1511.2017 3073.6357 1556.9768 3073.8403 1556.7094 3133.6975 1510.9342000000001 3133.4929
609 0.163 2071.1005 1840.7725 2089.7835 1856.1795 2071.9234 1877.8373000000001 2053.2403 1862.4303
609 0.0605 2048.3257 763.4014999999999 2077.2281 752.5351 2092.2392 792.4615 2063.3368 803.3279
609 0.056 1979.6598 194.3419 2037.2784000000001 210.4917 2019.2471 274.8237 1961.6284 258.674
670 0.1677 1527.9827 518.2426 1590.1315 518.7052 1589.645 584.0599 1527.4962 583.5972
670 0.0814 1686.0855999999999 653.5715 1717.1033 676.0862999999999 1695.0743 706.4349 1664.0566 683.9201
454 0.9933 1044.2558 2800.4988 1073.0808 2797.6925 1075.1741 2819.1943 1046.3491 2822.0006
454 0.8248 1623.0214 2714.0777 1643.4643999999998 2716.8849 1639.2777 2747.3731 1618.8346999999999 2744.5659
454 0.7481 1620.8055 191.0538 1652.851 192.8663 1651.7598 212.1576 1619.7143999999998 210.3451
454 0.744 1324.8066 2729.5976 1352.5055 2722.0522 1358.7625 2745.0214 1331.0636 2752.5668
454 0.207 991.4662000000001 1340.8957 1020.5313 1333.4451 1030.676 1373.0202 1001.6109 1380.4707
698 0.9516 3917.7906000000003 782.1337 3940.2227000000003 797.1135 3922.2712 823.9957 3899.8392 809.0159
240 0.2318 2474.5095 1235.1444000000001 2496.4349 1249.9034000000001 2480.5308 1273.53 2458.6053 1258.771
674 0.052 1305.8483 -1.4278 1378.2646 2.3914 1374.8181 67.7428 1302.4017 63.9236
360 0.1077 1032.283 2331.3102 1080.2899 2332.9607 1077.5621 2412.3015 1029.5553 2410.651
360 0.1074 1062.0764 2136.4301 1120.109 2148.3767 1104.6186 2223.6241 1046.586 2211.6775
360 0.1054 1258.2627 2068.5536 1310.7264 2084.6063 1285.7789 2166.14 1233.3152 2150.0873
312 0.9358 1451.6521 3529.0565 1471.038 3522.257 1477.2511 3539.9713 1457.8652 3546.7707
312 0.5289 2254.3132 3192.1198 2276.7165 3187.0533 2281.076 3206.3303 2258.6727 3211.3968
90 0.1708 3874.1724 1829.4769000000001 3917.8182 1812.2730999999999 3932.0938 1848.49 3888.4479 1865.6938
90 0.0701 3737.9822 1925.1093 3782.0263999999997 1901.635 3801.1095 1937.4402 3757.0652 1960.9144999999999
87 0.9483 1177.7456 1118.7042999999999 1226.0596 1122.8566 1222.9089 1159.5161 1174.5949 1155.3636999999999
87 0.9093 1294.9061000000002 1046.2711 1334.0432 1054.0897 1327.9524000000001 1084.5778 1288.8154 1076.7592
87 0.0797 179.8845 2000.8020000000001 210.9825 1987.2426 223.6136 2016.2113 192.5156 2029.7708
87 0.0735 350.12 2228.1192 385.2187 2198.9948 413.942 2233.6103 378.8433 2262.7346
87 0.0626 1624.4998 1107.4452999999999 1698.8416 1149.3875 1656.5004 1224.4362999999998 1582.1587 1182.4941
87 0.062 1738.0819999999999 1293.8483 1806.019 1241.8096 1854.7026 1305.3665 1786.7655 1357.4052000000001
87 0.0547 252.2376 2329.2072 285.3405 2360.0236 253.342 2394.3963 220.2391 2363.5798
245 0.906 3266.7784 1360.7878 3273.4768 1364.1680000000001 3268.9307 1373.1768 3262.2323 1369.7966000000001
245 0.8897 2241.854 2394.4996 2258.8235 2386.5687 2264.9914 2399.7659 2248.0219 2407.6968
245 0.8678 2260.5445 2437.5975 2275.764 2430.7628 2280.0372 2440.2786 2264.8177 2447.1132
245 0.782 2255.5577 2403.2974 2268.3532999999998 2409.4121999999998 2263.4949 2419.5786 2250.6994 2413.4638
245 0.7647 2262.6364 2419.2815 2275.3858 2426.4658 2269.8905 2436.2179 2257.1411 2429.0337
245 0.7202 3509.5414 957.0823 3516.9796 961.8677 3512.7747 968.4034 3505.3366 963.618
245 0.7174 2229.8224 2363.4836999999998 2246.7785 2359.5355 2250.0465 2373.5703 2233.0904 2377.5185
245 0.6071 3428.6618 767.9692 3446.4857 768.8145 3445.6828 785.746 3427.8588 784.9007
245 0.5542 3468.8851 1276.9697999999999 3475.8971 1276.0821 3477.4384 1288.2559999999999 3470.4264 1289.1437
245 0.4892 3466.39 797.6022 3481.1603 806.3871 3471.7923 822.138 3457.0218999999997 813.3531
245 0.4182 2223.9612 2353.5539 2237.7397 2343.2662 2246.1165 2354.4853000000003 2232.338 2364.773
245 0.3856 2968.0388 1054.4619 2974.3335 1055.8321999999998 2972.0108 1066.5019 2965.7161 1065.1316000000002
245 0.3294 3123.1099 682.6122 3130.7405 684.0561 3128.4531 696.1447 3120.8225 694.7007
245 0.2364 2224.7607 2312.5788000000002 2236.8364 2324.218 2223.7955 2337.7481 2211.7197 2326.1089
245 0.2238 3314.0328 615.7204 3320.4047 615.607 3320.6009 626.6311000000001 3314.2290000000003 626.7445
245 0.1675 3453.2597 1430.0127 3463.044 1429.5805 3463.3935 1437.4935 3453.6093 1437.9257
245 0.1563 3364.7888 706.7794 3374.4946 698.4632 3380.6484 705.6453 3370.9425 713.9615
245 0.1285 3190.5401 1255.066 3196.2999 1254.4935 3197.1068999999998 1262.6133 3191.3471 1263.1858
245 0.0875 2239.3757 2450.5051 2256.2682999999997 2446.4761 2261.8723 2469.9727000000003 2244.9796 2474.0016
245 0.0727 2585.8995 1239.8429999999998 2592.5474 1236.0629 2598.9691 1247.3562 2592.3211 1251.1363999999999
245 0.0668 2979.4585 1055.017 2985.3099 1053.8438999999998 2987.3984 1064.2607 2981.547 1065.4338
245 0.0585 3345.7426 1448.7866 3353.9929 1450.3991 3351.9058999999997 1461.0776 3343.6555 1459.4651
245 0.0516 3122.4182 558.2106 3129.1442 558.1075 3129.3001 568.2685 3122.5741 568.3716
239 0.082 1475.7777999999998 1318.8337000000001 1512.2147 1308.9545 1521.4526 1343.0262 1485.0157 1352.9055
239 0.0529 1176.3305 974.9688 1203.6816 979.0676000000001 1198.9048 1010.9425 1171.5537 1006.8435999999999
689 0.0778 3075.4553 2419.8653 3183.4638 2354.4342 3255.3398 2473.0815000000002 3147.3313 2538.5126
511 0.0605 2825.9399 803.1895999999999 2868.0385 809.3163 2864.1629000000003 835.9467999999999 2822.0643 829.8201
18 0.1154 1414.2078000000001 2227.2055 1435.0163 2217.7316 1442.6338 2234.4628 1421.8253 2243.9367
18 0.0641 759.4667 1361.2338 819.5134 1342.6678000000002 835.1991 1393.3991999999998 775.1524 1411.9651
18 0.0526 561.2534 313.4143 619.7533 324.5574 606.4399 394.4516 547.9399 383.3085
394 0.1034 662.1087 0.8657 698.429 3.101 697.0565 25.4017 660.7362 23.1664
394 0.0716 670.2194 75.2571 704.0637 63.9754 717.973 105.7025 684.1287 116.9841
394 0.0674 1028.37 939.1219 1082.5449 937.6567 1084.8067 1021.2848 1030.6318 1022.75
640 0.077 1264.9203 3077.8121 1341.4387000000002 3079.3404 1340.1354000000001 3144.592 1263.617 3143.0637
363 0.1142 1267.7386000000001 1908.9005 1421.7512000000002 1875.4147 1453.7629 2022.6480000000001 1299.7504 2056.1337000000003
363 0.065 1511.0322 2589.0432 1623.3385 2552.978 1665.0932 2683.0014 1552.787 2719.0666
401 0.0546 2262.3553 3481.3314 2328.9058 3522.5654 2291.0073 3583.7326000000003 2224.4566999999997 3542.4986
34 0.3202 1570.8081 3484.8312 1599.7497 3511.0588 1571.9232 3541.7649 1542.9815 3515.5373
34 0.1987 947.7910999999999 3923.8032 971.8629000000001 3908.8135 984.5287000000001 3929.1534 960.4569 3944.1431000000002
34 0.09 1370.0845 3541.1862 1411.4197 3518.3373 1421.1733 3535.9824 1379.8381 3558.8312
34 0.0825 869.1931 3971.9042 901.2375999999999 3948.3036 923.9984999999999 3979.2081 891.954 4002.8087
34 0.0801 977.2612 3792.7924000000003 1013.3156 3805.4375 1000.7037 3841.397 964.6493 3828.7518
34 0.0692 2050.1009 3077.9537 2061.3021 3077.693 2061.6099 3090.9132 2050.4086 3091.174
34 0.0667 826.2408 3911.1768 856.2583 3883.8415999999997 881.0081 3911.0199000000002 850.9906 3938.3550999999998
34 0.064 745.133 4067.9832 781.3913 4051.418 795.3625 4081.9984 759.1042 4098.5635999999995
34 0.0532 719.1918 4034.2816000000003 755.6789 4011.9791999999998 770.5468 4036.3033 734.0596 4058.6057
34 0.0529 1412.6049 3601.8325999999997 1452.4623000000001 3583.1967 1463.1161 3605.9826000000003 1423.2586999999999 3624.6185
342 0.7646 73.787 665.3135 103.2949 672.436 95.5127 704.6768 66.0049 697.5543
342 0.0677 3256.0657 530.3952 3268.5666 522.0369 3274.4709 530.8674 3261.97 539.2257
342 0.0513 579.1586 955.4604 591.4939 957.9805 588.3254 973.4892 575.9901 970.9691
125 0.1514 508.9519 536.0149 559.3528 512.4883 594.6303 588.0634 544.2293999999999 611.59
125 0.1239 2060.6021 2885.6499 2121.7831 2886.2823 2120.965 2965.4208 2059.784 2964.7883
125 0.0556 4017.3211 1636.1451 4093.6165 1639.5709 4090.0698 1718.5595 4013.7744000000002 1715.1336000000001
125 0.0517 51.9855 1830.4548 132.6654 1784.4431 172.1464 1853.6714 91.4664 1899.6832
74 0.1407 1658.3890000000001 3646.2065000000002 1697.8939 3637.4665999999997 1706.7930000000001 3677.6903 1667.2881 3686.4303
74 0.1272 1521.7102 3743.6243 1558.8931 3728.3151 1573.5469 3763.9061 1536.364 3779.2153
74 0.109 1564.6666 3809.7726000000002 1601.1685 3787.8993 1622.9066 3824.1757 1586.4047 3846.049
74 0.1012 1926.8011000000001 3466.9915 1969.5914 3452.8946 1982.9587000000001 3493.4703 1940.1685 3507.5672
74 0.0936 1967.2057 3537.1097 2004.5873000000001 3514.619 2025.7433999999998 3549.7822 1988.3618000000001 3572.2729
74 0.0917 1696.8756 3714.7822 1732.6255 3694.2769 1756.1136 3735.2269 1720.3636999999999 3755.7323
74 0.091 1791.8624 3563.0025 1824.6770999999999 3539.4847 1850.8605 3576.0190000000002 1818.0459 3599.5367
74 0.086 2557.0824000000002 3314.8845 2570.4521 3302.9024 2584.3478 3318.4072 2570.9781000000003 3330.3893
74 0.0543 1832.2491 3630.2334 1861.1718 3603.1137 1891.1805 3635.1176 1862.2577999999999 3662.2372
290 0.0747 1455.8308 3112.8579 1483.48 3125.0598 1473.9132 3146.7380000000003 1446.2640000000001 3134.5361000000003
290 0.0652 1455.4731000000002 3170.1512000000002 1469.8955999999998 3182.0555 1458.4807 3195.8849 1444.0582 3183.9806
290 0.0555 1444.4850000000001 3265.5635 1472.3732 3279.7871999999998 1459.1078 3305.7967 1431.2195000000002 3291.5731
290 0.0529 1402.4104 3294.8799 1407.7577 3295.9323 1406.3544 3303.0626 1401.0071 3302.0103
290 0.0526 1815.9153999999999 3202.0144 1837.2289 3191.2878 1849.7067 3216.0811 1828.3932 3226.8076
408 0.334 1451.2831999999999 1916.1129 1487.1108 1930.2926 1473.8672000000001 1963.7549 1438.0396 1949.5752
408 0.1795 732.6411 710.1177 790.8177000000001 691.3595 807.6269 743.4916000000001 749.4503 762.2498
408 0.1004 547.6584 727.7209 594.4053 708.4643 617.959 765.6423 571.2121 784.899
408 0.0703 764.35 365.1371 812.8461 337.0311 846.4424 395.0006 797.9462 423.1065
408 0.0654 746.2327 1032.4308 764.5218 1023.1313 776.2571 1046.2107999999998 757.9681 1055.5103
408 0.0646 697.0955 363.5663 752.2894 358.0033 759.7592999999999 432.1176 704.5654 437.6805
408 0.0602 644.3907 380.8125 694.2689 410.368 663.9095 461.6027 614.0313 432.0472
408 0.0578 1485.8125 1949.3323 1522.9658 1950.8111 1521.2982 1992.7065 1484.145 1991.2277
408 0.0564 497.3824 276.3203 542.6362 244.6842 579.1254 296.8799 533.8716 328.5161
248 0.9616 2251.8304 2237.4132 2265.997 2238.0409 2265.1017 2258.2477 2250.9351 2257.62
248 0.9462 2487.4384 2226.0254 2505.6605 2228.938 2503.623 2241.6851 2485.4009 2238.7725
248 0.929 1992.2747 2179.1034 2006.5722 2182.1837 2002.5928 2200.6545 1988.2952 2197.5742
248 0.9279 1789.3365 1267.0911 1805.5117 1269.5196 1803.717 1281.4735 1787.5417 1279.045
248 0.9203 2271.207 2146.0677 2280.1748 2155.0058 2267.6018 2167.6207 2258.634 2158.6827
248 0.9186 2070.8594 865.8416 2083.1053 867.8883000000001 2080.0826 885.9736 2067.8367 883.9268999999999
248 0.916 2171.6549999999997 2304.6724 2186.2722 2297.4722 2194.6152 2314.4094999999998 2179.9981 2321.6097
248 0.895 1817.3164 1944.6451 1830.5843 1950.8103999999998 1821.3648 1970.6509 1808.0969 1964.4856
248 0.8188 1336.4883 3320.0618 1348.4714 3312.6758 1358.2073 3328.4713 1346.2242 3335.8573
248 0.8008 1710.8781 2027.1599 1722.5339 2020.6673 1730.8872000000001 2035.6635 1719.2314000000001 2042.1562
248 0.7789 1677.013 2105.2735 1694.7777999999998 2097.5987 1700.9667 2111.924 1683.202 2119.5989
248 0.7019 2343.6963 2272.9706 2357.6547 2270.2578 2361.0854 2287.9107 2347.127 2290.6234
248 0.6257 1722.8699000000001 1328.7885 1732.8503 1334.4856 1724.1296 1349.7629 1714.1491999999998 1344.0659
248 0.484 2463.8038 2282.0133 2476.5216 2289.3044 2467.7556 2304.5947 2455.0378 2297.3036
248 0.3519 1283.5099 3203.0598 1295.913 3199.9942 1300.1665 3217.2034 1287.7634 3220.2690000000002
248 0.2737 2201.0434999999998 1197.616 2222.3848 1204.7051000000001 2217.6327 1219.011 2196.2914 1211.9219
248 0.169 2057.0054 877.6318 2062.8378 878.8016 2061.1331 887.3015 2055.3006 886.1317
248 0.161 1828.4306000000001 855.6635 1841.5345 856.5325 1840.2217 876.3281999999999 1827.1178 875.4592
248 0.0897 1715.5482 957.34 1726.4553 959.676 1722.9568 976.0114 1712.0497 973.6755
248 0.0529 2518.442 2883.7178 2527.4351 2880.5596 2531.6699 2892.6183 2522.6768 2895.7765
376 0.0691 2441.5667 2802.1068999999998 2477.8058 2805.446 2474.2675 2843.8474 2438.0283 2840.5083
509 0.1034 2148.2219999999998 1002.484 2179.7754999999997 997.0054 2184.0076 1021.3799 2152.4542 1026.8585
509 0.0821 2924.4594 542.4096 2941.2427 542.9881 2940.5071 564.3299 2923.7237999999998 563.7514
509 0.0639 2136.9117 1084.7491 2148.301 1082.1215 2151.855 1097.527 2140.4658 1100.1545999999998
184 0.1297 3552.3127 3472.3501 3579.9063 3471.4545 3581.3983 3517.4241 3553.8047 3518.3197
184 0.0817 3492.0897999999997 3382.3715 3528.1991 3382.7916999999998 3527.5623 3437.5188 3491.453 3437.0986
184 0.0666 2256.2469 4039.8898 2294.3665 4015.505 2312.4177 4043.7235 2274.2981 4068.1083
46 0.0674 1353.0743 349.4686 1393.3542 325.7066 1436.3465999999999 398.585 1396.0666999999999 422.347
686 0.0798 2853.9163 2558.4093 2960.9713 2624.6381 2896.2448 2729.2646 2789.1899 2663.0358
686 0.0664 2667.5235 2565.1756 2770.8017 2565.1344 2770.8287 2632.8566 2667.5505 2632.8978
448 0.0975 2887.6353 3541.9179 2942.8372 3526.9337 2956.2642 3576.3989 2901.0623 3591.3831
448 0.08 1528.3354 1005.78 1605.8686 999.9439 1610.4179 1060.3816000000002 1532.8846 1066.2177000000001
448 0.075 1530.702 2223.4347 1580.929 2216.5497 1590.7579 2288.2525 1540.5308 2295.1375
448 0.0533 1525.771 844.6033 1602.5649 835.3805 1609.0627 889.4847 1532.2688 898.7075
448 0.052 1426.6152 1025.662 1503.3148999999999 1009.774 1514.6853999999998 1064.6653000000001 1437.9857 1080.5533
477 0.0832 1024.7223 915.422 1076.318 913.4349 1079.5598 997.6068 1027.9641 999.5939
654 0.0629 1968.4161 955.863 1981.8796 948.5223 1987.9693 959.6916 1974.5057000000002 967.0322
576 0.0575 407.8079 2461.4449 440.1389 2431.4135 463.7936 2456.8795 431.4626 2486.9109
10 0.3081 1034.7714 3434.5389 1068.9019 3441.1766 1060.8389 3482.6359 1026.7084 3475.9982
10 0.1894 2729.354 2130.9993 2771.2008 2103.8067 2816.9275 2174.1757 2775.0807 2201.3683
10 0.0589 1023.9178 3516.5299 1073.3181 3509.676 1086.0187 3601.2163 1036.6184 3608.0703
124 0.1677 3864.6189 1502.906 3892.7605 1508.0035 3887.0872 1539.3243 3858.9456 1534.2268
124 0.0932 819.7946 462.9814 844.5016 474.2202 830.0083999999999 506.0815 805.3014000000001 494.8426
304 0.6128 1658.0757 3996.8243 1680.632 3994.9474 1682.1855 4013.6172 1659.6291 4015.4941
304 0.5633 3029.1837 3218.3406 3056.8406 3229.6757 3041.5419 3267.0035 3013.885 3255.6684
304 0.3264 2755.1597 3701.2003 2770.2393 3711.8603000000003 2757.2058 3730.2975 2742.1261 3719.6375
304 0.1104 1026.0878 3663.6704 1043.2109 3663.0366 1044.3679 3694.2924000000003 1027.2448 3694.9262
304 0.0646 1392.4314 3607.4471 1401.2332000000001 3603.1853 1405.8569 3612.7344000000003 1397.0551 3616.9962
645 0.1295 1210.2192 31.1866 1242.7975000000001 51.265 1227.0012000000002 76.8956 1194.4228 56.8171
645 0.0633 2036.6107 1581.2388 2069.6205 1558.2113 2101.9223 1604.5159 2068.9125 1627.5434
673 0.067 2692.1816 1495.4335999999998 2743.0484 1496.5551 2742.1578 1536.9529 2691.291 1535.8314
688 0.0751 870.427 1012.2753 990.6661 1093.1185 919.4258 1199.0751 799.1867 1118.232
439 0.8113 1928.3605 235.301 1958.5331 235.7252 1958.2595999999999 255.1757 1928.087 254.7515
679 0.1237 2907.4859 2133.9251 2946.8092 2123.2667 2960.9011 2175.2573 2921.5778 2185.9157999999998
345 0.0995 1638.3719 1528.6439 1683.0146 1511.8842 1703.1186 1565.4352 1658.4758000000002 1582.1949
700 0.5441 2598.7084 3967.4496 2622.7619 3976.0175 2611.4346 4007.8178 2587.3811 3999.2499
382 0.0779 1962.1309999999999 2546.9769 2021.6768 2556.0561 2009.6512 2634.9253 1950.1055000000001 2625.8462
382 0.0663 2905.9712 2590.1736 2928.0374 2578.3417 2940.2705 2601.1564 2918.2043 2612.9882
666 0.16 2941.2819 598.4182 2978.5942999999997 586.2065 2988.6663 616.981 2951.3539 629.1927000000001
118 0.3128 667.6653 7.4773 700.0383 20.2998 685.3034 57.5008 652.9304 44.6782
