344 0.6004 3718.7209000000003 2492.4341 3771.6621 2455.7646999999997 3814.6564 2517.8375 3761.7152 2554.5069
344 0.5717 537.9001 1370.8139 610.8623 1394.6539 590.6943 1456.378 517.7322 1432.5381
344 0.5337 775.2809 1661.6548 838.8657 1683.1356 820.1606 1738.5041999999999 756.5758 1717.0235
344 0.5255 993.1273 1728.6587 1054.0684999999999 1760.7593000000002 1024.4965 1816.9 963.5553 1784.7993999999999
344 0.4602 883.7677 1694.6149 949.829 1722.9243 924.5279 1781.9656 858.4666 1753.6562
344 0.4361 1061.1455 1560.7324 1130.2041 1583.7331 1109.3538 1646.3354 1040.2952 1623.3348
344 0.4322 548.0502 1604.2656 609.5550000000001 1584.4666 630.9263 1650.856 569.4216 1670.655
344 0.3993 865.1246 1487.4429 909.3156 1510.3057 890.5015000000001 1546.671 846.3105 1523.8082
344 0.3917 1396.7381 1879.7883 1467.4285 1906.0792999999999 1444.8742 1966.7225 1374.1838 1940.4315000000001
344 0.3185 578.3201 1155.3596 628.1489 1191.4738 582.3525 1254.6617999999999 532.5237 1218.5475999999999
344 0.301 1201.7703000000001 1802.8585 1260.4348 1842.856 1225.2468 1894.4663 1166.5823 1854.4688
344 0.2505 1090.1669 1768.3026 1157.9047 1791.593 1137.6701 1850.4433 1069.9323 1827.1528
344 0.223 663.6733 1620.2732 739.7363 1642.2743 721.5726 1705.0707 645.5095 1683.0696
344 0.2193 1295.267 1839.7154 1369.6462000000001 1869.2039 1345.3336 1930.5281 1270.9542999999999 1901.0396
344 0.1018 3686.3194 2632.3264 3752.5316000000003 2599.3368 3780.3825 2655.2353 3714.1702999999998 2688.2249
344 0.0755 752.8785 1444.45 820.8806 1475.7661 795.4561 1530.9747 727.454 1499.6586
342 0.5887 3718.6711 2493.158 3770.7172 2455.7982 3814.6411 2516.9886 3762.5950000000003 2554.3484
342 0.5089 538.5229 1371.063 610.9448 1394.4899 591.3552 1455.0491 518.9334 1431.6222
342 0.4515 549.3747 1600.3781 613.3176 1585.0154 629.9059 1654.0595 565.963 1669.4221
342 0.4421 995.4888000000001 1727.0622 1055.8759 1762.9773 1023.1591000000001 1817.9867 962.7719999999999 1782.0715
342 0.4198 1396.7379 1881.0378 1467.3104 1906.4524999999999 1445.5322 1966.9270999999999 1374.9596999999999 1941.5125
342 0.4178 771.4144 1661.7669 838.8004 1677.5765000000001 824.8109 1737.2042000000001 757.425 1721.3944999999999
342 0.3994 1062.2791 1559.563 1132.1745 1585.4756 1108.6193 1649.0123 1038.7239 1623.0997
342 0.3244 575.9282 1155.6823 628.2426 1188.6886 586.0824 1255.5117 533.7679 1222.5054
342 0.3216 868.6654 1487.1085 911.1684 1516.5848 886.9286 1551.537 844.4256 1522.0607
342 0.3025 883.0225 1694.8541 951.1482 1721.7635 927.2608 1782.2383 859.1351 1755.3289
342 0.2981 1202.6575 1803.652 1260.9334 1843.5844 1225.8862 1894.7311 1167.6103 1854.7987
342 0.2509 1098.3367 1765.6539 1160.4406 1799.589 1130.7502 1853.9249 1068.6462 1819.9898
342 0.2094 665.7334 1620.1099 741.4366 1646.726 720.2239 1707.0606 644.5207 1680.4445
342 0.1846 1308.1662999999999 1835.6281 1371.8409 1882.3847 1333.3291 1934.8312 1269.6545 1888.0746
342 0.1202 758.5502 1442.548 821.9386 1480.9229 789.7561 1534.0825 726.3677 1495.7076
342 0.0916 3688.397 2627.5395 3757.614 2601.7783 3779.4002 2660.3152 3710.1833 2686.0764
670 0.145 1527.9827 518.2426 1590.1315 518.7052 1589.645 584.0599 1527.4962 583.5972
670 0.0597 2094.2102 2122.0277 2152.6714 2143.2541 2130.277 2204.9323 2071.8157 2183.7059
670 0.0594 2039.2292 2258.6303 2084.6075 2219.9106 2130.2798 2273.4371 2084.9015 2312.1567999999997
670 0.0579 1435.2341999999999 1096.7194 1510.8761 1069.8165 1534.0507 1134.976 1458.4088000000002 1161.8788
670 0.0568 2837.8489 1028.4264 2892.7113 1060.714 2856.8882 1121.584 2802.0258 1089.2965
23 0.0829 1091.7249000000002 1539.5637 1152.3925 1540.879 1150.9149 1609.0352 1090.2473 1607.72
23 0.0719 1549.0853 2704.699 1589.4205 2676.1388 1617.5002 2715.7954 1577.165 2744.3556
23 0.0529 1402.92 2726.1922 1467.3701999999998 2709.8018 1480.808 2762.6419 1416.3578 2779.0323
446 0.6624 3611.4736000000003 2078.5564 3636.0352000000003 2095.1785 3623.811 2113.2414 3599.2495 2096.6193
446 0.5679 3666.1758 1593.8713 3689.7531 1612.6196 3671.417 1635.6785 3647.8397 1616.9302
446 0.3789 3600.0042 255.3531 3622.4302 241.3507 3633.8861 259.6982 3611.46 273.7006
446 0.3299 2735.945 526.2982 2764.1134 538.6183 2754.5298 560.5297 2726.3615 548.2096
446 0.114 2974.3428 616.2032 3005.9543 621.4981 3000.5867 653.5436 2968.9751 648.2487
446 0.0758 2940.7057 88.4654 2968.1377 73.5304 2979.3274 94.0833 2951.8954 109.0182
446 0.0701 1656.7816 2832.0039 1676.9417 2829.6263 1680.1611 2856.9245 1660.001 2859.3021
94 0.9941 579.5545 938.1668999999999 659.4529 969.8859 629.8974000000001 1044.3344 549.9991 1012.6152999999999
94 0.992 485.7611 1198.502 558.6301 1147.2149 609.6421 1219.6928 536.7731 1270.98
94 0.9896 717.5499 744.7882 789.0363 795.5858000000001 740.9111 863.3114 669.4247 812.5138
94 0.9831 1685.9118 917.7248999999999 1755.4805000000001 856.9649999999999 1816.589 926.9329 1747.0203 987.6928
94 0.9788 510.8712 1404.1807 580.7144 1384.9646 602.02 1462.402 532.1767 1481.6181000000001
94 0.9727 793.7287 1330.3751 865.7254 1376.7118 819.2739 1448.887 747.2772 1402.5502999999999
94 0.9596 838.2894 981.9549999999999 896.4866 928.1349 961.4617000000001 998.3941 903.2645 1052.2143
94 0.9486 1488.0362 593.4149 1554.1158 648.5547 1504.781 707.6776 1438.7014 652.5378
94 0.8848 2227.5963 452.4105 2301.9596 420.4767 2337.3138 502.8053 2262.9503999999997 534.739
94 0.7115 1875.6018 683.9512 1949.4099999999999 624.0632 2010.5394000000001 699.4012 1936.7313 759.2892
94 0.5099 851.0127 509.4957 886.7787 491.3627 901.8982 521.1847 866.1322 539.3177
94 0.3383 1349.1934999999999 37.3342 1394.2111 75.1335 1348.2277 129.898 1303.2101 92.0987
94 0.3018 1662.9223 486.0751 1735.0262 427.8453 1792.8853 499.4903 1720.7813999999998 557.7201
94 0.0971 478.0079 1437.0002 511.6744 1415.654 540.963 1461.8467 507.2965 1483.193
94 0.0906 1032.285 51.4617 1052.7278 57.3995 1043.8929 87.8168 1023.45 81.879
94 0.0644 478.2343 957.1393 526.6217 937.4208 553.4098 1003.1567 505.0225 1022.8751
94 0.0537 881.0749000000001 418.781 915.8025 429.272 906.0873 461.4312 871.3598 450.9402
94 0.0521 1407.2765 80.6535 1443.853 60.73 1459.7262 89.8708 1423.1497 109.7943
94 0.0501 483.353 1406.9112 506.4152 1385.9098 535.5376 1417.8899000000001 512.4753 1438.8913
681 0.1824 2811.0512 1963.9015 2841.8616 1947.9024 2858.4184999999998 1979.7869 2827.6081 1995.786
681 0.0621 2709.6557 2558.884 2770.5389 2586.4396 2744.9889 2642.8915 2684.1057 2615.3359
681 0.0592 1327.8011000000001 2590.4569 1412.103 2592.6889 1410.392 2657.3146 1326.0901 2655.0827
681 0.0521 1264.0249 3305.5861999999997 1335.787 3315.1014 1326.5915 3384.4536 1254.8292999999999 3374.9384
392 0.3997 2178.0765 960.9537 2216.9013999999997 953.0699 2225.8896 997.3342 2187.0648 1005.2179
392 0.2326 2167.1106 879.6352999999999 2203.4755 867.8316 2216.306 907.3598999999999 2179.9412 919.1636
392 0.1484 2193.7736 1050.8588 2230.6217 1037.924 2243.9644 1075.9343 2207.1163 1088.8691
392 0.1387 2562.9668 2011.7269000000001 2619.9136 2007.8874 2625.604 2092.2864 2568.6572 2096.1259
392 0.0891 2048.8781 960.7090000000001 2075.6216 950.2597000000001 2089.7831 986.5041 2063.0396 996.9534
392 0.0852 2615.2643 2482.552 2683.4542 2470.6283 2698.1592 2554.725 2629.9694 2566.6486
392 0.077 2500.9396 1718.3303 2571.0833000000002 1709.0129 2582.5193 1795.1066 2512.3757 1804.424
392 0.0659 2561.4119 1733.2429 2577.9963 1733.0086999999999 2578.498 1768.5375 2561.9136 1768.7717
231 0.6723 1347.3151 963.1438 1391.7033000000001 989.9244 1368.5764 1028.2567 1324.1882 1001.4761
231 0.1149 1540.7624 1749.4155 1571.6322 1746.5026 1574.8612 1780.7222000000002 1543.9914 1783.6351
231 0.0639 1467.9283 1450.0154 1514.7507 1418.2478999999998 1543.4009 1460.4755 1496.5786 1492.2431000000001
586 0.1237 2571.4163 2793.1171 2634.7709 2770.1974 2660.801 2842.1501 2597.4465 2865.0698
586 0.0846 2470.8273 3205.4709000000003 2542.1258 3220.4713 2525.881 3297.6852 2454.5825 3282.6849
363 0.1568 1272.9445 1901.4724999999999 1424.3202 1878.7018 1446.289 2024.7465 1294.9134 2047.5172
363 0.1533 1511.0322 2589.0432 1623.3385 2552.978 1665.0932 2683.0014 1552.787 2719.0666
363 0.0896 1287.5641 2065.2875 1465.238 2045.1562 1480.6395 2181.0863 1302.9656 2201.2177
120 0.264 982.511 1535.6422 1014.0944999999999 1541.7563 1006.7832000000001 1579.5245 975.1997 1573.4105
120 0.1325 327.4135 2367.1743 365.0483 2364.1321 368.3253 2404.6723 330.6905 2407.7145
120 0.0909 260.0483 2698.235 299.1982 2694.7778 302.4561 2731.6713 263.3062 2735.1285
120 0.0887 379.6823 3069.0099 436.3925 3104.4479 403.5352 3157.0284 346.825 3121.5905
120 0.0577 294.7983 2496.6758 367.2155 2520.3923 347.8176 2579.6227 275.4005 2555.9062
100 0.2996 567.1296 2097.4040999999997 599.8066 2071.5389 627.3777 2106.3709 594.7007 2132.2361
100 0.2862 1966.2077 1058.3463 1994.0651 1034.101 2013.8373000000001 1056.8189 1985.9799 1081.0642
100 0.1733 709.6004 2001.9382 741.7963 1983.2361 761.9618 2017.9513 729.7659 2036.6533
100 0.1142 1990.8464 1086.5221 2022.511 1073.138 2034.2395999999999 1100.8858 2002.575 1114.2699
100 0.1122 3498.4609 1.4147 3549.1758 -4.3154 3552.4053 24.2677 3501.6905 29.9979
100 0.0788 398.6092 2115.0414 439.4943 2111.4149 442.8234 2148.9472 401.9383 2152.5737
100 0.0717 2071.469 1016.7042 2084.0485 1012.8511 2087.4919 1024.0933 2074.9125 1027.9464
100 0.0716 260.6814 2225.8765 294.2064 2200.8599 316.2029 2230.3376 282.6779 2255.3541999999998
100 0.0665 308.3216 2283.2725 341.6367 2262.707 361.1641 2294.3405000000002 327.849 2314.9058999999997
100 0.0563 2055.956 997.2437 2092.8834 966.6266 2120.9689 1000.5008 2084.0415 1031.1178
616 0.126 2540.0554 1328.3052 2556.2515 1329.973 2553.2433 1359.188 2537.0472 1357.5203000000001
616 0.0625 1028.5977 622.8018 1088.4633 622.4305 1088.8842 690.2906 1029.0185 690.6619
616 0.0623 2567.8504 1306.7215999999999 2607.636 1308.1428 2604.9667 1382.8732 2565.1811 1381.4521
327 0.1187 3078.6496 552.6006 3094.2954 555.3329 3090.9056 574.7435 3075.2599 572.0112
327 0.0935 3468.1423 174.0239 3508.0638 185.004 3495.0344999999998 232.3764 3455.1129 221.3964
470 0.0958 522.3473 2640.1423 579.605 2645.3246 573.61 2711.5615 516.3523 2706.3792
470 0.0735 520.7122 2460.7862999999998 573.3299 2468.4571 563.6595 2534.791 511.0418 2527.1202
470 0.0665 2047.522 1446.7032 2074.904 1445.3432 2077.0973 1489.5014999999999 2049.7153 1490.8615
470 0.0593 496.6922 2122.5028 538.6608 2091.2577 577.7682 2143.7871 535.7996 2175.0322
470 0.0556 520.8234 1415.8065000000001 581.6831 1423.3415 572.5587 1497.0384 511.699 1489.5034
470 0.0555 514.4994 2818.5204 581.0024 2815.1993 584.5854 2886.9464 518.0824 2890.2675
470 0.0525 1974.012 1163.6461 2007.4371 1160.4844 2011.2696 1201.002 1977.8445000000002 1204.1635999999999
461 0.1903 1896.4814000000001 3771.7934999999998 1930.5976 3753.0784 1953.3344 3794.5258 1919.2183 3813.2408
461 0.0711 2158.2576 3863.0396 2198.6993 3837.2065000000002 2229.1481 3884.874 2188.7064 3910.7071
461 0.0702 1984.7573 912.4883 2036.5126 937.6987 2005.1414 1002.1019 1953.386 976.8915
461 0.0597 2811.4405 1978.4846 2865.9697 1951.6623 2894.4019 2009.4645 2839.8727 2036.2867999999999
461 0.0557 1690.3420999999998 2054.3627 1727.2672 2047.6374 1732.7475 2077.7269 1695.8224 2084.4522
461 0.051 2101.3224 3082.7521 2148.118 3074.9047 2152.5847 3101.5408 2105.7891 3109.3882
274 0.2877 1826.6336000000001 874.3567 1856.449 858.0769 1871.5989 885.8232 1841.7836 902.1029
274 0.1244 1749.5293 1963.9077 1781.0605 1962.5776 1782.3833 1993.9343 1750.8521 1995.2645
274 0.0838 1621.7107 1714.6575 1651.0818 1700.8682 1664.4523 1729.3474 1635.0813 1743.1367
274 0.0785 1375.7595000000001 1388.7092 1416.5548 1361.3992 1440.1525 1396.6492 1399.3572 1423.9591
274 0.0717 1835.2759 1455.9292 1869.5696 1438.7041 1885.2024000000001 1469.8278 1850.9087 1487.0529000000001
274 0.0573 1813.8438 887.2819 1851.4691 897.2949 1843.2440000000001 928.2018 1805.6187 918.1888
314 0.9735 494.3568 3096.871 534.0104 3128.7861000000003 502.7341 3167.6461 463.0804 3135.7309999999998
314 0.9557 293.9846 2975.3165 344.249 2996.8758 324.0839 3043.8895 273.8195 3022.3302
314 0.9357 701.7031 2830.2275 740.6786999999999 2866.7275 702.5763 2907.4141 663.6007 2870.9141
314 0.9354 494.8773 3029.5391 545.1617 3006.8118 565.8495 3052.5837 515.5651 3075.311
314 0.3074 2411.3477 3184.7603 2434.6588 3189.2355 2431.4821 3205.7827 2408.171 3201.3074
314 0.2541 2354.5656 3769.9775 2376.1625 3780.3863 2367.9232 3797.4818 2346.3263 3787.0731
314 0.2208 2070.7499 2949.6584000000003 2112.1075 2984.991 2083.6066 3018.3521 2042.249 2983.0195
314 0.1898 3201.9732 2033.9164 3232.9238 2060.4502 3210.0037 2087.1856 3179.0531 2060.6519
314 0.1416 563.403 2979.0278 595.728 3003.236 563.5409 3046.2151 531.2159 3022.007
314 0.1374 202.0794 2721.8585000000003 248.8238 2764.1405999999997 210.11 2806.94 163.3656 2764.6579
314 0.1068 2412.4406 3669.1818 2430.559 3687.2751 2417.9085 3699.943 2399.7902 3681.8496
314 0.0936 2065.4367 2583.4903 2090.164 2601.2889 2067.4014 2632.9125 2042.6741 2615.1139
314 0.0651 2903.8352 2500.0112 2948.0272 2523.9855 2926.8778 2562.9701999999997 2882.6859 2538.996
314 0.062 2386.9821 2564.2919 2425.123 2569.1689 2420.6319 2604.2925 2382.491 2599.4155
434 0.1185 1978.1344 2884.1941 2037.6395 2888.439 2032.6996 2957.6863 1973.1945 2953.4413
434 0.1011 1907.59 2787.0335 1976.4776 2797.5266 1965.8015 2867.6157 1896.9139 2857.1226
434 0.0797 1853.1616 3519.4559 1910.6965 3547.17 1886.9474 3596.4735 1829.4124 3568.7593
434 0.0593 1722.6832 2575.7795 1782.2818 2576.1583 1781.7542 2659.1543 1722.1556 2658.7755
253 0.0766 1538.2055 2064.5966 1554.4189 2065.0546 1553.8322 2085.8214 1537.6189 2085.3634
178 0.3748 3499.108 3964.7463 3535.0206 3977.4506 3523.0181000000002 4011.3795 3487.1055 3998.6751
178 0.0884 3547.4395 3990.1405 3578.8843 4009.6035 3556.1072 4046.4028 3524.6623 4026.9399
178 0.0568 2780.6411 2758.1177 2838.8178 2739.3595 2855.627 2791.4916 2797.4503 2810.2498
410 0.1605 1975.3213 3149.9889 2047.0792000000001 3161.9667 2030.1412 3263.4401 1958.3833 3251.4622
410 0.0643 2564.4361 3656.7812 2614.2478 3665.822 2600.1702 3743.3859 2550.3585 3734.3451999999997
410 0.0621 2535.6484 3837.9882 2578.9272 3859.2239 2543.3475 3931.7363 2500.0686 3910.5005
410 0.0614 2560.9383 3574.088 2621.2896 3573.245 2622.2976 3645.4119 2561.9463 3646.2549
410 0.0534 2387.6116 3618.739 2439.3418 3631.6536 2419.6233 3710.6369999999997 2367.8931000000002 3697.7224
418 0.0512 1508.3602 1952.9745 1537.2493 1961.016 1528.3226 1993.0851 1499.4335 1985.0437
418 0.0504 2194.2839 2143.1727 2225.8746 2146.1946 2221.6374 2190.4911 2190.0467 2187.4692
125 0.9866 507.1595 1251.4304 582.6884 1202.2968 632.2546 1278.4906999999998 556.7257 1327.6243
125 0.9856 449.1969 1314.4221 532.3225 1303.2631999999999 543.3233 1385.2113 460.1978 1396.3701999999998
125 0.9491 52.691 1836.7853 125.4678 1786.3908999999999 172.0123 1853.608 99.2356 1904.0023999999999
125 0.1801 508.9519 536.0149 559.3528 512.4883 594.6303 588.0634 544.2293999999999 611.59
125 0.1186 2060.6021 2885.6499 2121.7831 2886.2823 2120.965 2965.4208 2059.784 2964.7883
125 0.0707 487.2174 1263.5194999999999 528.5067 1251.7867 542.4989 1301.0275000000001 501.2096 1312.7603
125 0.0676 4016.9962 1636.3391000000001 4094.0505000000003 1639.8043 4090.5054 1718.6327999999999 4013.4511 1715.1675
125 0.0622 565.0063 681.3206 620.7818 631.8412 674.0759 691.9169 618.3004 741.3963
345 0.8126 1638.8645 1285.0901 1694.9984 1325.2058 1657.3143 1377.9371999999998 1601.1804 1337.8215
345 0.4801 1633.2869 1534.1831 1681.6163999999999 1508.5187 1708.7693 1559.6512 1660.4398 1585.3156
345 0.291 1116.1871999999998 871.5065 1179.7075 898.5334 1150.1201 968.0718 1086.5997 941.045
345 0.2627 1327.3366999999998 1378.3467 1402.275 1415.3641 1372.2254 1476.1967 1297.2871 1439.1793
345 0.2419 1207.055 1349.5143 1284.8388 1355.8746 1279.4009 1422.3776 1201.6171 1416.0173
345 0.163 1440.7091 1417.7259 1508.0448999999999 1455.7165 1474.6187 1514.9622 1407.2828 1476.9715999999999
345 0.1286 1497.0557 1285.5382 1570.5911999999998 1258.9022 1589.9203 1312.2651 1516.3849 1338.9012
507 0.0764 3076.5841 2282.8062 3098.4088 2284.776 3094.4836 2328.2638 3072.6589 2326.2939
507 0.064 3067.9426 2333.9439 3094.0528 2331.4396 3097.6198 2368.6288 3071.5096 2371.1331
507 0.0602 3058.9624 2374.5954 3098.8950999999997 2394.7244 3079.2988 2433.6004 3039.3661 2413.4714
527 0.0688 3439.2081 2770.36 3472.2309 2740.7396 3502.4746 2774.4573 3469.4518 2804.0778
527 0.0522 2662.1548000000003 1284.8283000000001 2705.5588 1285.9116 2704.5342 1326.9643 2661.1302 1325.8809999999999
678 0.1006 1319.7592 2305.3275 1390.2251 2306.5175 1389.067 2375.0963 1318.6010999999999 2373.9064
678 0.0853 2990.3085 1992.2975999999999 3055.0031 1977.2993999999999 3068.2901 2034.6127000000001 3003.5955 2049.6109
678 0.0759 1233.6591 2128.6979 1304.9665 2130.5988 1303.0383 2202.9283 1231.731 2201.0274
678 0.0727 2755.7008 1555.4368 2814.6495 1561.0581 2808.6718 1623.7449 2749.723 1618.1236
678 0.0513 1264.0416 2289.8238 1321.231 2331.6285 1277.4391 2391.5364 1220.2497 2349.7317000000003
645 0.2184 2064.15 1231.3342 2180.3015 1168.6541 2242.704 1284.2912000000001 2126.5525 1346.9713000000002
645 0.0772 1679.8602 1746.0581 1797.9784 1791.3393 1748.6985 1919.8881000000001 1630.5803 1874.6069
645 0.0571 508.8506 850.5789 617.9768 820.3492 655.2348 954.8467 546.1086 985.0765
645 0.0543 1922.7852 1330.8636000000001 2024.3148 1256.2874000000002 2118.6922 1384.7746 2017.1626 1459.3508000000002
662 0.3445 2977.1464 438.3477 3041.1365 477.8129 3004.3972 537.3831 2940.4071 497.9179
662 0.1354 3075.1769 944.8736 3218.2876 1008.2779 3166.7361 1124.6357 3023.6253 1061.2314000000001
662 0.1084 1122.006 2383.7519 1163.8769 2359.9175 1182.4943 2392.6235 1140.6234 2416.4579
662 0.0908 736.3839 3446.1620000000003 859.8992 3402.4 902.6006 3522.9217 779.0853 3566.6837
662 0.0796 3044.8857 1075.1482 3155.2532 1171.4604 3069.3576 1269.8911 2958.9901 1173.5789
662 0.0736 1708.7060999999999 1130.4474 1839.6502 1093.8587 1877.652 1229.8605 1746.708 1266.4491
662 0.0685 2011.9876 670.3121 2155.3673 734.564 2098.2938 861.9252 1954.9141 797.6733
467 0.0936 854.3597 1533.3269 922.3683 1565.999 887.126 1639.3574 819.1175000000001 1606.6853
467 0.0515 329.4991 966.3251 403.2271 966.7173 402.958 1017.3233 329.2299 1016.9312
235 0.0871 2621.4358 2479.2871999999998 2666.8918 2523.1008 2613.2871 2578.7147999999997 2567.8311 2534.9011
235 0.0507 2615.1139 2550.8995999999997 2622.2319 2546.674 2628.3017 2556.8985000000002 2621.1836 2561.1241
684 0.0687 3039.9642 577.7684 3086.2987000000003 557.838 3101.201 592.483 3054.8664 612.4135
676 0.1643 3157.1971 1774.2971 3193.0423 1780.9481 3187.4087 1811.3102 3151.5635 1804.6592
676 0.1632 2007.2183 1143.3513 2036.5109 1130.8597 2046.0972 1153.3393999999998 2016.8046 1165.8310000000001
676 0.1413 3053.9266 1693.2109 3073.1012 1702.2673 3060.8073 1728.2962 3041.6328 1719.2397999999998
676 0.1175 2190.9477 1078.3235 2216.1762 1056.358 2237.1341 1080.4292 2211.9056 1102.3948
676 0.0753 3112.0101 1458.9785 3141.9637 1474.4674 3128.4572 1500.5873000000001 3098.5036 1485.0983
676 0.0681 3158.5496000000003 1280.8295 3183.8011 1302.5911 3168.2368 1320.6514 3142.9853000000003 1298.8898
685 0.0846 436.6848 3097.2587 571.5699 3086.3303 581.7211 3211.6216 446.836 3222.5501
685 0.0768 2552.3742 531.1058 2608.018 506.4559 2635.0804 567.5455 2579.4366 592.1954000000001
685 0.0712 2555.6295 2044.358 2661.3361999999997 2113.9949 2585.8687 2228.5522 2480.162 2158.9154
685 0.053 3086.149 283.0985 3189.4831 302.098 3161.0712 456.6238 3057.7371 437.6243
685 0.0525 2117.7214 1574.5009 2223.5955 1641.3883 2156.1411 1748.1599 2050.267 1681.2725
31 0.2006 2814.1584000000003 1206.2259 2875.6224 1156.0720000000001 2924.6982 1216.2148 2863.2343 1266.3687
31 0.0697 2596.5380999999998 552.0376 2630.4022 534.5794 2644.7742 562.4571 2610.9101 579.9152
31 0.0601 2530.5929 1155.3874 2557.7205 1169.509 2537.5651 1208.2276000000002 2510.4375 1194.106
609 0.271 1980.6142 194.4202 2035.9548 210.3707 2017.7237 273.6241 1962.3831 257.6736
609 0.0645 1480.299 1272.2293 1532.4195 1310.9122 1500.2341999999999 1354.278 1448.1136999999999 1315.5952
609 0.0622 2043.1153 769.8231000000001 2069.1974 753.4571 2092.2344 790.1707 2066.1523 806.5367
609 0.0589 1928.3672000000001 506.7306 1992.3292000000001 526.6335 1974.0148 585.4906 1910.0528 565.5877
609 0.0516 2629.3903 1535.549 2707.0673 1549.3529 2698.0183 1600.2729 2620.3414 1586.4691
204 0.0921 582.9547 1934.9099999999999 715.6928 1925.4672 723.6713 2037.6214 590.9331999999999 2047.0642
655 0.145 733.5652 1574.3708 844.8876 1530.0936 891.8355 1648.1308 780.5129999999999 1692.4079
655 0.0989 396.6159 3164.6761 456.6891 3205.6768 410.2924 3273.6562 350.2191 3232.6555
655 0.0711 599.595 100.2938 740.9004 129.747 713.2864 262.229 571.981 232.7759
655 0.0568 226.7461 3086.8518 369.1579 3100.5311 356.7424 3229.7859 214.3306 3216.1066
655 0.0562 1229.5641 552.6004 1290.2943 508.2389 1334.1581 568.2877 1273.4279000000001 612.6492
655 0.0516 521.5817 2880.6094000000003 579.4562 2883.1684999999998 576.1659 2957.5795 518.2915 2955.0204
655 0.0504 170.9837 2922.3749 325.7404 2922.1357 325.9438 3053.7893 171.1871 3054.0284
364 0.1568 1272.9445 1901.4724999999999 1424.3202 1878.7018 1446.289 2024.7465 1294.9134 2047.5172
364 0.1533 1511.0322 2589.0432 1623.3385 2552.978 1665.0932 2683.0014 1552.787 2719.0666
364 0.0896 1287.5641 2065.2875 1465.238 2045.1562 1480.6395 2181.0863 1302.9656 2201.2177
298 0.0791 2004.2255 2734.1315 2020.3713 2741.7949 2014.2916 2754.6041999999998 1998.1458 2746.9408
298 0.0547 2249.2131 2804.6011 2267.8209 2806.3881 2266.278 2822.4543 2247.6702 2820.6673
30 0.8539 2123.4645 3677.3893 2172.1938 3687.819 2162.0511 3735.2079 2113.3218 3724.7783
30 0.3964 3215.8504 2791.8098 3255.4166999999998 2784.5847 3262.8144 2825.0958 3223.2481 2832.321
30 0.2831 3125.8971 2970.7542 3156.5253 2945.0006 3180.8172 2973.8904 3150.1889 2999.6440000000002
30 0.1929 3229.4385 2892.4215 3271.2228 2861.974 3300.7215 2902.4561 3258.9372 2932.9036
30 0.1397 3438.1284 2550.6172 3474.5182 2528.0605 3496.0043 2562.723 3459.6145 2585.2797
30 0.1291 2752.8638 3012.7833 2798.6551 2984.0868 2826.5215 3028.5534 2780.7302 3057.2499
30 0.1209 3034.135 2833.1643 3068.1977 2811.0187 3089.1001 2843.1693 3055.0374 2865.3149
30 0.1115 3482.1112000000003 2619.9813 3511.7178 2593.6891 3537.2518 2622.4419 3507.6452 2648.7341
30 0.1067 3170.0951 2736.7003 3203.7116 2714.1959 3227.6125 2749.8985000000002 3193.996 2772.4028
30 0.0904 2391.0974 3330.8242 2420.6662 3310.5348 2438.1393 3335.9995 2408.5705 3356.2888000000003
30 0.0758 2299.2836 3392.0873 2328.7964 3370.1624 2346.6151 3394.1479 2317.1023 3416.0728
30 0.0567 3810.9171 2284.8564 3858.3712 2259.2758 3882.2793 2303.6272 3834.8253 2329.2078
30 0.0531 2420.2554 3362.4114 2448.1064 3346.3925 2463.2783 3372.7708000000002 2435.4273 3388.7897000000003
30 0.0528 2275.7690000000002 3361.2151 2301.4359 3335.8126 2323.0529 3357.6547 2297.386 3383.0571
683 0.0527 746.889 538.8832 893.6151 535.4319 897.0383 680.9662 750.3122 684.4174
691 0.0975 2936.572 507.3105 2989.5290999999997 552.2732 2948.9771 600.0354 2896.02 555.0726
691 0.061 1023.1172 783.4567999999999 1122.1301 737.0157 1175.8862 851.6245 1076.8734 898.0656
691 0.0533 1922.2 2977.8689 2029.4727 2977.2816000000003 2029.954 3065.1896 1922.6813 3065.7769
582 0.2799 1298.3307 1982.4144999999999 1364.4995 1986.5339 1360.8006 2045.9488999999999 1294.6318 2041.8295
582 0.1195 1459.377 3061.0973 1525.5983 3084.7693 1499.7575000000002 3157.0579 1433.5362 3133.386
582 0.0774 1641.9854 -3.3863 1734.0809 23.8418 1706.831 116.0108 1614.7355 88.7827
582 0.0689 1059.301 1544.997 1133.7909 1599.6115 1083.4152 1668.32 1008.9253 1613.7054
582 0.0627 1511.2017 3073.6357 1556.9768 3073.8403 1556.7094 3133.6975 1510.9342000000001 3133.4929
582 0.0517 1082.1912 1038.8377 1158.5381 1078.6013 1114.4771 1163.1994 1038.1302 1123.4358
394 0.1309 938.98 454.6148 1009.5436 452.4918 1011.977 533.3729 941.4134 535.4959
394 0.1185 1026.1738 941.5306 1078.7535 934.4094 1090.1049 1018.2224 1037.5251 1025.3436000000002
394 0.0849 670.7648 71.0825 705.3363 63.3539 715.0757 106.9197 680.5042 114.6484
357 0.1056 2948.544 2582.9917 3088.7777 2616.3368 3053.4308 2764.9887 2913.1972 2731.6436
649 0.0874 2058.6249 2567.4412 2085.8105 2562.7209 2089.8698 2586.1 2062.6843 2590.8203
649 0.0595 2515.3608 1283.1759 2544.1828 1302.9496 2526.6721 1328.4731 2497.8502 1308.6995
337 0.0574 102.0899 2965.2012 126.5632 2972.7457 114.8953 3010.5953 90.422 3003.0508
337 0.0546 42.1206 2990.9210000000003 75.5864 2994.9923 69.9374 3041.4264 36.4716 3037.3550999999998
448 0.168 1531.5266 2215.0775 1587.1542 2216.3557 1585.3514 2294.8166 1529.7238 2293.5384
448 0.092 2879.5064 3547.6884 2948.9327 3530.4526 2958.7764 3570.1036 2889.3501 3587.3394
448 0.0797 1528.3354 1005.78 1605.8686 999.9439 1610.4179 1060.3816000000002 1532.8846 1066.2177000000001
448 0.0655 1526.0644 844.8465 1602.6962 835.3414 1609.3957 889.3535999999999 1532.7639 898.8587
448 0.0586 1426.2838000000002 2391.2751 1506.4807 2389.8974 1507.7709 2465.0024 1427.574 2466.3801
128 0.1597 2565.9375 1125.8541 2599.5299999999997 1105.6186 2625.187 1148.2113 2591.5945 1168.4467
128 0.0657 3177.1031000000003 592.5796 3206.5475 563.4734 3237.0861 594.3668 3207.6417 623.473
128 0.0601 2682.4849 1028.4933 2714.8275 998.9679 2746.0737 1033.1954 2713.7311 1062.7209
128 0.0528 3044.8788 677.6465 3079.8 656.1888 3104.5084 696.4003 3069.5872 717.858
360 0.1597 1032.283 2331.3102 1080.2899 2332.9607 1077.5621 2412.3015 1029.5553 2410.651
360 0.1089 1061.543 2137.0789 1119.587 2148.2619999999997 1105.0923 2223.4942 1047.0483 2212.3111
360 0.0578 1258.2613999999999 2068.5506 1310.7255 2084.6038 1285.7776 2166.1363 1233.3136 2150.0831
688 0.1949 863.0882 1011.4315 987.7862 1084.7531 922.3383 1196.0603 797.6403 1122.7386999999999
688 0.1139 3167.4192 3167.1238 3223.7951 3124.395 3279.8658 3198.3739 3223.4898 3241.1027
688 0.0516 3454.9712 3065.7772 3534.6152 3141.984 3460.1028 3219.8573 3380.4587 3143.6505
87 0.2736 2408.5782 642.5257 2455.6938 607.6354 2492.5867 657.4553 2445.4710999999998 692.3456
87 0.2549 1170.7259 1120.7631999999999 1222.8065 1116.7902 1225.8462 1156.6347 1173.7656 1160.6078
87 0.0821 2265.8878999999997 790.1104 2311.8813 746.3857 2359.0286 795.9793 2313.0352000000003 839.704
87 0.0601 1591.8084 1137.0189 1673.8325 1115.0533 1695.4815 1195.8949 1613.4573 1217.8605
596 0.0636 974.3349 1783.7224 1025.6235 1780.4924999999998 1030.1724 1852.7253 978.8837 1855.9551000000001
596 0.0595 1533.6151 602.0529 1579.1727 599.0414 1583.2842 661.2391 1537.7265 664.2505
596 0.0561 1492.0167000000001 647.583 1548.8555 666.5928 1522.7058 744.7794 1465.8671 725.7697
596 0.0548 1028.4984 1953.0012000000002 1074.8117 1957.0427 1069.0644 2022.9026 1022.7511 2018.8611
596 0.0531 525.4897 3287.7404 576.5545999999999 3295.0344 565.1386 3374.957 514.0737 3367.663
596 0.0529 1681.3899000000001 22.9762 1741.1658 52.7379 1704.2055 126.9722 1644.4295 97.2105
245 0.1064 3425.808 772.3745 3442.398 766.0974 3448.3367 781.793 3431.7466 788.0701
245 0.0513 2255.5577 2403.2974 2268.3532999999998 2409.4121999999998 2263.4949 2419.5786 2250.6994 2413.4638
239 0.8088 1178.1129 972.696 1203.9162000000001 980.8618 1193.6599 1013.2712 1167.8564999999999 1005.1055
511 0.0598 2825.5317999999997 802.9646 2868.4187 808.3224 2865.1677 834.3455 2822.2808 828.9877
576 0.0979 527.255 546.5489 600.3884 548.4329 598.308 629.1888 525.1746 627.3048
477 0.1104 1026.1346 915.6355 1075.6913 914.0732 1078.3639 998.8534 1028.8073 1000.4157
477 0.0978 978.7942 1028.8635 1058.5196999999998 1041.8657 1045.6877 1120.5483 965.9621 1107.5462
477 0.0607 2087.9039 517.7052 2162.8967 528.8585 2153.4126 592.6277 2078.4198 581.4744000000001
477 0.0532 2265.4543 1530.5914 2344.1554 1557.926 2314.082 1644.5127 2235.3809 1617.1781
640 0.0663 2711.7921 2554.9096 2777.904 2578.0593 2757.4493 2636.475 2691.3373 2613.3254
640 0.0559 1264.9237 3077.8077 1341.4479000000001 3079.3388 1340.1422 3144.5945 1263.6181 3143.0634
401 0.0721 2263.3571 3475.9464 2328.3732 3523.4007 2284.4963 3583.5155999999997 2219.4802 3536.0613
304 0.4338 3499.2228 2773.4489 3562.2183999999997 2746.4253 3583.8449 2796.8393 3520.8494 2823.863
304 0.0715 1026.0878 3663.6704 1043.2109 3663.0366 1044.3679 3694.2924000000003 1027.2448 3694.9262
304 0.0629 3030.3525 3219.1526 3055.5682 3233.835 3036.9224 3265.8577999999998 3011.7066999999997 3251.1755000000003
74 0.249 1833.1259 3626.1735 1868.2883 3603.5841 1891.7133 3640.0472 1856.5509 3662.6366
74 0.086 1698.0081 3711.6369 1735.6996 3695.7385 1753.6725999999999 3738.3484 1715.9811 3754.2469
74 0.075 1791.8624 3563.0025 1824.6770999999999 3539.4847 1850.8605 3576.0190000000002 1818.0459 3599.5367
74 0.0696 1573.3772 3799.3460999999998 1614.0124 3797.6017 1615.5637 3833.741 1574.9285 3835.4853000000003
74 0.0522 1537.7067 3738.1238 1560.4784 3733.9127 1567.3097 3770.8536 1544.5381 3775.0647
290 0.217 1443.7433 3264.261 1472.8151 3279.1014999999998 1459.5013 3305.1827 1430.4295 3290.3422
290 0.0979 1454.3101000000001 3114.4278 1483.0259999999998 3122.5094 1476.5803 3145.4127 1447.8644 3137.3311
290 0.0513 1454.3462 3169.9966 1476.8472000000002 3177.8227 1470.1875 3196.9703 1447.6865 3189.1441
339 0.0978 1552.4036 1447.5227 1578.1794 1456.3761 1567.3634 1487.8659 1541.5876 1479.0124
408 0.3748 1451.108 1916.7463 1487.0205999999998 1929.4506000000001 1475.0181 1963.3795 1439.1055000000001 1950.6751
408 0.0884 1499.4395 1942.1405 1530.8843000000002 1961.6035000000002 1508.1072 1998.4027999999998 1476.6623 1978.9398999999999
408 0.0568 732.6411 710.1177 790.8178 691.3595 807.627 743.4916000000001 749.4503 762.2498
376 0.0578 2438.8940000000002 2804.607 2477.2964 2804.0482 2477.8618 2842.9055 2439.4593999999997 2843.4643
686 0.9495 2682.2315 2503.2021 2793.7084 2546.8381 2750.5184 2657.1757 2639.0414 2613.5397000000003
686 0.9476 2874.6156 2560.1268 2961.9151 2644.4262 2876.6909 2732.6835 2789.3914 2648.3841
679 0.0907 2906.7783 2135.4145 2948.0134 2123.8872 2963.049 2177.6719000000003 2921.8139 2189.1992
679 0.0905 3079.1017 2171.7472 3108.6426 2174.2655999999997 3103.7946 2231.1312 3074.2538 2228.6128
679 0.0585 2794.6701000000003 2198.6985 2833.605 2177.9239 2860.2897000000003 2227.9352 2821.3548 2248.7099
689 0.0697 2557.8239 816.2045 2608.2726 801.0137 2629.6953 872.1583 2579.2466 887.3491
689 0.064 1319.075 2128.9515 1434.5081 2038.1661 1540.7852 2173.2967 1425.3521 2264.0821
689 0.0513 2477.457 677.3408 2548.0262000000002 655.1033 2568.5839 720.342 2498.0146999999997 742.5795
34 0.6096 1566.7937 3484.3666 1599.1418 3504.9496 1577.6543 3538.7192 1545.3062 3518.1362
34 0.3127 1629.4236 3344.5247 1679.4338 3325.6614 1695.2232 3367.5218 1645.213 3386.3852
34 0.1856 945.4795 3922.3559999999998 971.246 3907.2232 984.6637 3930.0694 958.8972 3945.2021999999997
34 0.1562 1918.6838 3243.9867 1964.4926 3218.3523 1987.7186000000002 3259.8573 1941.9097000000002 3285.4917
34 0.13 977.2612 3792.7924000000003 1013.3156 3805.4375 1000.7037 3841.397 964.6493 3828.7518
34 0.1143 1869.7727 3184.3166 1914.3721 3154.2227 1941.6232 3194.6089 1897.0238 3224.7029
34 0.0857 826.8652 3909.7994 854.0996 3885.6438 877.9427000000001 3912.5259 850.7083 3936.6815
34 0.0738 868.1229 3970.5097 901.8599 3948.2289 923.0262 3980.2785 889.2891 4002.5593
34 0.0688 2012.835 3080.4739 2058.3007 3065.0393 2073.303 3109.2315 2027.8372 3124.6661
34 0.064 581.0042 4085.2108 606.9793999999999 4074.943 613.9569 4092.5945 587.9817 4102.8623
34 0.0589 1152.3843 3890.7403 1174.7427 3872.7907999999998 1201.2503 3905.8093 1178.8919 3923.7588
34 0.0582 1261.9718 3696.9169 1299.1455 3666.0269 1330.421 3703.6646 1293.2474 3734.5545
10 0.126 1028.7059 3518.1187 1075.9732 3511.6998 1087.7378 3598.3322 1040.4705 3604.751
10 0.0932 620.8784 2597.6785 688.0373999999999 2586.2348 703.2044 2675.2445 636.0454 2686.6882
10 0.0878 859.5394 2568.2256 933.8361 2562.6412 939.8377 2642.4892 865.5409999999999 2648.0736
10 0.0757 1033.4074 3435.4636 1067.6866 3439.4831 1062.5888 3482.9582 1028.3096 3478.9387
10 0.0543 958.8439 3216.8817 1021.8353 3216.5085 1022.3071 3296.1517 959.3157 3296.5249
382 0.0893 1962.1309999999999 2546.9769 2021.6768 2556.0561 2009.6512 2634.9253 1950.1055000000001 2625.8462
382 0.0719 1997.2516 2344.0291 2052.7054 2352.6271 2038.7346 2442.7332 1983.2808 2434.1352
620 0.0757 4073.8415999999997 1540.5064 4094.2745 1550.942 4081.6418 1575.6768 4061.2089 1565.2412
340 0.0774 2563.0413 409.1471 2605.5076 411.0005 2602.9968 468.5312 2560.5304 466.6778
457 0.0688 2084.898 1030.789 2163.0805 1031.9399 2162.2306 1089.6728 2084.0481 1088.5219
525 0.1156 2593.5454 2621.78 2629.8988 2620.8674 2630.8604 2659.174 2594.507 2660.0866
18 0.0604 450.0125 541.6999 490.9208 512.4683 519.6954 552.737 478.7871 581.9687
639 0.0727 3802.2257 685.4954 3829.0932000000003 689.5967 3824.1281 722.1234 3797.2606 718.022
583 0.07 1983.6325000000002 1526.9069 2044.3991999999998 1559.7243 2007.1761000000001 1628.6488 1946.4094 1595.8314
300 0.0508 2736.2186 2585.232 2759.5975 2596.799 2744.4029 2627.5102 2721.0239 2615.9432
17 0.0604 2498.0125 2589.6999 2538.9208 2560.4683 2567.6954 2600.737 2526.7871 2629.9687
