341 0.3941 425.0091 1990.2982 436.2876 1988.5942 438.5082 2003.2918 427.2297 2004.9959
341 0.3419 1385.1037999999999 2379.4344 1402.9501 2374.4725 1408.5068 2394.458 1390.6605 2399.4199
341 0.2474 412.2055 1913.2491 435.0897 1909.9153999999999 438.681 1934.5682000000002 415.7969 1937.9018999999998
341 0.0519 372.9622 2032.8517000000002 394.1023 2031.8755 394.787 2046.7009 373.6468 2047.6770999999999
689 0.1065 2557.8239 816.2045 2608.2726 801.0137 2629.6953 872.1583 2579.2466 887.3491
689 0.1028 3075.4553 2419.8653 3183.4638 2354.4342 3255.3398 2473.0815000000002 3147.3313 2538.5126
689 0.0913 1311.3165 2139.7756 1434.0162 2034.5315 1544.6632 2163.5303 1421.9634999999998 2268.7743
689 0.0821 3647.5657 525.8592 3790.7549 554.2837 3767.2435 672.7233 3624.0543 644.2989
689 0.0716 1555.2531 2020.2141 1678.6397 2075.7475 1636.498 2169.3799 1513.1113 2113.8464
689 0.0686 2397.2262 3882.2651 2536.5614 3868.5319 2549.532 4000.1291 2410.1968 4013.8623
689 0.0643 2117.5258 3684.2561 2223.3837 3749.5215 2158.1405 3855.3435 2052.2825 3790.0780999999997
689 0.0552 2952.1105 2460.3137 3041.9074 2439.2025 3082.0056999999997 2609.7619 2992.2088 2630.873
689 0.0526 2479.6385 3157.2275 2583.0909 3211.2705 2514.6851 3342.2171 2411.2327 3288.1741
689 0.0521 1036.6073 2846.5061 1151.0784 2834.5814 1166.216 2979.895 1051.7449 2991.8197
470 0.9985 357.5279 2442.5422 419.567 2488.3301 374.8215 2548.9568 312.7824 2503.1688
470 0.9982 1852.5032 2217.51 1921.0244 2226.7778 1912.1381000000001 2292.4784 1843.6169 2283.2106
470 0.9979 342.9434 2803.5634 411.3883 2822.5783 391.999 2892.3712 323.554 2873.3563
470 0.9967 424.7998 2805.4527 498.1175 2823.2609 480.6729 2895.0815000000002 407.3551 2877.2733
470 0.9966 416.6255 2464.5276 481.5031 2459.3325 486.8186 2525.7131 421.9409 2530.9082
470 0.9963 500.5609 2812.0637 578.3304 2815.2467 575.3789 2887.361 497.6094 2884.178
470 0.9959 1871.7359999999999 3239.1743 1943.9958000000001 3239.0699 1944.1004 3311.4653 1871.8406 3311.5696
470 0.9957 422.9787 2632.3576 494.75 2647.6073 480.2055 2716.0598 408.4342 2700.8102
470 0.9954 521.8307 2450.2833 577.4477 2479.051 546.6467 2538.599 491.0297 2509.8312
470 0.9948 505.0255 2631.3446 579.4598 2645.9821 565.3296 2717.8367 490.8953 2703.1992
470 0.9947 1888.6976 3942.2598 1953.8483 3966.273 1929.8137000000002 4031.4818999999998 1864.663 4007.4687
470 0.9942 1849.0097 2548.5434999999998 1921.5012000000002 2551.9295 1918.4180000000001 2617.9371 1845.9265 2614.551
470 0.9937 1846.6866 2626.2807000000003 1919.6915 2629.0588 1917.1673 2695.3902 1844.1624 2692.6121000000003
470 0.9919 1852.3394 2295.1108 1920.3207 2302.1023999999998 1913.4341 2369.063 1845.4528 2362.0714
470 0.9913 2061.0951999999997 1026.3621 2124.8789 1029.737 2121.9951 1084.2401 2058.2113 1080.8653
470 0.9902 1856.3198 2135.8035 1925.3618999999999 2151.8199 1910.4257 2216.2057 1841.3836000000001 2200.1893
470 0.9893 1884.0592000000001 3762.3517 1962.4529 3765.4835000000003 1959.4221 3841.3514999999998 1881.0284000000001 3838.2197
470 0.9849 1885.6395 3845.9166 1960.6693 3849.3376 1957.2359000000001 3924.6384 1882.2062 3921.2173000000003
470 0.9653 1874.3094 1018.0414000000001 1944.7224999999999 1019.9051999999999 1942.8337999999999 1091.2604000000001 1872.4207000000001 1089.3966
470 0.1731 520.8234 1415.8065000000001 581.6831 1423.3415 572.5587 1497.0384 511.699 1489.5034
470 0.1197 502.8943 2110.6903 565.928 2096.8065 577.2507 2148.2129 514.2171 2162.0967
470 0.0853 1956.2004 3697.5704 1993.0531 3696.4977 1994.1127000000001 3732.9001 1957.26 3733.9727000000003
670 0.256 1521.9878 517.5743 1584.9068 511.2054 1591.8439 579.7375 1528.925 586.1064
670 0.0692 2039.2292 2258.6303 2084.6075 2219.9106 2130.2798 2273.4371 2084.9015 2312.1567999999997
670 0.0624 1685.3931 653.6131 1717.5484999999999 674.5543 1697.0282 706.0637 1664.8727 685.1225
670 0.0534 2094.2102 2122.0277 2152.6714 2143.2541 2130.277 2204.9323 2071.8157 2183.7059
23 0.1051 1402.9198000000001 2726.1921 1467.3692 2709.8009 1480.808 2762.6414999999997 1416.3586 2779.0326999999997
23 0.073 1137.3575 2058.9438 1170.7188 2050.4805 1178.3400000000001 2080.5226 1144.9787000000001 2088.9859
23 0.0723 1474.9428 2712.2103 1536.3319000000001 2691.2725 1552.8328000000001 2739.6527 1491.4437 2760.5906
23 0.0534 1386.7508 2304.4436 1454.3183 2284.08 1469.4724 2334.3617 1401.9049 2354.7254
23 0.0508 1087.7767 2197.8303 1133.5990000000002 2165.9725 1167.333 2214.4934 1121.5107 2246.3512
297 0.0578 2010.1442 2974.4491 2048.6893 2955.7816000000003 2062.7543 2984.8235 2024.2093 3003.491
94 0.7798 1872.8043 686.3156 1948.2432 621.7666 2013.2894999999999 697.7867 1937.8505 762.3357
94 0.1429 1662.9201 486.0657 1735.0315 427.8472 1792.8827999999999 499.5038 1720.7712999999999 557.7222
94 0.1208 898.1448 933.3528 958.7454 992.3203 911.3971 1040.9799 850.7964 982.0124
94 0.1204 508.775 1408.6368 573.8028 1383.1667 602.105 1455.4255 537.0772 1480.8955
94 0.0799 569.4066 957.3547 649.4241 961.9835 645.5867000000001 1028.321 565.5692 1023.6923
94 0.0798 1453.876 611.1785 1525.1547 612.0206 1524.2411 689.3451 1452.9625 688.5029
94 0.0772 1864.0381 5.5583 1950.2068 -1.1562 1956.1516 75.1359 1869.983 81.8504
94 0.0735 851.7809 504.7342 890.1315 492.2195 900.7079 524.63 862.3571999999999 537.1447
94 0.073 1688.0923 914.7731 1757.5671 854.1922 1819.0883 924.7453 1749.6135 985.3262
94 0.0716 523.5961 1162.6915 595.1332 1168.5477 588.2973 1252.0515 516.7602 1246.1952999999999
94 0.0651 774.5493 1339.7149 854.6647 1353.2762 840.1523 1439.0099 760.037 1425.4486
681 0.9946 2694.7029 2566.8018 2760.2534 2572.4026 2754.784 2636.4146 2689.2335 2630.8137
681 0.988 1358.084 3302.2199 1426.6212 3326.923 1401.8495 3395.6507 1333.3122 3370.9476
681 0.9855 1340.9782 2958.4226 1413.3654999999999 2960.5287 1411.2265 3034.0458 1338.8392 3031.9396
681 0.9835 1268.134 3297.8212 1339.99 3316.7834000000003 1320.5074 3390.6112000000003 1248.6514 3371.649
681 0.9805 2692.6497 2721.6066 2760.9707 2726.6541 2756.2217 2790.9361 2687.9006 2785.8886
681 0.9794 2695.1848 2796.3312 2761.2273999999998 2803.6594 2754.0549 2868.2983 2688.0123 2860.9701
681 0.9743 2695.5737 2643.8963 2763.4321 2650.2751 2757.3571 2714.9018 2689.4987 2708.5229
681 0.1652 1177.7971 1755.5992 1214.9395 1757.1769 1213.6853 1786.7011 1176.5430000000001 1785.1234
681 0.1502 2811.0512 1963.9015 2841.8616 1947.9023 2858.4184999999998 1979.7869 2827.6082 1995.786
681 0.1083 1327.8573999999999 2590.3873 1412.0229 2592.727 1410.2276000000002 2657.3104 1326.0621 2654.9708
392 0.6022 2193.1223 1048.5045 2230.9308 1037.4593 2242.4921 1077.0346 2204.6836 1088.0798
392 0.1412 2178.0738 960.9576 2216.8966 953.07 2225.8898 997.335 2187.067 1005.2226
392 0.123 2163.9012000000002 885.9068 2199.1975 866.8932 2218.2709999999997 902.3007 2182.9746999999998 921.3142
392 0.1219 2503.3241 1717.5726 2576.1035 1713.8998000000001 2580.2307 1795.6860000000001 2507.4514 1799.3587
392 0.0855 2562.9668 2011.7269000000001 2619.9136 2007.8874 2625.604 2092.2864 2568.6572 2096.1259
392 0.0543 2048.3208 960.9792 2075.4326 949.5701 2090.994 986.549 2063.8823 997.9581
235 0.1672 2539.809 2920.8043 2591.4174000000003 2904.4745000000003 2608.9397 2959.852 2557.3313 2976.1817
235 0.1623 3270.5013 2780.8289 3317.7144 2755.3275 3339.988 2796.5645 3292.775 2822.066
235 0.097 3133.2883 2380.4686 3166.8032 2356.6775 3191.2576 2391.1267 3157.7427 2414.9178
235 0.0919 2509.2376 2863.3322 2561.4446 2845.832 2581.9857 2907.1107 2529.7787 2924.6109
235 0.059 2565.3505 2990.1873 2604.4862 2959.1812 2650.0502 3016.6918 2610.9145 3047.6979
235 0.0587 3158.7051 2415.9179 3188.16 2405.1093 3199.0193 2434.7025 3169.5644 2445.511
239 0.2735 1521.5953 1260.5852 1559.6353 1267.2276 1553.2462 1303.8172 1515.2060999999999 1297.1748
239 0.2507 1475.7777999999998 1318.8337000000001 1512.2147 1308.9545 1521.4526 1343.0262 1485.0157 1352.9055
239 0.0917 2157.7372 1290.2017 2199.7104 1316.8744000000002 2177.5182 1351.797 2135.5449 1325.1243
239 0.0805 2290.8536 1164.0027 2320.8909 1144.7978 2341.4523 1176.9568 2311.415 1196.1617
239 0.0734 1161.0863 2024.4304 1187.5486 2047.1072 1162.6791 2076.1282 1136.2168 2053.4514
339 0.2281 1405.278 1624.2762 1434.7817 1649.4951999999998 1406.0692 1683.0861 1376.5655000000002 1657.8671
339 0.1999 1349.9816 1365.8826 1372.7129 1387.7427 1352.637 1408.6188 1329.9056 1386.7588
339 0.166 1915.3073 1981.4991 1973.8043 1962.6512 1993.7343 2024.5067 1935.2374 2043.3546000000001
339 0.1334 1371.983 1500.8097 1400.059 1521.4693 1373.4285 1557.6597000000002 1345.3524 1537.0001
339 0.1266 1594.3096 1914.7918 1611.3462 1902.2691 1625.1302 1921.0217 1608.0936 1933.5444
339 0.1105 1346.5990000000002 1545.8213 1377.0047 1569.1261 1349.4072999999999 1605.1321 1319.0016 1581.8272
339 0.1081 1555.997 2048.2895 1583.6268 2072.5057 1565.9734 2092.6476 1538.3436 2068.4313
339 0.108 2002.8977 2361.5927 2045.9018 2355.955 2050.7512 2392.9449 2007.747 2398.5826
339 0.1079 3106.0789999999997 3194.2667 3125.1296 3191.6796 3128.5806000000002 3217.0912 3109.5299999999997 3219.6783
339 0.101 2228.2302 3424.4067999999997 2265.0633 3416.582 2272.5215 3451.6893 2235.6884 3459.5141
339 0.0973 2240.083 3706.4078 2261.3887999999997 3693.4716 2277.4707 3719.9583000000002 2256.1648999999998 3732.8945
339 0.0926 2278.173 3621.9302 2316.0002 3620.4055 2317.4733 3656.9515 2279.6461 3658.4763000000003
339 0.0825 1552.1793 1447.4756 1578.1562 1456.1372000000001 1567.559 1487.9193 1541.5821 1479.2577
339 0.0693 2259.5318 3576.8596 2295.9144 3561.2733 2310.6489 3595.6672 2274.2663000000002 3611.2536
339 0.0643 2458.6848 1390.9319 2478.1526 1378.3638999999998 2489.4136 1395.8071 2469.9458 1408.3751
339 0.0603 1535.0367 1789.3859 1560.2903 1778.8126 1576.2263 1816.8746 1550.9727 1827.4479000000001
339 0.0577 2545.8057 1805.9261000000001 2558.1796 1805.0331 2559.3422 1821.1417999999999 2546.9682000000003 1822.0348
339 0.0551 3109.6074 3322.3615 3161.2186 3312.9854 3169.6799 3359.5611 3118.0688 3368.9372
339 0.0537 2436.2753000000002 1484.1799999999998 2468.4042 1512.4532 2445.8919 1538.0355 2413.763 1509.7622999999999
339 0.0513 2196.4009 3103.0643 2240.1620000000003 3144.7893 2200.7994 3186.0727 2157.0383 3144.3477
339 0.0511 2560.0232 1505.7375 2600.9798 1499.9162000000001 2609.498 1559.8465999999999 2568.5414 1565.6680000000001
339 0.0505 1387.7231000000002 1403.3477 1414.6599999999999 1386.6453000000001 1433.2812 1416.6768 1406.3444 1433.3791999999999
522 0.9973 3239.2207 1637.4415 3280.7769 1638.4228 3279.9006 1675.5294 3238.3444 1674.548
522 0.9941 3243.7088 1594.5605 3283.3446 1601.2144 3277.37 1636.8038 3237.7343 1630.1499
522 0.9927 3240.1093 1856.0128 3279.8655 1859.1969 3276.6763 1899.0175 3236.9201000000003 1895.8334
522 0.9922 2409.8246 1765.5777 2460.3842 1763.0991 2462.8566 1813.5339 2412.297 1816.0125
522 0.9917 3238.1234 1678.588 3280.7084 1681.9367 3277.5944 1721.5358 3235.0094 1718.187
522 0.9917 2422.813 1953.5524 2469.6889 1972.7701 2451.0362 2018.2676999999999 2404.1603999999998 1999.05
522 0.9902 2400.284 1871.0648 2447.8558 1856.8176 2463.2403 1908.1864 2415.6684999999998 1922.4337
522 0.9902 3256.883 2522.5778 3301.5657 2515.5141 3307.6518 2554.0126 3262.9691000000003 2561.0764
522 0.9887 2454.1444 1862.8831 2500.3521 1862.5201 2500.7200000000003 1909.346 2454.5123 1909.7091
522 0.9857 2463.9971 1773.3644 2503.9613 1775.7175 2501.4927 1817.6437 2461.5286 1815.2906
522 0.9847 2504.7209 1861.8697 2552.2739 1869.2102 2544.7856 1917.7206 2497.2326 1910.3801
522 0.9825 2508.8324000000002 1961.6464999999998 2553.5153 1962.214 2552.909 2009.9522 2508.2261 2009.3848
522 0.9772 2455.6432999999997 1982.691 2486.0597 1956.9519 2512.5594 1988.2671 2482.1431000000002 2014.0063
522 0.9731 3254.5396 2499.4836999999998 3283.5595 2470.688 3309.5598 2496.8908 3280.5398999999998 2525.6865
522 0.9695 3244.0346 1753.2292 3272.5248 1756.7903000000001 3269.2314 1783.1385 3240.7413 1779.5774000000001
522 0.9679 3262.7751 2624.2397 3301.8635 2645.6558 3281.7234 2682.4151 3242.6351 2660.999
522 0.9359 2520.873 1763.922 2553.2797 1785.5406 2531.489 1818.2053 2499.0823 1796.5867
522 0.4638 2464.5634 1110.1963 2509.5075 1115.789 2504.2288 1158.21 2459.2847 1152.6172000000001
522 0.2878 2749.4098 1948.1861 2793.7564 1947.261 2794.5832 1986.8941 2750.2366 1987.8192
522 0.2476 3288.0303 2234.7679 3329.4699 2229.8371 3335.1077999999998 2277.2189 3293.6682 2282.1498
522 0.2114 2515.3979 1110.4883 2558.4083 1110.9592 2557.9621 1151.7156 2514.9518 1151.2448
674 0.9924 2697.2925999999998 1030.9489 2761.3137 1038.5896 2753.4157999999998 1104.7649 2689.3947 1097.1242
674 0.9915 1225.4711 2.9638 1295.9452999999999 6.5465 1292.9339 65.7814 1222.4598 62.1987
674 0.9856 2683.8968 949.6511 2759.6203 948.9604 2760.2526 1018.2852 2684.5291 1018.9758
674 0.9849 1138.4696 3.1674 1210.0359 4.7575 1208.6619 66.593 1137.0957 65.0028
674 0.9825 2663.9615 1159.0869 2727.7744000000002 1128.9723 2758.7952999999998 1194.7055 2694.9824 1224.8201
674 0.9501 1305.4592 1.5772 1377.6606000000002 3.4955 1375.9774 66.8512 1303.7759 64.933
674 0.0511 2661.747 12.6631 2725.5536 17.0924 2719.728 101.0143 2655.9213 96.585
340 0.5156 3105.8104 2099.3323 3126.9485 2096.1994 3130.5972 2120.8175 3109.4591 2123.9505
340 0.406 1376.4348 558.4406 1407.2813999999998 528.453 1435.5203999999999 557.5011 1404.6738 587.4886
340 0.2287 2275.1405 2532.575 2314.9169 2524.8721 2320.8579 2555.5506 2281.0814 2563.2534
340 0.1566 1920.8129 872.6051 1982.28 868.8882 1986.4575 937.9724 1924.9904000000001 941.6893
340 0.1162 2560.582 2770.9404 2572.9238 2772.3759 2571.1757 2787.4053 2558.8339 2785.9698
340 0.1154 1329.9384 285.1821 1354.3046 268.9903 1372.7048 296.6797 1348.3386 312.8715
340 0.1093 1298.5771 508.9888 1322.2638 516.7236 1316.6066 534.048 1292.9198999999999 526.3132
340 0.1073 2238.3881 2612.3899 2260.2138 2597.3217 2277.8334999999997 2622.8431 2256.0078 2637.9112999999998
340 0.1025 1634.2711 1025.3535 1663.9343 1040.8785 1647.0872 1073.0677 1617.424 1057.5427
340 0.0983 1371.1616 579.1672 1391.7523 598.8448 1368.3073 623.3778 1347.7166 603.7002
340 0.096 1403.9448 291.5955 1432.1747 309.2323 1415.6279 335.7176 1387.3979 318.0808
340 0.0956 2147.5543 1949.2469999999998 2197.9414 1938.5624 2211.5383 2002.6833000000001 2161.1512000000002 2013.3679
340 0.0919 1374.8406 403.8502 1403.4707 428.7887 1373.8752 462.7651 1345.2452 437.8266
340 0.0914 2004.7928 1266.7739000000001 2046.7247 1259.8024 2052.6059999999998 1295.1772 2010.6741 1302.1488
340 0.0879 1323.5776 621.0595 1341.5363 637.5034 1325.7906 654.6997 1307.8318 638.2559
340 0.0878 2123.9353 1838.2260999999999 2160.2867 1827.824 2170.8203 1864.6351 2134.4689 1875.0372
340 0.084 1533.0768 695.0012 1557.9937 682.2761 1577.5523 720.5734 1552.6355 733.2985
340 0.0789 2232.5327 2321.3919 2271.037 2323.1528 2269.3195 2360.71 2230.8152 2358.9492
340 0.0755 2412.5486 411.152 2439.0867 387.2392 2467.399 418.6598 2440.8609 442.5725
340 0.0673 3074.6924 1972.4158 3103.0042 1962.3824 3112.2112 1988.3623 3083.8994 1998.3955999999998
340 0.066 1345.3836999999999 449.5703 1378.0786 476.6231 1349.4427 511.2313 1316.7478 484.1785
340 0.0657 2288.8641 2575.5474 2320.6453 2572.1493 2324.3869 2607.1431 2292.6057 2610.5412
340 0.0634 1961.6832 1059.8896 2001.3319000000001 1056.351 2004.6602 1093.6422 1965.0115 1097.1808
340 0.0625 3134.0886 2097.2153 3153.2238 2092.0349 3159.0456 2113.5391 3139.9103 2118.7195
340 0.0552 2419.2734 2983.4116 2450.5344999999998 2980.6596 2453.3334 3012.4534 2422.0723 3015.2054
340 0.0505 2586.9645 693.6623 2621.6173 680.972 2632.1497 709.7325 2597.4969 722.4227
231 0.1499 1347.3151 963.1438 1391.7033000000001 989.9244 1368.5764 1028.2567 1324.1882 1001.4761
231 0.1473 1535.4242 1753.7218 1564.5704 1744.1336999999999 1575.6276 1777.7456 1546.4814 1787.3337000000001
586 0.9923 2431.5542 1428.4664 2497.4888 1438.2524 2487.9012000000002 1502.8501999999999 2421.9666 1493.0642
586 0.9916 2426.2869 1512.202 2495.9395 1513.6877 2494.5963 1576.6613 2424.9437 1575.1756
586 0.9887 2428.4561 1586.1061 2499.2954 1592.6815000000001 2493.1298 1659.1069 2422.2904 1652.5316
586 0.9837 2337.2511 2480.7263 2402.9869 2479.7414 2404.1606 2558.0795 2338.4248 2559.0644
586 0.9795 2487.4768 3412.2197 2539.2929 3461.4799000000003 2489.0912 3514.2862999999998 2437.2752 3465.0261
586 0.9713 2427.4735 1666.4225000000001 2495.8303 1669.3453 2493.166 1731.6581 2424.8092 1728.7354
586 0.9627 2516.614 2692.5974 2590.3646 2688.4324 2594.5128999999997 2761.8871 2520.7623 2766.0521
586 0.914 2576.1219 2785.5931 2642.2263000000003 2774.2673 2654.6611000000003 2846.8447 2588.5568 2858.1705
586 0.8888 2470.8273 3205.4709000000003 2542.1258 3220.4713 2525.881 3297.6852 2454.5825 3282.6849
586 0.0644 909.5973 271.2758 928.3863 270.0045 930.0342 294.3579 911.2452000000001 295.6292
586 0.0521 2500.7969000000003 3460.758 2549.3218 3432.6549 2583.9742 3492.4886 2535.4493 3520.5917
673 0.9957 2649.7072 2697.7696 2725.2505 2697.6835 2725.3257 2763.5448 2649.7823 2763.631
673 0.9924 2650.8355 2772.334 2728.7017 2770.0197 2730.8405000000002 2841.9825 2652.9744 2844.2968
673 0.9891 2654.3616 2537.4763 2731.857 2542.1813 2727.5433000000003 2613.2316 2650.0479 2608.5266
673 0.9877 2651.6612999999998 3020.0739 2725.7291 3024.6992 2721.3931000000002 3094.1345 2647.3253 3089.5092
673 0.9872 1136.0424 3283.281 1212.3535 3286.8123 1209.0776 3357.6049000000003 1132.7665 3354.0736
673 0.9848 1220.5682 3286.7189 1295.9426 3286.427 1296.2033000000001 3353.7484 1220.829 3354.0403
673 0.9802 1136.3392 3109.9954 1208.9396 3111.3694 1207.6854 3177.6411 1135.085 3176.2671
673 0.9644 1302.9769000000001 3112.6357 1381.8162 3114.6393 1380.2391 3176.6974 1301.3998000000001 3174.6938
673 0.9409 1301.7534 3288.6464 1377.4346 3286.4773 1379.3636000000001 3353.7807000000003 1303.6824 3355.9498
673 0.9369 2683.0870999999997 1495.9687 2749.0538 1492.8597 2752.2408 1560.4799 2686.274 1563.5888
673 0.0701 1222.0241 1719.1553 1295.3307 1724.278 1290.8256999999999 1788.7462 1217.5191 1783.6235000000001
673 0.0588 1198.4904999999999 2742.1194 1287.13 2741.3984 1287.7154 2813.3624 1199.0759 2814.0834
448 0.993 2863.3665 1729.8729 2933.6061 1726.5755 2936.6619 1791.6674 2866.4223 1794.9649
448 0.9901 2867.0782 1877.5803 2937.9962 1885.1103 2930.871 1952.2161 2859.953 1944.6861
448 0.9891 1536.7424 2202.804 1602.991 2237.5953 1566.9758000000002 2306.1744 1500.7272 2271.3831
448 0.9858 2876.8849 1795.8416 2941.9096 1813.1136999999999 2924.5416999999998 1878.4997 2859.5169 1861.2277
448 0.9857 1434.0432 2213.6477 1507.1555 2220.6486999999997 1499.9565 2295.8292 1426.8442 2288.8282
448 0.9836 2867.4668 1645.032 2933.2073 1652.7925 2925.5966 1717.2645 2859.8561 1709.5041
448 0.9826 2896.5544 3528.9377 2969.6332 3542.4339 2956.6008 3613.0018 2883.522 3599.5057
448 0.9768 1425.9032 2390.0822 1508.7921999999999 2384.071 1514.5622 2463.6339 1431.6731 2469.6451
448 0.9157 2876.5245999999997 3756.0563 2930.1645 3719.0182999999997 2965.0115 3769.4852 2911.3716 3806.5232
448 0.1986 1528.3354 1005.78 1605.8686 999.9439 1610.4179 1060.3816000000002 1532.8846 1066.2177000000001
448 0.1221 1426.6152 1025.662 1503.3148999999999 1009.774 1514.6853999999998 1064.6653000000001 1437.9857 1080.5533
448 0.1213 1345.1345000000001 1883.6154000000001 1371.162 1884.4094 1370.5189 1905.4911 1344.4913000000001 1904.6970999999999
448 0.1126 1525.771 844.6033 1602.5649 835.3805 1609.0627 889.4847 1532.2688 898.7075
448 0.0568 1413.5974 1680.7089999999998 1498.5758 1683.7241 1496.3599 1746.1776 1411.3815 1743.1625
448 0.0519 1974.1266 2376.0021 2020.72 2368.9758 2026.6117 2408.0461 1980.0183 2415.0724
691 0.1424 2936.572 507.3105 2989.5290999999997 552.2732 2948.9771 600.0354 2896.02 555.0726
691 0.1061 2577.8964 2044.2298 2661.987 2054.4912 2656.6871 2097.9227 2572.5965 2087.6613
691 0.1046 2688.3028 1569.9776 2820.7637 1553.1127 2836.9655000000002 1680.3656 2704.5047 1697.2306
691 0.0852 1022.9951 783.2661 1122.0327 736.8197 1175.8001 851.4678 1076.7626 897.9142
691 0.0801 1922.2 2977.8689 2029.4727 2977.2816000000003 2029.954 3065.1896 1922.6813 3065.7769
691 0.0629 2475.7607 1076.4671 2574.9695 1135.5492 2505.7858 1251.7203 2406.577 1192.6382
691 0.0567 3084.2139 313.7847 3199.2899 268.0698 3251.3042 399.003 3136.2282 444.7178
691 0.0534 1882.8690000000001 2051.9385 2030.411 2068.9783 2021.2928000000002 2147.9296 1873.7509 2130.8898
691 0.0533 2132.3642 2563.4114 2216.5797000000002 2579.6884 2206.7171 2630.7166 2122.5016 2614.4396
691 0.0524 1351.6037999999999 -33.5547 1526.4693 6.1665 1503.2096999999999 108.563 1328.3441 68.8418
363 0.4935 1260.588 1907.5372 1426.867 1871.5104000000001 1458.8304 2019.0353 1292.5513 2055.062
363 0.1345 1511.0322 2589.0432 1623.3385 2552.978 1665.0932 2683.0014 1552.787 2719.0666
363 0.1207 1282.3724 2067.8419 1461.3895 2015.841 1502.7312 2158.1628 1323.7141000000001 2210.1638000000003
120 0.9983 163.33 3111.3666 229.4158 3120.8379999999997 220.272 3184.6392 154.1861 3175.1679
120 0.9955 195.7808 3032.5537 256.5823 3062.7325 227.342 3121.6431000000002 166.5406 3091.4643
120 0.9946 371.655 3070.2237999999998 434.9888 3094.0616 412.1188 3154.824 348.785 3130.9861
120 0.9799 388.0695 2931.8134 453.3546 2940.0938 445.066 3005.444 379.7809 2997.1637
120 0.4816 258.0654 2700.3718 297.542 2694.7237 302.5936 2730.0312 263.117 2735.6794
120 0.279 327.4133 2367.1743 365.0483 2364.1321 368.3254 2404.6722 330.6905 2407.7145
120 0.2246 978.117 1537.6896000000002 1012.0153 1537.975 1011.6849 1577.2184 977.7866 1576.9331
120 0.1034 294.7983 2496.6758 367.2155 2520.3923 347.8176 2579.6227 275.4005 2555.9062
120 0.0857 616.8142 3470.8966 648.1111 3476.2855 641.61 3514.042 610.3131 3508.6531
120 0.0733 556.4928 3788.8618 589.5515 3793.6155 583.9913 3832.2826999999997 550.9326 3827.5289000000002
525 0.9993 3344.6041999999998 3142.5099 3383.577 3140.3434 3385.9047 3182.2138 3346.9319 3184.3804
525 0.9986 3325.108 2260.1853 3363.6628 2262.8556 3361.2118 2298.2448 3322.6569 2295.5745
525 0.9979 3326.3315000000002 2303.2362000000003 3364.8775 2307.0739 3361.2853999999998 2343.1531999999997 3322.7394 2339.3155
525 0.9979 3324.1722 2343.2704 3362.7232 2345.557 3360.5873 2381.5669 3322.0363 2379.2804
525 0.9977 3326.4934 2218.1817 3363.6423 2222.0075 3359.9879 2257.4926 3322.839 2253.6668
525 0.9958 3353.5861 3185.8994 3386.1259 3198.7275 3373.2039 3231.5057 3340.6639999999998 3218.6776
525 0.9917 3327.5199000000002 3250.9156 3366.4614 3234.7505 3382.7864 3274.0773 3343.8449 3290.2424
525 0.9873 3332.1463 3311.9313 3372.3856 3307.8389 3376.5213 3348.5038 3336.282 3352.5963
525 0.9858 2501.6104 2524.0031 2549.4706 2533.8088 2539.9513 2580.2709 2492.0911 2570.4653
525 0.9763 3441.5501 1650.3721 3476.725 1654.9070000000002 3472.4053 1688.4122 3437.2305 1683.8773
525 0.8562 3338.0475 1652.6498 3375.6571 1648.2096 3380.108 1685.9097 3342.4984 1690.3499
525 0.8405 2589.3288000000002 2625.6204 2624.6325 2617.8003 2632.9954 2655.5544 2597.6917 2663.3746
525 0.6284 2597.5253 1681.8261 2641.1326 1683.558 2639.8455 1715.9647 2596.2383 1714.2328
525 0.5368 2501.8757 2612.6117 2551.8011 2618.7128000000002 2544.4927 2678.5171 2494.5673 2672.416
525 0.1605 2588.8239 2329.5149 2635.209 2332.4311 2632.9548999999997 2368.2855 2586.5698 2365.3693
525 0.1495 2561.538 1776.0679 2584.3763 1774.5529999999999 2586.7059 1809.6749 2563.8677 1811.1898
525 0.1103 2586.0063 2239.5176 2633.0575 2241.4662 2631.6645 2275.1023999999998 2584.6133 2273.1539
525 0.0843 3329.5298000000003 2629.6603 3363.1304 2632.1777 3359.434 2681.514 3325.8334 2678.9966
525 0.0559 2543.8307 2541.5942999999997 2573.9214 2560.0229 2558.9457 2584.4755999999998 2528.855 2566.0469000000003
125 0.8773 4020.985 1636.3681 4083.2606 1630.5523 4091.0842000000002 1714.3292999999999 4028.8087 1720.1451
125 0.3598 2060.6021 2885.6499 2121.7831 2886.2823 2120.965 2965.4208 2059.784 2964.7883
125 0.2282 508.9519 536.0149 559.3528 512.4883 594.6303 588.0634 544.2293999999999 611.59
125 0.0702 4073.8082 1622.7535 4120.0449 1623.1015 4119.5568 1687.9609 4073.3201 1687.613
125 0.0677 4083.888 1677.2592 4138.9316 1713.2350999999999 4113.1786 1752.6375 4058.135 1716.6616
125 0.0673 2516.7375 3704.6994 2536.0280000000002 3704.2114 2536.6581 3729.1175 2517.3675 3729.6055
125 0.0652 2798.6756 2400.2632 2833.0186 2369.9664000000002 2869.7403 2411.5923000000003 2835.3973 2441.8891
125 0.0627 564.9881 681.4841 620.6398 631.8719 674.0765 691.8137 618.4247 741.4259
100 0.2487 170.2497 2381.0253000000002 199.5121 2360.5378 219.0058 2388.3807 189.7434 2408.8682
100 0.1174 567.1296 2097.4040999999997 599.8066 2071.5389 627.3777 2106.3709 594.7007 2132.2361
100 0.1028 129.6382 2320.0951999999997 158.8449 2295.3843 179.7162 2320.0529 150.5095 2344.7637
100 0.0735 2071.469 1016.7042 2084.0485 1012.8511 2087.4919 1024.0933 2074.9125 1027.9464
100 0.0717 714.4073 1992.9917 754.5483 1988.2127 759.0722 2026.211 718.9312 2030.99
100 0.0711 260.7511 2221.7546 295.1477 2201.1207 314.208 2232.8942 279.8113 2253.528
100 0.0706 310.1291 2278.167 344.976 2265.7297 357.1491 2299.8365 322.3022 2312.2738
100 0.0555 1965.7413000000001 1055.2537 1998.095 1033.4265 2015.367 1059.0281 1983.0133 1080.8553000000002
100 0.0531 3498.4609 1.4147 3549.1758 -4.3154 3552.4053 24.2677 3501.6905 29.9979
616 0.996 1018.4187 616.3084 1089.6541 629.3741 1076.8546999999999 699.1579 1005.6193000000001 686.0922
616 0.9957 1092.7208 791.7324 1176.0425 798.2111 1170.2847000000002 872.2625 1086.963 865.7838
616 0.9955 924.8808 616.0064 999.0363 615.3416 999.7011 689.4938 925.5455999999999 690.1587
616 0.9953 2537.5136 1299.1653000000001 2616.5370000000003 1307.4829 2608.4643 1384.1804 2529.4409 1375.8629
616 0.9941 2452.4776 197.8008 2517.7154 216.5221 2499.3731 280.4391 2434.1353 261.7178
616 0.9906 2500.2816000000003 2021.807 2558.9438 2058.2452 2518.5989 2123.1969 2459.9366 2086.7587
616 0.9879 2432.4192 312.1776 2481.8299 266.8985 2525.5899 314.6516 2476.1792 359.9306
616 0.9869 2445.649 48.5818 2513.1843 52.9674 2509.0149 117.1734 2441.4796 112.7878
616 0.9848 897.8229 114.206 976.1493 118.5828 972.2165 188.9649 893.89 184.5882
616 0.9549 2447.2897000000003 526.3216 2513.2002 536.2937 2503.381 601.1929 2437.4706 591.2208
616 0.7111 1032.607 252.4544 1072.2845 254.5849 1068.894 317.7298 1029.2164 315.5994
616 0.6057 2538.2997 1328.2928 2558.4868 1329.8105 2556.3176 1358.6635 2536.1305 1357.1458
616 0.5915 957.1469 466.3819 991.0721 468.7735 989.0903000000001 496.8868 955.165 494.4952
616 0.3725 2447.54 616.059 2514.7736999999997 622.0392 2507.4728 704.122 2440.2391 698.1418
616 0.2052 914.1302000000001 468.8395 946.2520999999999 471.2352 944.36 496.6042 912.2382 494.2086
616 0.1519 2453.2345 808.8338 2517.7812 810.8865 2515.1322 894.1841 2450.5855 892.1315
616 0.073 461.1123 212.0006 481.2775 215.6548 478.1003 233.1871 457.9352 229.5328
616 0.061 2594.6136 1609.71 2624.3464 1610.5914 2623.23 1648.2557 2593.4972 1647.3743
327 0.2174 3078.6496 552.6006 3094.2954 555.3329 3090.9056 574.7435 3075.2599 572.0112
327 0.1514 2727.735 2269.7581 2760.0629 2246.4667 2782.2943 2277.3234 2749.9664000000002 2300.6148
327 0.1032 3070.4931 532.7449 3082.7841 529.7339 3087.3917 548.5425 3075.1007 551.5535
327 0.057 3066.7129 2055.1539 3112.4293 2053.5356 3113.6038 2086.7132 3067.8873 2088.3315
327 0.056 2860.5589 2158.1195 2902.2787 2122.6083 2943.5421 2171.0858 2901.8223 2206.5971
627 0.9978 2780.6879 2635.6231 2853.525 2637.8886 2851.3375 2708.2192999999997 2778.5004 2705.9538000000002
627 0.9962 2872.7327999999998 3497.6294 2945.8983 3495.616 2947.8917 3568.0584 2874.7263000000003 3570.0718
627 0.9951 2782.0115 2714.5458 2855.2521 2716.9665999999997 2853.041 2783.862 2779.8004 2781.4412
627 0.9946 1808.0145 2994.8937 1892.7332999999999 2998.9984 1889.2875 3070.1185 1804.5687 3066.0139
627 0.9941 2780.7968 2386.1417 2856.2937 2389.439 2853.3307999999997 2457.2795 2777.8339 2453.9822
627 0.9935 1263.1686 2728.0923 1335.8392 2727.8258 1336.0652 2789.4519 1263.3946 2789.7184
627 0.9915 2813.8082 1107.2756 2882.5262000000002 1110.0861 2879.8143 1176.393 2811.0963 1173.5825
627 0.9914 2780.4063 2234.4846 2854.2949 2233.2156 2855.4147 2298.417 2781.5261 2299.686
627 0.1581 1276.3845000000001 2395.1201 1305.2961 2387.8694 1312.1829 2415.3298 1283.2712000000001 2422.5805
627 0.1375 1240.2768999999998 2393.2607 1273.3207 2396.1185 1270.9135999999999 2423.95 1237.8699000000001 2421.0922
627 0.0898 1294.4097000000002 1769.253 1326.5549 1755.9491 1340.0861 1788.6435999999999 1307.941 1801.9475
627 0.0523 1417.399 2360.4022999999997 1511.9221 2358.8630000000003 1512.9142000000002 2419.7851 1418.3911 2421.3243
461 0.2142 1710.731 2032.1358 1737.3725 2057.9707 1711.227 2084.9326 1684.5854 2059.0978
461 0.0797 2101.531 3082.7421 2148.2232 3074.8148 2152.7463 3101.4559 2106.054 3109.3832
461 0.0748 2156.4969 3866.326 2195.8455 3837.5994 2229.8755 3884.2123 2190.527 3912.939
461 0.0745 2811.4405 1978.4846 2865.9697 1951.6623 2894.4019 2009.4645 2839.8727 2036.2867999999999
461 0.0673 1894.9434999999999 3779.0689 1924.3199 3753.3431 1955.5448000000001 3788.999 1926.1684 3814.7246999999998
461 0.0634 1984.7573 912.4883 2036.5126 937.6987 2005.1414 1002.1019 1953.386 976.8915
274 0.2302 1749.9294 1962.8184999999999 1781.6327 1963.0041 1781.4518 1993.9011 1749.7485000000001 1993.7155
274 0.1331 1835.2198 1456.0235 1869.5356 1438.6647 1885.2857 1469.8002999999999 1850.9699 1487.1591
274 0.1249 1826.3721 876.3897 1857.9068 857.3618 1873.2861 882.8498 1841.7514 901.8777
274 0.1162 1539.7354 1648.3078 1566.4587 1639.7825 1576.2407 1670.4452999999999 1549.5174 1678.9705
274 0.1109 1375.7595999999999 1388.7092 1416.5552 1361.3992 1440.1527999999998 1396.6493 1399.3572 1423.9593
274 0.0952 1659.0823 1693.5418 1687.9791 1672.808 1708.2171 1701.0138 1679.3202 1721.7476
274 0.0794 1813.0166 888.1494 1851.5810999999999 898.3077 1843.818 927.7793 1805.2534 917.621
274 0.0527 1651.8929 1587.1953 1684.0841 1567.8953 1700.8017 1595.7792 1668.6105 1615.0792
434 0.9943 1815.7168 1684.1361000000002 1885.1100000000001 1694.5232999999998 1875.1109000000001 1761.3246 1805.7176 1750.9374
434 0.9925 1804.2215999999999 1537.4255 1867.1188 1522.1339 1883.8597 1590.9919 1820.9625 1606.2836
434 0.9922 1821.2509 1759.6937 1888.0068999999999 1776.8264 1871.6837 1840.4279000000001 1804.9278 1823.2951
434 0.9898 1817.0828999999999 1610.8188 1880.8948 1613.5069 1878.0679 1680.6149 1814.2559999999999 1677.9268
434 0.9869 1865.4277 3512.846 1921.3157 3556.5648 1877.1635999999999 3613.0065 1821.2757 3569.2876
434 0.9761 1723.7303000000002 2581.0074 1787.2853 2579.9777 1788.5393 2657.3785 1724.9843 2658.4081
434 0.9134 1852.2426 3310.9797 1923.0965 3319.0016 1914.6895 3393.2581 1843.8355000000001 3385.2362000000003
434 0.6644 1978.1344 2884.1941 2037.6395 2888.439 2032.6996 2957.6863 1973.1945 2953.4413
434 0.6083 1889.6548 2803.1905 1954.1896000000002 2778.3895 1980.0583000000001 2845.7025 1915.5236 2870.5036
434 0.1218 1092.3622 130.704 1119.5802 144.7721 1104.3049 174.3257 1077.0869 160.2576
314 0.9718 2378.2208 2573.069 2414.1246 2558.2498 2427.8884 2591.5966 2391.9846 2606.4157
314 0.8221 2904.6044 2497.465 2948.9241 2526.6772 2922.9355 2566.1062 2878.6158 2536.8940000000002
314 0.8137 3197.5955 2031.9625 3232.2316 2055.2003999999997 3212.0341 2085.3047 3177.398 2062.0668
314 0.7778 2066.6857 2952.4273 2109.395 2979.3239 2086.1499 3016.2348 2043.4407 2989.3382
314 0.7313 2058.8231 2582.7731 2091.1203 2602.743 2070.5864 2635.9522 2038.2892 2615.9823
314 0.2532 2899.132 2305.233 2928.9666 2334.8724 2898.5083 2365.5313 2868.6737 2335.8919
314 0.2514 2862.9267 2359.4912 2900.1592 2380.8254 2881.3976000000002 2413.5684 2844.1651 2392.2343
314 0.1505 202.0794 2721.8585000000003 248.8238 2764.1405999999997 210.11 2806.94 163.3656 2764.6579
314 0.0912 666.7416 2866.4511 703.6831 2831.7213 739.0759 2869.3679 702.1344 2904.0977
314 0.0868 292.2155 2974.1281 343.646 2992.3675 326.0081 3042.1022000000003 274.5775 3023.8629
314 0.0837 512.0871 3034.8943 533.7747 3016.1376 560.4608 3046.9937 538.7732 3065.7503
314 0.0721 436.9608 2050.4588 475.166 2044.3814 479.4208 2071.1291 441.2157 2077.2064
314 0.0635 495.1839 3096.2942 534.3594 3129.7405 502.4393 3167.1283 463.2639 3133.6819
457 0.9977 629.889 2811.1238 709.1487 2815.8803 704.9319 2886.1479 625.6722 2881.3914
457 0.9957 2061.4739 2144.1645 2132.1167 2144.0371 2132.2388 2211.7703 2061.5960999999998 2211.8977
457 0.9939 2156.4371 3401.1143 2234.6809 3410.8787 2225.3655 3485.5247 2147.1217 3475.7603
457 0.9934 551.2185 2630.0081 625.4239 2644.6723 611.2539 2716.3769 537.0485 2701.7127
457 0.9933 2063.5815000000002 2624.7366 2133.4071 2628.9163 2129.29 2697.6965 2059.4645 2693.5168
457 0.9926 2061.971 2294.2474 2134.0959000000003 2299.1946 2129.4523 2366.893 2057.3274 2361.9457
457 0.992 2095.881 3763.6531999999997 2176.4165 3764.2581 2175.8521 3839.3964 2095.3167 3838.7914
457 0.9904 2063.5794 2062.119 2135.1329 2071.7984 2126.2203 2137.6836 2054.6666999999998 2128.0042
457 0.9782 2092.9695 1017.9256 2160.6603 1019.4884 2159.0449 1089.4607999999998 2091.3541 1087.8980000000001
457 0.0944 615.3257 1449.5625 667.1794 1404.0153 715.4135 1458.9279000000001 663.5598 1504.475
457 0.0706 2091.9187 4051.7513 2155.5896 4055.6312 2153.4927 4090.0424000000003 2089.8217 4086.1625
457 0.0563 2022.3244 276.1235 2043.5224 294.5861 2027.0792999999999 313.4653 2005.8813 295.0027
688 0.254 863.0882 1011.4315 987.7862 1084.7531 922.3383 1196.0603 797.6403 1122.7386999999999
688 0.0937 3375.7344 3135.0574 3462.3864 3060.5047 3536.1786 3146.2728 3449.5266 3220.8255
688 0.0811 999.5054 674.7169 1085.4148 695.6817 1065.5067 777.2615000000001 979.5973 756.2968
688 0.0732 3123.3267 519.7646 3250.4608 572.4005999999999 3201.7466 690.0623 3074.6125 637.4263
688 0.0728 3167.8389 3175.2575 3222.6833 3128.4807 3280.2344 3195.9577 3225.39 3242.7345
688 0.0638 2065.0502 3052.0497 2236.2385 3084.824 2220.8734 3165.0798 2049.6851 3132.3056
688 0.0633 805.8465 860.5901 862.4428 871.6781 853.0508 919.6179999999999 796.4544000000001 908.53
688 0.057 1137.4281 504.3522 1192.1997000000001 542.8363 1162.1001 585.6749 1107.3285 547.1907
688 0.0565 892.6259 649.8971 964.893 682.8677 931.5564 755.9369 859.2892 722.9663
688 0.0507 961.2546 516.9952 1014.7164 508.4628 1017.4632 525.6735 964.0014 534.206
253 0.1009 1538.2055 2064.5966 1554.4189 2065.0546 1553.8322 2085.8214 1537.6189 2085.3634
253 0.0541 1508.2076 2081.0685 1524.6307000000002 2075.4661 1531.248 2094.8644 1514.825 2100.4668
184 0.0741 3117.1041 1330.2473 3228.8785 1351.1127000000001 3202.5008 1492.4164 3090.7264 1471.551
184 0.0695 2175.843 3460.6948 2316.0034 3437.5477 2334.9996 3552.5736 2194.8392 3575.7207
184 0.0535 2590.7109 3024.4243 2665.2696 3075.1793 2627.4881 3130.6801 2552.9294 3079.925
467 0.1076 854.4081 1533.2418 922.4651 1566.0098 887.1159 1639.4279 819.0589 1606.6599
467 0.0591 1016.7119 911.4573 1085.8325 894.8574 1111.8018 1002.9916 1042.6812 1019.5916
467 0.0583 3207.4355 -19.4562 3324.2898999999998 44.1532 3270.9562 142.1304 3154.1018 78.521
467 0.0572 586.8062 512.1393 723.1509 535.3846 703.358 651.4789000000001 567.0134 628.2336
467 0.0546 526.8154 1400.7465 584.5914 1418.1249 561.4462 1495.0735 503.6702 1477.6952
467 0.0529 329.4991 966.3251 403.2271 966.7173 402.958 1017.3233 329.2299 1016.9312
467 0.0522 744.1901 1535.7425 827.5521 1544.4392 822.6526 1591.4031 739.2906 1582.7065
467 0.0502 557.5822000000001 652.5936 675.8685 686.6804999999999 634.7941 829.2144000000001 516.5078 795.1276
418 0.9996 1467.8033 2039.1615 1501.3835 2054.2165 1486.9591 2086.3904 1453.3788 2071.3354
418 0.9989 1416.7173 2047.6335 1453.5792000000001 2047.9552 1453.3202999999999 2077.6059 1416.4584 2077.2842
418 0.998 2188.1238 1873.8536 2224.4604 1871.3144 2226.8107 1904.9479000000001 2190.4741 1907.4871
418 0.9972 2188.8055 1835.8121999999998 2225.6621 1836.3641 2225.1779 1868.7014 2188.3213 1868.1494
418 0.996 2213.5509 2761.1925 2244.0659 2779.175 2225.2527 2811.0997 2194.7377 2793.1172
418 0.996 2188.1028 2000.6369 2226.3505 1999.9938 2226.9431 2035.2318 2188.6953 2035.875
418 0.9946 2190.7767 1791.7033000000001 2227.3119 1794.5446 2224.5461999999998 1830.1069 2188.011 1827.2655
418 0.9945 2202.3599 1222.1552000000001 2233.9700000000003 1218.8875 2237.3954 1252.0245 2205.7853 1255.2921999999999
418 0.9942 2203.9489 2676.8662 2232.5873 2658.4299 2250.2433 2685.8563 2221.6049000000003 2704.2925999999998
418 0.9882 2218.6557 2612.8577 2254.3393 2632.2853999999998 2235.6115 2666.6833 2199.9279 2647.2556
418 0.9701 1502.8297 1956.9123 1532.5801000000001 1955.6621 1533.8681000000001 1986.314 1504.1177 1987.5641
418 0.2889 1502.0276 1336.6003 1533.7084 1336.8344 1533.4602 1370.4159 1501.7794 1370.1818
418 0.1856 2193.3931000000002 2144.0715 2224.8408 2146.4936 2221.5119 2189.7158 2190.0642 2187.2938
178 0.2193 3361.6106 1188.7437 3421.7718 1170.3557 3440.3701 1231.2055 3380.2089 1249.5934
178 0.1275 2780.6411 2758.1177 2838.8178 2739.3595 2855.627 2791.4916 2797.4503 2810.2498
178 0.076 2677.4238 2433.8468000000003 2738.119 2447.6387 2725.6544 2502.4923 2664.9593 2488.7003999999997
178 0.0748 3500.3614 3964.2838 3534.9575999999997 3979.9307 3520.2943999999998 4012.3521 3485.6981 3996.7051
692 0.0568 26.9049 1905.5493000000001 96.6178 1925.1389 60.551 2053.4883 -9.1619 2033.8986
511 0.999 3665.0307000000003 726.5744 3702.5292 728.66 3700.5778 763.7456999999999 3663.0793 761.6602
511 0.9985 3666.3628 765.057 3704.5642 773.4891 3696.6616 809.2917 3658.4602 800.8596
511 0.9984 3662.339 810.3572 3701.2704 810.6633 3700.9865 846.7927 3662.055 846.4866
511 0.9983 3665.0106 683.9878 3700.105 683.5684 3700.5479 720.6398 3665.4535 721.0591
511 0.9936 3664.9665999999997 1072.9758 3702.3887 1075.067 3699.7165999999997 1122.8861 3662.2945 1120.7949
511 0.9886 3682.9201000000003 1609.2179 3721.4851 1606.8077 3723.6349 1641.2069999999999 3685.0699 1643.6171
511 0.9867 3692.8103 108.5143 3725.3423000000003 129.8331 3704.7939 161.1894 3672.2619999999997 139.8705
511 0.9854 3683.2517 1702.2424 3721.3663 1716.5249 3707.3187 1754.0125 3669.2042 1739.73
511 0.9545 3672.6044 1776.1679 3703.6347 1761.8946 3718.2686 1793.7087999999999 3687.2383 1807.9821
511 0.182 2834.9274 1088.5588 2890.5414 1090.6905 2888.8437 1134.982 2833.2297 1132.8503
511 0.1008 2922.6808 1086.3976 2969.9211 1087.6404 2968.7385 1132.5911999999998 2921.4983 1131.3485
276 0.2969 2115.2076 1557.7561 2156.285 1567.3661 2147.0185 1606.975 2105.9411 1597.3649
276 0.1539 2129.4827999999998 1452.6272 2161.9275 1463.3411999999998 2152.1393 1492.9822 2119.6946 1482.2681
276 0.1209 2000.1228 1241.7437 2017.3602 1254.3408 2002.3518 1274.8776 1985.1144 1262.2805
276 0.0669 2229.3811 1347.6258 2270.0749 1359.4858 2257.5432 1402.4841000000001 2216.8495 1390.6241
276 0.0528 2117.3447 1527.1114 2128.924 1526.7078999999999 2129.1724 1533.8384 2117.5931 1534.2419
337 0.1584 43.7399 2989.4030000000002 76.1557 2994.1768 69.2607 3040.9965 36.845 3036.2228
337 0.0954 23.693 3087.8657 62.9225 3102.2748 46.6821 3146.4904 7.4525 3132.0813
337 0.0624 2015.8776 2597.4303 2046.6295 2602.116 2040.751 2640.6965 2009.9991 2636.0109
337 0.0601 102.0899 2965.2012 126.5632 2972.7457 114.8953 3010.5953 90.422 3003.0508
337 0.0568 2057.8586 2600.3678 2079.5524 2599.6823 2080.411 2626.8519 2058.7173 2627.5375
337 0.054 2650.5533 1998.0672 2669.8776 2003.1927 2665.4806 2019.77 2646.1564 2014.6444999999999
410 0.9898 3597.2487 4030.1835 3659.4593 4038.6311 3651.726 4095.5809 3589.5154 4087.1333
410 0.0854 1975.3343 3149.9815 2047.0684999999999 3161.9445 2030.145 3263.4237 1958.4108 3251.4607
410 0.0614 2535.6484 3837.9882 2578.9272 3859.2239 2543.3475 3931.7363 2500.0686 3910.5005
410 0.057 2564.4361 3656.7812 2614.2478 3665.822 2600.1702 3743.3859 2550.3585 3734.3451999999997
410 0.0535 2581.0191 3462.2978000000003 2652.3371 3477.5513 2634.969 3558.7562 2563.651 3543.5027
685 0.1609 2552.3742 531.1058 2608.018 506.4559 2635.0804 567.5455 2579.4366 592.1954000000001
685 0.1439 436.6848 3097.2587 571.5699 3086.3303 581.7211 3211.6216 446.836 3222.5501
685 0.1334 32.8866 2426.1096 140.8912 2455.2367 103.2885 2594.6687 -4.7161 2565.5415000000003
685 0.1324 3086.149 283.0985 3189.4831 302.098 3161.0712 456.6238 3057.7371 437.6243
685 0.1134 2555.6295 2044.358 2661.3361999999997 2113.9949 2585.8687 2228.5522 2480.162 2158.9154
685 0.1051 2117.7214 1574.5009 2223.5955 1641.3883 2156.1411 1748.1599 2050.267 1681.2725
685 0.0833 2707.3029 503.9514 2806.2108 585.0652 2726.9221 681.7475 2628.0143 600.6337
685 0.0744 2634.1105 1047.1999 2770.0651 1036.1286 2781.3396 1174.5796 2645.385 1185.6508
685 0.0722 703.2703 1581.3262 826.3304 1549.8928 855.3341 1663.4409 732.274 1694.8744
685 0.0529 315.4081 2547.0893 472.1197 2574.1961 456.9066 2662.147 300.195 2635.0402
685 0.051 526.9605 2587.6488 618.3894 2606.8745 587.3451 2754.5073 495.9162 2735.2816
507 0.9977 3031.4297 1363.432 3068.9603 1356.9068 3075.6573 1395.4259 3038.1267 1401.9511
507 0.9969 3037.3634 1484.3265000000001 3071.7707 1489.4904000000001 3066.4014 1525.2663 3031.9941 1520.1024
507 0.9967 3056.3163 2284.4251 3099.6537 2285.7664 3098.3627 2327.4808000000003 3055.0252 2326.1395
507 0.9961 3047.8122 1440.0238 3078.0785 1460.7842 3058.5182 1489.3008 3028.2519 1468.5403000000001
507 0.9958 3033.7513 1402.3651 3071.3722 1401.9485 3071.7725 1438.1016 3034.1516 1438.5182
507 0.9891 3048.1077999999998 790.3328 3086.4695 792.4561 3084.3723 830.3462 3046.0106 828.2228
507 0.9853 2220.0589 1659.5068 2264.4695 1678.7631000000001 2245.9813 1721.4024 2201.5707 1702.1461
507 0.9845 3059.3382 2378.4448 3096.6626 2396.0905000000002 3077.8981 2435.7814 3040.5736 2418.1357
507 0.9798 2297.6713 1759.4470000000001 2347.7084 1756.4514 2350.6726 1805.9655 2300.6356 1808.9611
507 0.9781 3057.1329 2333.1981 3096.8295 2332.5983 3097.3806 2369.0624 3057.6839 2369.6623
507 0.9742 3145.938 792.7907 3180.7593 792.2264 3181.3118 826.3178 3146.4905 826.8821
507 0.9552 2261.1133 1751.4677000000001 2309.697 1772.9286 2291.6068999999998 1813.8813 2243.0232 1792.4203
507 0.9543 3064.7586 2442.509 3098.6606 2465.4859 3073.6151 2502.4401 3039.713 2479.4632
507 0.9497 3039.8091 1772.8558 3074.4088 1773.7582 3073.1596 1821.6536 3038.5599 1820.7512
507 0.8985 2220.1058 1751.9134 2266.5146 1774.78 2245.6561 1817.1133 2199.2472 1794.2467
507 0.7395 2308.4911 816.4451 2351.0378 818.7574999999999 2349.3574 849.6762 2306.8107 847.3638000000001
507 0.2111 2296.2128 1373.0023 2342.1836 1372.8752 2342.2928 1412.3801 2296.322 1412.5071
507 0.155 2297.8389 1469.296 2348.9425 1469.0241999999998 2349.1273 1503.7789 2298.0238 1504.0508
527 0.9984 3436.0154 1988.9995 3479.8057 1990.6205 3478.3709 2029.3772 3434.5807 2027.7562
527 0.9972 3447.2937 1806.9786 3486.0119999999997 1824.4012 3469.3334999999997 1861.4658 3430.6152 1844.0432
527 0.9953 2660.7028 1941.7 2705.1903 1941.8665 2705.0407 1981.8462 2660.5532 1981.6797000000001
527 0.9944 2660.8315000000002 2037.3336 2706.0939 2042.1546 2701.7844 2082.614 2656.522 2077.793
527 0.9939 2613.3972 2039.0101 2658.1213 2041.8101 2655.6117 2081.8953 2610.8876 2079.0953
527 0.9927 3461.4942 2651.3293 3498.2109 2653.3877 3495.9639 2693.4677 3459.2473 2691.4093000000003
527 0.9848 3438.2062 1729.8486 3482.0013 1731.0951 3480.8923 1770.0574000000001 3437.0972 1768.8109
527 0.9757 3468.9893 2741.8134 3502.2682 2774.4759 3471.8504 2805.4678 3438.5715 2772.8052
527 0.9628 3455.2851 1164.8007 3496.8473 1165.4497000000001 3496.2813 1201.6973 3454.7191000000003 1201.0483
527 0.9618 2707.268 1944.8346999999999 2750.5995 1951.1883 2745.4226 1986.4954 2702.091 1980.1417999999999
527 0.9502 3470.0762 2693.5391 3506.2138999999997 2704.3248 3495.8149 2739.167 3459.6772 2728.3813
527 0.6826 2660.7595 2139.1152 2702.274 2140.5269 2700.908 2180.6987 2659.3935 2179.2870000000003
527 0.5958 2603.3533 1934.3804 2659.8865 1935.9663 2658.4528 1987.0769 2601.9196 1985.491
527 0.5276 2662.1548000000003 1284.8283000000001 2705.5588 1285.9116 2704.5342 1326.9643 2661.1302 1325.8809999999999
509 0.9968 2847.516 1296.7495 2888.8347 1293.1312 2892.2178 1331.7643 2850.899 1335.3826
509 0.9964 2856.1409 2066.6019 2893.0747 2047.5835 2913.2165 2086.6989 2876.2826999999997 2105.7173000000003
509 0.9956 2864.7324 464.1862 2901.2789000000002 472.7065 2892.6905 509.545 2856.1440000000002 501.0247
509 0.9937 2851.3358 1034.3419 2891.9807 1034.6779000000001 2891.6724 1071.9747 2851.0275 1071.6386
509 0.9934 2882.8109 2106.9219 2913.3299 2133.4005 2886.1704 2164.7042 2855.6514 2138.2256
509 0.9893 2112.3064 1243.5844 2161.8973 1245.7455 2159.9705 1289.9633 2110.3795 1287.8022
509 0.9786 2063.7258 1339.1244 2127.9623 1338.8182 2128.2012 1388.9395 2063.9647 1389.2456
509 0.9738 2869.7499 1805.8562 2913.6378 1809.5140000000001 2910.2921 1849.6567 2866.4042 1845.9989
509 0.9558 2146.3442 998.9805 2185.9216 997.3971 2187.7597 1043.3405 2148.1823 1044.9239
509 0.6666 2034.7754 1431.6816 2098.5787 1446.4195 2087.517 1494.3076 2023.7137 1479.5697
509 0.1738 2071.8119 586.3575 2113.0584 585.5493 2113.7976 623.2769 2072.5511 624.0851
509 0.117 2022.951 1334.5629 2074.0743 1334.6752000000001 2073.9518 1390.4290999999998 2022.8285 1390.3166999999999
509 0.1001 1987.7811000000002 674.7047 2004.2451 665.2665 2013.9392 682.1772 1997.4751999999999 691.6153
509 0.0551 2035.2272 1237.9813 2103.4710999999998 1237.437 2103.907 1292.0717 2035.663 1292.616
678 0.996 2752.3188 1636.6633000000002 2818.0475 1640.8076 2814.2224 1701.4742 2748.4936 1697.3298
678 0.9864 2769.009 1782.9090999999999 2826.176 1809.6201 2798.7869 1868.2383 2741.6199 1841.5273
678 0.9764 2741.6824 1731.9634 2801.873 1706.7452 2825.2045 1762.4328 2765.0139 1787.6509
678 0.944 2766.8249 1549.5632 2821.8472 1574.8527 2796.1956 1630.6626999999999 2741.1733 1605.3732
678 0.9279 2990.2159 1989.2554 3055.6551 1975.4715999999999 3067.7584 2032.9326999999998 3002.3192 2046.7165
678 0.8976 2796.8683 3431.3069 2855.9899 3459.3563 2825.9757 3522.6189 2766.8541999999998 3494.5695
678 0.8514 1232.1909 2125.4981 1305.0941 2128.7402 1301.7246 2204.5089 1228.8214 2201.2668
678 0.7274 1230.4436 2311.4705 1303.1611 2299.1497 1315.0167000000001 2369.1219 1242.2992 2381.4427
678 0.5808 1317.3608 2306.463 1388.3713 2305.0263 1389.7048 2370.9363 1318.6943 2372.373
678 0.124 1248.0748 1977.7889 1284.5466000000001 1972.7027 1288.2246 1999.077 1251.7528 2004.1632
678 0.073 3028.3409 2030.3955999999998 3078.2484 2035.4831 3074.9421 2067.9172 3025.0344999999998 2062.8297000000002
17 0.0835 2680.803 2348.9948 2736.9421 2348.0329 2737.7951000000003 2397.8192 2681.6561 2398.7811
17 0.064 2810.4681 3409.4433 2866.6772 3391.6519 2883.6375 3445.2351 2827.4284 3463.0266
640 0.9928 2700.227 2406.0549 2770.8996 2406.6732 2770.3263 2472.1971 2699.6537 2471.5787
640 0.9862 2701.5316 2327.1987 2767.8945 2331.1661 2764.0972 2394.6835 2697.7343 2390.7161
640 0.9851 2697.6862 2483.7192999999997 2770.5182 2484.2251 2770.0621 2549.8856 2697.2300999999998 2549.3797
640 0.9814 2698.0313 2562.069 2769.2134 2560.8085 2770.3683 2626.0269 2699.1862 2627.2874
640 0.9806 1334.5433 2916.6645 1399.8326 2878.5874 1438.3677 2944.6619 1373.0783999999999 2982.739
640 0.9718 1263.5206 3073.3104 1337.9844 3069.2684 1342.0336 3143.8647 1267.5698 3147.9067
640 0.9676 1273.6005 2885.863 1348.4772 2902.4571 1331.4105 2979.4662 1256.5338000000002 2962.8721
640 0.1325 1817.7763 3044.3745 1862.1813 3052.3211 1854.4434999999999 3095.5596 1810.0385 3087.6130000000003
640 0.1132 2722.1795 2530.6738 2755.2021 2554.9188 2736.1662 2580.8464 2703.1436 2556.6014
640 0.0908 1177.8908000000001 2561.5348 1205.0909000000001 2563.9692 1203.3159 2583.802 1176.1156999999998 2581.3675
640 0.0768 1240.8835 2362.2951000000003 1326.7876 2359.694 1328.7438 2424.2983 1242.8396 2426.8994000000002
640 0.051 3059.9553 3546.274 3093.5505000000003 3554.0603 3086.7021999999997 3583.6086 3053.1068999999998 3575.8224
662 0.3124 2989.3566 437.3976 3042.7523 488.4539 2994.9434 538.4536 2941.5476 487.3973
662 0.1478 3060.4838 956.5095 3206.364 999.3796 3173.3526 1111.7121 3027.4724 1068.842
662 0.1076 786.0726999999999 3404.6285 904.9033 3450.353 861.2370000000001 3563.8345 742.4064 3518.11
662 0.086 1543.6479 1291.1604 1617.9623 1288.8912 1622.241 1429.0145 1547.9266 1431.2837
662 0.0758 2035.5567999999998 18.4697 2051.6072 24.3239 2036.3124 66.2575 2020.262 60.4034
662 0.0755 3044.8857 1075.1482 3155.2532 1171.4604 3069.3576 1269.8911 2958.9901 1173.5789
662 0.0675 2312.6877 -8.342 2442.4236 50.9845 2384.2666 178.1631 2254.5307000000003 118.8366
662 0.0595 2939.2226 1235.2688 3057.1835 1261.8104 3025.4732 1402.743 2907.5123 1376.2015000000001
662 0.0549 1263.2259 2233.8786 1397.7268 2185.5013 1444.3051 2315.0008 1309.8042 2363.378
662 0.0528 1708.7060999999999 1130.4474 1839.6502 1093.8587 1877.652 1229.8605 1746.708 1266.4491
662 0.0526 2655.9472 8.9071 2817.6345 23.3939 2808.9485 120.3382 2647.2612 105.8514
662 0.0513 1981.7635 688.8269 2142.5673 711.6797 2124.7744000000002 836.8792 1963.9707 814.0264
676 0.0754 3159.7924000000003 1772.8051 3194.7808 1783.275 3185.439 1814.4938 3150.4505 1804.0239000000001
676 0.0659 2190.9477 1078.3235 2216.1762 1056.358 2237.1341 1080.4292 2211.9056 1102.3948
31 0.9917 2097.3745 1347.95 2164.5947 1344.5396 2168.0143 1411.9428 2100.7941 1415.3531
31 0.9913 2058.1401 1647.2415999999998 2115.9522 1593.1115 2177.6646 1659.0216 2119.8525 1713.1517
31 0.9903 2266.5947 1439.488 2329.1976 1499.3132 2275.9734 1555.0085 2213.3705 1495.1833
31 0.982 2162.2174999999997 1296.2666 2211.1788 1251.6105 2256.8123 1301.6434 2207.851 1346.2995
31 0.9733 1990.2561 1705.7558 2049.2592 1654.5982 2105.3078 1719.2423 2046.3047000000001 1770.3999
31 0.9731 2503.6904 1184.7334 2562.0886 1150.8366999999998 2595.7819 1208.8845999999999 2537.3838 1242.7813
31 0.8491 1934.6285 1775.1806000000001 1992.904 1729.5041999999999 2039.9952 1789.5846999999999 1981.7198 1835.2611000000002
31 0.8472 2814.8876 1187.1842 2889.4388 1153.0555 2924.2137000000002 1229.0183 2849.6624 1263.147
31 0.7408 2646.4836 1058.2892 2693.3394 1019.3485 2728.1721 1061.2612 2681.3164 1100.202
31 0.6355 2378.2088 1375.9766 2406.6363 1357.8029999999999 2425.4417 1387.2188999999998 2397.0142 1405.3924
31 0.474 476.3952 2767.3406999999997 506.9502 2743.3731 532.8903 2776.4427 502.3353 2800.4103
31 0.2195 353.5781 2901.7408 395.93 2883.6849 413.6688 2925.2928 371.3169 2943.3487999999998
31 0.0504 2598.4737999999998 552.2192 2630.0506 537.418 2641.2852000000003 561.3859 2609.7083000000002 576.1871
666 0.9968 3104.7496 2628.873 3177.0128 2629.6365 3176.3244999999997 2694.7857 3104.0613 2694.0222
666 0.9963 1589.657 3140.4264 1666.1702 3148.6907 1658.8029 3216.899 1582.2897 3208.6347
666 0.9957 1674.7761 3141.8238 1750.2747 3145.2013 1747.1686 3214.6316 1671.67 3211.254
666 0.994 1671.2993999999999 2968.8726 1750.29 2974.0061 1745.8495 3042.3341 1666.8588 3037.2006
666 0.9921 3108.0981 2395.5184 3178.1749 2400.5895 3173.2852000000003 2468.1614 3103.2084 2463.0903
666 0.9907 3103.8199 2551.6229 3174.9896 2555.1193 3171.6913 2622.256 3100.5216 2618.7596
666 0.9882 3135.151 1349.1058 3204.3176 1353.0402 3200.6185 1418.071 3131.4519 1414.1367
666 0.9878 3106.891 2874.8217 3174.7834 2883.0944 3166.5956 2950.2889 3098.7033 2942.0161
666 0.9809 1755.8824 2969.7798000000003 1829.336 2969.7891 1829.3277 3035.0616 1755.8741 3035.0522
666 0.9785 3193.1207 3652.8693 3276.4248 3652.2544 3276.984 3728.0128999999997 3193.6799 3728.6278
419 0.9972 2100.6486 3919.545 2134.5178 3919.8619 2134.2322 3950.3877 2100.363 3950.0709
419 0.997 2102.2826 3949.813 2138.6681 3959.2302 2129.6836 3993.9443 2093.2981 3984.5272
419 0.9955 2113.3171 3303.4625 2147.0033 3300.5834999999997 2150.1101 3336.9346 2116.4239 3339.8136
419 0.9946 2102.4541 3875.6203 2136.5752 3879.2971 2133.0526 3911.9869 2098.9315 3908.3101
419 0.9594 1408.5363 4052.8088 1430.9521 4033.3307999999997 1451.1458 4056.5704 1428.73 4076.0483
419 0.2484 1419.9784 3417.9496 1455.1405 3421.5299999999997 1451.6163999999999 3456.139 1416.4542999999999 3452.5586
609 0.2024 1980.6142 194.4202 2035.9548 210.3707 2017.7237 273.6241 1962.3831 257.6736
609 0.1077 2629.3903 1535.549 2707.0673 1549.3529 2698.0183 1600.2729 2620.3414 1586.4691
609 0.1022 2043.1153 769.8231 2069.1974 753.4572 2092.2344 790.1707 2066.1523 806.5366
609 0.0994 1620.2831 1455.2549 1643.9766 1477.2156 1623.6348 1499.1625 1599.9412 1477.2018
609 0.0944 1480.299 1272.2293 1532.4195 1310.9122 1500.2341999999999 1354.278 1448.1136999999999 1315.5952
609 0.0814 1928.3672000000001 506.7306 1992.3292000000001 526.6335 1974.0148 585.4906 1910.0528 565.5877
609 0.0612 1541.6531 1208.845 1574.9399 1209.0949 1574.5038 1267.1736 1541.217 1266.9236
609 0.053 2958.3641 1030.7743 3034.7097 1032.5765 3033.4417 1086.2922 2957.0960999999998 1084.49
204 0.7189 633.926 1908.6165 739.5226 1974.4083 674.7772 2078.3255 569.1806 2012.5338
204 0.0998 1694.6478 1551.4332 1738.9035 1541.5775 1745.2837 1570.2268 1701.028 1580.0824
655 0.2292 733.5641 1574.3732 844.8848 1530.0928 891.8364 1648.1288 780.5157 1692.4092
655 0.1143 226.7461 3086.8518 369.1579 3100.5311 356.7424 3229.7859 214.3306 3216.1066
655 0.112 563.179 2090.4099 651.4009 2021.4808 729.4371 2121.3586999999998 641.2152 2190.2879
655 0.0915 1229.5654 552.5997 1290.296 508.2391 1334.1582 568.2873 1273.4277 612.6479
655 0.0889 521.5817 2880.6094000000003 579.4562 2883.1684999999998 576.1659 2957.5795 518.2915 2955.0204
655 0.0835 170.9837 2922.3749 325.7404 2922.1357 325.9438 3053.7893 171.1871 3054.0284
655 0.0787 594.1447000000001 100.4182 737.3967 119.7559 718.9685 256.2703 575.7165 236.9326
655 0.0717 500.6912 2705.4812 594.621 2691.5904 613.9047 2821.9874 519.9748 2835.8781
655 0.0708 782.1799 534.1464 917.1824 548.5872 905.8881 654.1746 770.8856 639.7338
655 0.0703 1078.4871 925.7013999999999 1189.6406 988.8799 1131.0844 1091.9011 1019.9309 1028.7226
655 0.0702 396.6159 3164.6761 456.6891 3205.6768 410.2924 3273.6562 350.2191 3232.6555
655 0.0685 516.7838 1239.5011 638.1979 1232.2197 645.6188 1355.9601 524.2047 1363.2415
655 0.0681 1058.4241 1363.9694 1161.6865 1424.063 1093.4694 1541.2845 990.207 1481.1909
655 0.0645 425.7366 2055.8428 554.2522 2052.1741 556.7355 2139.1639 428.2199 2142.8325
655 0.0573 390.6768 2469.9013999999997 477.6882 2389.0375 562.8891 2480.7155000000002 475.8777 2561.5795
655 0.054 868.3292 1894.4765 918.4724 1849.4132 966.7031999999999 1903.0810000000001 916.5600999999999 1948.1443
655 0.0534 961.3666 1793.3067999999998 1012.7544 1760.4388 1057.6196 1830.5839999999998 1006.2318 1863.452
364 0.4935 1260.588 1907.5372 1426.867 1871.5104000000001 1458.8304 2019.0353 1292.5513 2055.062
364 0.1345 1511.0322 2589.0432 1623.3385 2552.978 1665.0932 2683.0014 1552.787 2719.0666
364 0.1207 1282.3724 2067.8419 1461.3895 2015.841 1502.7312 2158.1628 1323.7141000000001 2210.1638000000003
683 0.0704 746.889 538.8832 893.6151 535.4319 897.0383 680.9662 750.3122 684.4174
683 0.0675 52.5289 1697.621 187.7672 1744.2595999999999 144.9237 1868.4932 9.6854 1821.8545
683 0.0504 541.3011 174.2797 618.6138 170.2878 621.338 223.05 544.0254 227.0419
30 0.1759 3215.8504 2791.8098 3255.4166999999998 2784.5847 3262.8144 2825.0958 3223.2481 2832.321
30 0.1514 3438.1287 2550.616 3474.52 2528.0605 3496.0042 2562.7233 3459.6128 2585.2788
30 0.1232 3041.0885 2818.1757 3082.2048 2818.5162 3081.878 2857.9802 3040.7617 2857.6396
30 0.0915 3227.9236 2893.2847 3270.8137 2863.3253 3299.0248 2903.7126 3256.1348 2933.672
30 0.0817 2391.0964 3330.826 2420.6625 3310.5316000000003 2438.1393 3335.9928 2408.5732 3356.2871999999998
30 0.0806 3170.0951 2736.7003 3203.7116 2714.1959 3227.6125 2749.8985000000002 3193.996 2772.4028
30 0.077 2276.105 3359.3352 2302.1003 3334.1710000000003 2324.495 3357.3053 2298.4997 3382.4695
30 0.0738 2125.6503000000002 3677.9407 2174.4242 3690.9247 2162.5227 3735.632 2113.7488 3722.6479
30 0.0708 2420.2589 3362.3671 2448.1474 3346.4055 2463.2593 3372.8091 2435.3707 3388.7708000000002
30 0.0666 2299.2836 3392.0873 2328.7964 3370.1624 2346.6151 3394.1479 2317.1023 3416.0728
30 0.0625 3126.7015 2972.9974 3156.5524 2946.14 3182.425 2974.8963 3152.5742 3001.7537
37 0.0558 612.6634 2353.3948 644.9353 2341.3672 656.2 2371.5924 623.9281 2383.6199
582 0.1864 1459.377 3061.0973 1525.5983 3084.7693 1499.7575000000002 3157.0579 1433.5362 3133.386
582 0.1698 1059.301 1544.997 1133.7909 1599.6115 1083.4152 1668.32 1008.9253 1613.7054
582 0.119 1319.6682 1976.4477000000002 1376.1813 2015.2698 1345.9299 2059.3064999999997 1289.4168 2020.4844
582 0.1015 1641.9854 -3.3863 1734.0809 23.8418 1706.831 116.0108 1614.7355 88.7827
582 0.0981 1511.2017 3073.6357 1556.9768 3073.8403 1556.7094 3133.6975 1510.9342000000001 3133.4929
582 0.0824 2077.1172 515.8499 2157.7869 513.9286 2159.0743 567.9815 2078.4046 569.9028
582 0.067 1532.4798 2498.6137 1580.8582 2456.2025 1629.5102 2511.6996 1581.1319 2554.1109
582 0.0634 1568.0516 2839.8467 1642.1121 2865.3014 1611.6886 2953.8185 1537.6281 2928.3637
582 0.0562 1082.1912 1038.8377 1158.5381 1078.6013 1114.4771 1163.1994 1038.1302 1123.4358
582 0.0532 1213.8997 3556.5125 1232.9455 3556.6777 1232.7589 3578.2033 1213.7131 3578.0380999999998
582 0.051 1536.3795 3059.3311 1552.792 3075.0873 1539.1866 3089.2593 1522.7741999999998 3073.5031
128 0.0835 2568.2171 1125.1495 2601.4097 1106.9149 2625.0344 1149.9191 2591.8418 1168.1536999999998
128 0.0725 2692.1011 1032.4058 2727.2412 1024.0222 2731.8596 1043.3802 2696.7195 1051.7638
128 0.0588 3044.8788 677.6465 3079.8 656.1888 3104.5084 696.4003 3069.5872 717.858
128 0.054 3206.7081 564.0212 3236.4599 593.6599 3207.4692999999997 622.7610999999999 3177.7174999999997 593.1223
645 0.1157 2064.15 1231.3342 2180.3015 1168.6541 2242.704 1284.2912000000001 2126.5525 1346.9713000000002
645 0.0901 1057.1792 2624.8722 1174.0549 2687.9734 1111.4758 2803.8821 994.6001 2740.7809
645 0.0832 508.8506 850.5789 617.9768 820.3492 655.2348 954.8467 546.1086 985.0765
645 0.0699 2193.7204 1542.9721 2268.4326 1543.1066 2268.3234 1603.7754 2193.6112 1603.6409
645 0.0689 832.062 3089.344 967.336 3105.1347 954.4572 3215.4635 819.1832 3199.6729
645 0.0652 944.5786 -1.5586 1088.4126999999999 38.3162 1055.9296 155.4868 912.0956 115.612
645 0.0626 76.758 1633.0983 174.3203 1724.3067 90.9973 1813.4344 -6.5651 1722.2259
645 0.0573 1414.0389 2045.993 1525.687 2056.4024 1519.7709 2119.8556 1408.1228999999998 2109.4461
18 0.0834 632.8022 300.9967 688.9408 300.0326 689.7957 349.8177 633.6572 350.7818
18 0.064 762.4681 1361.4433 818.6772 1343.6519 835.6375 1397.2350999999999 779.4284 1415.0266
596 0.1566 1022.3429 -0.0303 1061.772 4.8833 1059.4323 23.6577 1020.0033 18.7441
596 0.1294 1018.7454 127.5622 1054.158 105.1407 1073.827 136.2061 1038.4144000000001 158.6276
596 0.0859 974.3349 1783.7224 1025.6235 1780.4924999999998 1030.1724 1852.7253 978.8837 1855.9551000000001
596 0.0754 1533.6151 602.0529 1579.1727 599.0414 1583.2842 661.2391 1537.7265 664.2505
596 0.0693 525.4897 3287.7404 576.5545999999999 3295.0344 565.1386 3374.957 514.0737 3367.663
596 0.0682 1491.999 647.5624 1548.8651 666.5924 1522.7033999999999 744.7698 1465.8372 725.7398000000001
596 0.0652 1431.8649 1022.6814 1514.9705 1039.2322 1502.933 1099.6751 1419.8274999999999 1083.1244
596 0.0627 1028.4984 1953.0012000000002 1074.8117 1957.0427 1069.0644 2022.9026 1022.7511 2018.8611
596 0.0512 344.3391 1051.084 418.5244 1023.4323 441.813 1085.912 367.6277 1113.5638
596 0.0502 1088.6416 1534.7395 1121.7563 1552.8902 1101.4396 1589.9567 1068.3249 1571.8061
444 0.9974 993.4264000000001 607.3415 1064.2257 612.3501 1059.5508 678.4329 988.7516 673.4244
444 0.9968 2461.798 1731.8978 2533.9943 1743.3669 2522.6708 1814.6464 2450.4745 1803.1772
444 0.9965 990.4856 785.5244 1061.5718000000002 787.3262 1059.9335 851.9629 988.8473 850.1611
444 0.9953 2460.2877 1816.5226 2531.7612 1820.9396 2527.1473 1895.5982 2455.6738 1891.1812
444 0.9936 1073.7322 784.0832 1144.8677 788.4027 1140.7122 856.8374 1069.5767 852.5179
444 0.9919 2446.5463 1464.3397 2517.6327 1463.1728 2518.6571 1525.5801000000001 2447.5707 1526.7469999999998
444 0.9911 2418.0295 596.2384 2494.9595 596.8894 2494.3698 666.5771 2417.4398 665.9261
444 0.991 2431.6711 2045.6499 2493.8762 2020.1958 2519.7623 2083.4566999999997 2457.5572 2108.9108
444 0.9889 2476.7056000000002 1910.2935 2534.7897 1959.1758 2483.5587 2020.0506 2425.4746999999998 1971.1683
444 0.9885 1074.9016 432.3022 1146.3123 434.6903 1144.1833 498.3516 1072.7727 495.9635
444 0.2516 876.1057000000001 262.875 908.5911 264.3538 907.6005 286.1146 875.1151 284.6358
444 0.0705 2507.953 1956.6495 2551.6558 1938.0333 2574.9475 1992.7122 2531.2447 2011.3283999999999
444 0.0685 2517.6169 1829.9995 2559.8504000000003 1812.893 2581.0446 1865.2183 2538.8111 1882.3247999999999
444 0.0607 911.6894 267.6645 942.3172 260.4295 948.4657 286.4581 917.838 293.693
444 0.0599 2523.5182 2019.6116 2555.2584 2001.0144 2581.368 2045.5762 2549.6279 2064.1733
444 0.0541 2460.447 1515.4346 2485.0647 1539.3196 2467.4478 1557.4768 2442.8301 1533.5919
444 0.053 2518.9054 1480.9547 2551.5579 1459.5836 2580.9237000000003 1504.451 2548.2712 1525.8220999999999
394 0.118 1025.3299 941.2748 1077.2522 932.0539 1090.9816 1009.3629 1039.0593 1018.5838
394 0.0797 948.206 454.9745 1012.9872 454.7398 1013.2872 537.5335 948.5059 537.7682
394 0.0529 666.0897 1.1365 697.0203 0.4593 697.4418000000001 19.7097 666.5112 20.3869
477 0.1689 984.9889000000001 1020.577 1059.0320000000002 1040.8557 1037.5012000000002 1119.4709 963.4580000000001 1099.1922
477 0.1107 2087.9039 517.7052 2162.8967 528.8585 2153.4126 592.6277 2078.4198 581.4744000000001
477 0.1041 1025.2374 918.3236 1074.945 916.1571 1078.6097 1000.2402 1028.9022 1002.4067
477 0.0775 2265.4543 1530.5914 2344.1554 1557.926 2314.082 1644.5127 2235.3809 1617.1781
477 0.0639 145.7451 521.0226 224.9931 519.7777 225.8832 576.443 146.6352 577.6879
477 0.0513 2282.6418 1410.0936000000002 2367.9435 1422.3166999999999 2355.3766 1510.0178 2270.0749 1497.7947
477 0.0511 1045.445 1443.2694000000001 1108.5685 1451.9995 1098.7428 1523.0448000000001 1035.6193 1514.3147
300 0.0535 1021.8663 1689.4112 1051.5657 1672.2793 1067.6439 1700.1522 1037.9445 1717.2841
401 0.2423 2257.7653 3476.4087 2329.0646 3515.9741 2292.2371000000003 3582.3394 2220.9377 3542.774
401 0.1181 2163.9938 3846.2016 2243.1761 3841.7084999999997 2247.6278 3920.1621999999998 2168.4455 3924.6553
74 0.091 1573.3772 3799.3460999999998 1614.0124 3797.6017 1615.5637 3833.741 1574.9285 3835.4853000000003
74 0.0825 1791.9449 3563.7864 1824.1069 3540.0165 1850.6462000000001 3575.9256 1818.4841999999999 3599.6955
74 0.0697 1833.1259 3626.1735 1868.2883 3603.5841 1891.7133 3640.0472 1856.5509 3662.6366
74 0.0643 1698.0081 3711.6369 1735.6996 3695.7385 1753.6725999999999 3738.3484 1715.9811 3754.2469
74 0.0602 1537.7067 3738.1238 1560.4784 3733.9127 1567.3097 3770.8536 1544.5381 3775.0647
290 0.8885 1442.0495 3266.2083000000002 1472.6156999999998 3277.2446 1462.5718000000002 3305.062 1432.0056 3294.0256
290 0.1127 516.4883 3070.9931 546.1318 3082.5837 539.5528 3099.4098 509.9093 3087.8191
290 0.0857 1454.3101000000001 3114.4278 1483.0259999999998 3122.5094 1476.5803 3145.4127 1447.8644 3137.3311
408 0.1275 732.6411 710.1177 790.8178 691.3595 807.627 743.4916000000001 749.4503 762.2498
408 0.0756 623.6466 391.372 684.9126 392.7602 683.6279 449.4557 622.3619 448.0675
408 0.0748 1452.3614 1916.2838000000002 1486.9576 1931.9307 1472.2944 1964.3521 1437.6981 1948.7051000000001
376 0.0779 2442.853 2799.8958000000002 2478.2345 2807.2517 2470.166 2846.0605 2434.7844999999998 2838.7047000000002
87 0.9918 1928.6586 856.3279 1992.8987 852.1936000000001 1997.1252 917.8661 1932.885 922.0004
87 0.9856 2015.7399 1023.7608 2076.9 1081.6888 2025.7832 1135.6577 1964.623 1077.7296000000001
87 0.9803 1634.6088 1108.4263 1701.853 1161.945 1650.1478 1226.9107 1582.9036 1173.3921
87 0.9561 1739.149 1289.5033 1804.8812 1241.8980999999999 1853.9324000000001 1309.6268 1788.2002 1357.232
87 0.9532 1678.4231 1355.8323 1739.8126 1308.9032 1788.3154 1372.3513 1726.9259 1419.2804
87 0.9337 1612.6184 1427.0293 1667.7285 1374.2905 1721.7347 1430.7249 1666.6247 1483.4637
87 0.9145 2267.2466 786.0033000000001 2317.3737 746.4511 2358.2943999999998 798.3126 2308.1673 837.8647000000001
87 0.4034 2417.3698 627.2073 2474.4982 617.4342 2484.3174 674.832 2427.189 684.6052
87 0.1515 378.6738 2199.7538 414.3135 2230.0946 387.075 2262.0901 351.4354 2231.7494
87 0.0681 2039.7658999999999 1088.1167 2093.3943 1121.3428 2071.6501 1156.4388 2018.0217 1123.2127
87 0.0631 179.8845 2000.8020000000001 210.9825 1987.2426 223.6136 2016.2113 192.5156 2029.7708
87 0.059 2022.842 1021.3446 2046.5295 1006.711 2069.4899 1043.8772 2045.8024 1058.5108
87 0.0518 322.3494 1857.3604 347.1973 1871.6525 330.2321 1901.1477 305.3842 1886.8555999999999
654 0.9972 3120.7172 313.0735 3193.6440000000002 314.9424 3191.8807 383.75 3118.9539 381.8811
654 0.9965 3116.6837 391.1156 3189.7924000000003 386.9228 3193.6638000000003 454.4283 3120.5551 458.6211
654 0.9953 3115.6562 639.2394 3193.3439 638.5852 3193.9278 707.9117 3116.24 708.5659
654 0.9943 3115.9217 237.0863 3190.6621999999998 233.8545 3193.5413 300.4367 3118.8008 303.6685
654 0.9919 1688.4793 904.4685999999999 1765.081 909.6085 1760.6314 975.9231 1684.0296 970.7832000000001
654 0.9912 1600.9070000000002 728.4066 1677.5034 731.5585 1674.6201 801.6256000000001 1598.0237 798.4737
654 0.9902 3118.3094 716.2075 3193.0421 717.9842 3191.3606 788.7115 3116.628 786.9348
654 0.9875 3179.0579 2126.2104 3235.6989 2178.1005999999998 3182.4351 2236.241 3125.7942000000003 2184.3508
654 0.9864 3123.9396 2069.2896 3179.9127 2023.3087 3229.4498 2083.6108 3173.4767 2129.5917
654 0.941 1690.8088 721.4847 1767.5777 725.5603 1763.4348 803.5949 1686.6660000000002 799.5192999999999
654 0.3064 1666.224 375.5726 1750.0129 372.1992 1752.7315 439.7245 1668.9426 443.0979
654 0.0789 1770.0686 374.6058 1850.128 380.3727 1845.5005 444.6152 1765.4411 438.8484
686 0.1168 2853.9163 2558.4093 2960.9713 2624.6381 2896.2448 2729.2646 2789.1899 2663.0358
686 0.1025 2667.5235 2565.1756 2770.8017 2565.1344 2770.8287 2632.8566 2667.5505 2632.8978
245 0.0555 3425.808 772.3745 3442.398 766.0974 3448.3367 781.793 3431.7466 788.0701
34 0.2686 1571.8489 3484.4025 1600.8208 3511.3642 1572.0836 3542.244 1543.1117 3515.2823
34 0.144 826.8652 3909.7994 854.0996 3885.6438 877.9427000000001 3912.5259 850.7083 3936.6815
34 0.117 945.4795 3922.3559999999998 971.246 3907.2232 984.6637 3930.0694 958.8972 3945.2021999999997
34 0.0602 977.2612 3792.7924000000003 1013.3156 3805.4375 1000.7037 3841.397 964.6493 3828.7518
34 0.0576 742.7435 4071.6465 780.8041000000001 4054.0394 794.5915 4083.8431 756.5309 4101.4502
34 0.0557 868.1229 3970.5097 901.8599 3948.2289 923.0262 3980.2785 889.2891 4002.5593
34 0.053 1918.6713 3244.0393 1964.5205 3218.3018 1987.8020999999999 3259.776 1941.9529 3285.5135
34 0.052 1647.5289 3326.9218 1692.9202 3344.7897 1676.6088 3386.2267 1631.2175 3368.3588
34 0.0518 580.9911 4085.3134 606.9327 4074.9366 613.9971 4092.5971 588.0554 4102.9739
382 0.9831 3023.5928 2822.8037 3083.806 2831.16 3075.1473 2893.5517 3014.9342 2885.1954
382 0.9823 2986.7042 3037.1508 3043.6726 3053.4363 3026.5959 3113.1728000000003 2969.6274 3096.8873
382 0.9782 3217.5085 2787.5439 3277.838 2790.7885 3274.2941 2856.6838 3213.9646 2853.4393
382 0.9687 3006.1166 2962.1195 3063.9171 2982.9172 3042.843 3041.4857 2985.0425 3020.688
382 0.9623 3187.3523999999998 2925.9281 3247.5713 2938.1264 3234.6127 3002.0985 3174.3938 2989.9002
382 0.2008 1962.1309999999999 2546.9769 2021.6768 2556.0561 2009.6512 2634.9253 1950.1055000000001 2625.8462
382 0.0879 1997.2516 2344.0291 2052.7054 2352.6271 2038.7346 2442.7332 1983.2808 2434.1352
382 0.0704 3041.8645 3028.0166 3087.8691 3020.128 3097.8244999999997 3078.1859 3051.8199 3086.0744999999997
360 0.0896 1032.283 2331.3102 1080.2899 2332.9607 1077.5621 2412.3015 1029.5553 2410.651
576 0.1008 539.1958 530.0204 610.7855 581.6571 571.6844 635.8672 500.0948 584.2305
576 0.082 801.1623 520.8521 876.7987 522.7591 875.1320000000001 588.8621 799.4956999999999 586.9551
649 0.094 2058.6249 2567.4412 2085.8105 2562.7209 2089.8698 2586.1 2062.6843 2590.8203
10 0.1116 1028.7059 3518.1187 1075.9732 3511.6998 1087.7378 3598.3322 1040.4705 3604.751
10 0.08 937.1897 3122.5465 1014.8904 3114.5768 1023.303 3196.595 945.6022 3204.5647
10 0.0695 950.5251 3221.9847 1013.5716 3215.1324 1022.0107 3292.7777 958.9643 3299.6301
10 0.0692 859.5394 2568.2256 933.8361 2562.6412 939.8377 2642.4892 865.5409999999999 2648.0736
10 0.0556 620.9254 2597.6739 688.072 2586.2604 703.2026 2675.2753 636.0561 2686.6889
196 0.0518 3503.6726 1231.3204 3567.7798000000003 1213.4764 3582.4823 1266.2971 3518.3751 1284.1411
583 0.1084 1983.6325000000002 1526.9069 2044.3991999999998 1559.7243 2007.1761000000001 1628.6488 1946.4094 1595.8314
583 0.0544 1527.452 2214.8721 1567.209 2202.1232 1582.5285 2249.8965 1542.7715 2262.6454
399 0.0502 2388.5468 1091.6201 2460.4779 1099.5922 2454.3379 1154.9919 2382.4069 1147.0199
345 0.0612 1633.2874000000002 1534.1775 1681.6174 1508.5182 1708.7679 1559.6569 1660.4379 1585.3161
