344 0.2025 74.8721 663.9678 103.5982 671.8477 94.6998 704.2869 65.9736 696.407
344 0.1109 578.3201 1155.3596 628.1489 1191.4738 582.3525 1254.6617999999999 532.5237 1218.5475999999999
344 0.0719 3722.9548 2492.3268 3778.6089 2463.3952 3809.2138 2522.2683 3753.5596 2551.1998
344 0.0518 529.2842 1374.9650000000001 608.5728 1389.7031 597.7381 1447.9919 518.4495 1433.2538
342 0.1441 75.9356 663.9191 104.5506 673.1709 94.1191 705.4345000000001 65.5041 696.1827000000001
342 0.1095 575.9282 1155.6823 628.2426 1188.6886 586.0824 1255.5117 533.7679 1222.5054
342 0.0804 3722.9572 2491.9103 3778.3934 2463.4192 3808.7307 2522.4479 3753.2945 2550.939
689 0.1131 3076.1192 2425.3084 3184.8191 2356.5468 3258.8258 2473.5382 3150.1259 2542.2998
689 0.0933 1329.5557 2092.224 1461.0131999999999 2038.7816 1526.2251999999999 2199.1897 1394.7676000000001 2252.6321
689 0.064 2952.1105 2460.3137 3041.9074 2439.2025 3082.0056999999997 2609.7619 2992.2088 2630.873
689 0.056 3647.5657 525.8592 3790.7549 554.2837 3767.2435 672.7233 3624.0543 644.2989
470 0.0886 520.8234 1415.8065000000001 581.6831 1423.3415 572.5587 1497.0384 511.699 1489.5034
670 0.3346 1556.0546 512.9877 1600.1645 533.4956999999999 1574.5024 588.6913 1530.3925 568.1831999999999
670 0.2684 2834.2016 1029.574 2888.8967000000002 1062.6195 2854.4638 1119.611 2799.7687 1086.5656
670 0.1032 1687.637 652.5715 1717.2534 675.6244 1693.686 705.9019 1664.0696 682.849
670 0.059 2094.2102 2122.0277 2152.6714 2143.2541 2130.277 2204.9323 2071.8157 2183.7059
204 0.0619 1002.732 610.6493 1036.3614 611.7095 1035.0128 654.487 1001.3833999999999 653.4268
204 0.0556 582.9547 1934.9099999999999 715.6928 1925.4672 723.6713 2037.6214 590.9331999999999 2047.0642
235 0.1168 3497.6438 3154.624 3530.1552 3132.4747 3545.2874 3154.6863 3512.776 3176.8356
235 0.1102 3479.5009 3111.3273 3515.4971 3098.3342 3526.0658 3127.6136 3490.0695 3140.6068
235 0.0686 3268.8828 2780.1056 3320.9389 2754.8106 3340.7381 2795.5566 3288.682 2820.8516
235 0.0515 1755.7903000000001 2763.728 1781.8869 2769.967 1778.2105999999999 2785.3444 1752.114 2779.1053
235 0.0508 2666.9132 3178.9523 2720.9048 3157.4642 2738.5141 3201.7098 2684.5226 3223.1979
339 0.2736 1451.5892 1396.3577 1504.8073 1400.7179 1500.0934 1458.2537 1446.8753000000002 1453.8935999999999
339 0.2654 1953.145 2837.98 2007.0518 2821.6123 2022.0439000000001 2870.9884 1968.1371 2887.3562
339 0.2624 1558.719 1447.2851 1580.3995 1461.6342 1560.5605 1491.6096 1538.88 1477.2604999999999
339 0.117 3141.3447 3501.8948 3181.0324 3474.1405 3211.8861 3518.2603 3172.1984 3546.0145
339 0.0568 3109.6074 3322.3615 3161.2186 3312.9854 3169.6799 3359.5611 3118.0688 3368.9372
231 0.1115 1533.1928 1755.0946 1566.2354 1744.5863 1576.7068 1777.513 1543.6643 1788.0212
231 0.1111 2269.7073 4045.4962 2307.9994 4032.0623 2324.5118 4079.1293 2286.2197 4092.5632
231 0.0787 1470.4228 1442.5076 1519.4054999999998 1423.3645000000001 1536.5819 1467.3151 1487.5992 1486.4583
298 0.0623 2059.3122 2715.5995000000003 2073.5004 2721.8965 2066.2488 2738.2358 2052.0606 2731.9388
298 0.0614 2004.2255 2734.1315 2020.3713 2741.7949 2014.2916 2754.6041999999998 1998.1458 2746.9408
298 0.0601 841.158 1983.9485 851.7407 1974.077 866.1451 1989.5192 855.5624 1999.3907
298 0.0564 1949.9342000000001 2771.3983 1964.9422 2765.7307 1969.7296000000001 2778.408 1954.7215999999999 2784.0756
120 0.28 1054.4712 1138.7485 1088.6763999999998 1142.68 1084.0181 1183.2092 1049.8129 1179.2778
120 0.1895 556.4928 3788.8618 589.5515 3793.6155 583.9913 3832.2826999999997 550.9326 3827.5289000000002
120 0.1775 616.8142 3470.8966 648.1111 3476.2855 641.61 3514.042 610.3131 3508.6531
120 0.1257 981.7126 1539.7611 1013.2994 1545.9224 1006.5358 1580.5965 974.949 1574.4352
120 0.0521 379.6823 3069.0099 436.3925 3104.4479 403.5352 3157.0284 346.825 3121.5905
525 0.0655 2592.0284 2623.6285 2627.5863 2619.2993 2632.2632 2657.7122 2596.7052 2662.0414
525 0.0507 2561.538 1776.0679 2584.3763 1774.5529999999999 2586.7059 1809.675 2563.8677 1811.1898
327 0.2711 3449.6710000000003 193.7358 3492.7432 171.1646 3513.175 210.1544 3470.1029 232.7255
327 0.2397 3078.6496 552.6006 3094.2954 555.3329 3090.9056 574.7435 3075.2599 572.0112
327 0.0793 3066.7129 2055.1539 3112.4293 2053.5356 3113.6038 2086.7132 3067.8873 2088.3315
327 0.0556 3069.4063 531.1237 3083.0561 528.3079 3087.2441 548.6101 3073.5943 551.4258
691 0.1437 2933.5324 508.4157 2989.3983 548.4823 2952.8655 599.4209 2896.9996 559.3542
691 0.0863 3084.2139 313.7847 3199.2899 268.0698 3251.3042 399.003 3136.2282 444.7178
691 0.0597 113.4171 3067.7539 248.2628 3134.2742 182.9691 3266.6334 48.1234 3200.1131
691 0.0548 2475.7607 1076.4671 2574.9695 1135.5492 2505.7858 1251.7203 2406.577 1192.6382
691 0.0543 1027.0843 787.5265 1117.0855999999999 736.9305 1180.7046 850.0974 1090.7033 900.6934
691 0.0528 2948.6863 378.0762 3027.1486999999997 352.9123 3078.458 512.8978 2999.9956 538.0616
691 0.0507 2688.3028 1569.9776 2820.7637 1553.1127 2836.9655000000002 1680.3656 2704.5047 1697.2306
446 0.0579 3609.8993 2077.2957 3638.8721 2089.3645 3627.8132 2115.9128 3598.8404 2103.844
446 0.0549 3404.0666 2409.575 3426.6596 2405.6072 3431.925 2435.5886 3409.3319 2439.5564
461 0.0642 1690.3420999999998 2054.3627 1727.2672 2047.6374 1732.7475 2077.7269 1695.8224 2084.4522
461 0.0618 1540.4675 1096.715 1569.9408 1092.3446 1578.0529 1147.0518 1548.5795 1151.4221
461 0.0582 2101.3224 3082.7521 2148.118 3074.9047 2152.5847 3101.5408 2105.7891 3109.3882
274 0.3143 1374.9992 1390.3014 1416.1823 1361.8367 1439.2814 1395.2568 1398.0983 1423.7215
274 0.2318 1834.1689000000001 1457.5230000000001 1864.6403 1437.1588000000002 1883.066 1464.7296000000001 1852.5947 1485.0938
274 0.1616 1746.672 1966.6401 1775.3175999999999 1956.7971 1787.0059999999999 1990.8134 1758.3604 2000.6563999999998
274 0.1241 1537.4603 1648.1354000000001 1563.6468 1637.4844 1575.8483 1667.483 1549.6618 1678.134
274 0.1171 1826.6336000000001 874.3567 1856.449 858.0769 1871.5989 885.8232 1841.7836 902.1029
274 0.067 1652.4116 1590.2629 1680.4813 1568.181 1699.6048 1592.49 1671.5351 1614.5720000000001
274 0.0504 1677.5397 1673.4432000000002 1707.3154 1688.2415 1690.9996 1721.0706 1661.2239 1706.2723
434 0.1563 1863.1833 3514.8065 1912.6778 3560.9094999999998 1875.8095 3600.4899 1826.315 3554.3868
434 0.0688 1979.8089 2880.4277 2032.7206 2881.503 2031.2138 2955.6454 1978.3020999999999 2954.5701
434 0.0581 1100.1947 133.2438 1119.5904 149.4256 1098.2422 175.0137 1078.8466 158.8318
314 0.8616 197.6694 2722.4448 247.8116 2757.0436 214.0421 2805.9839 163.9 2771.3851
314 0.2856 2061.9807 2585.3627 2090.8686 2600.5954 2074.3942 2631.8382 2045.5063 2616.6055
314 0.2378 3200.5996 2032.7858 3233.3718 2060.757 3211.2213 2086.7095 3178.4491 2058.7383
314 0.1791 505.8098 3015.9596 547.6377 3008.1041999999998 557.7585 3061.995 515.9307 3069.8504000000003
314 0.1762 2060.5684 2949.835 2108.6768 2974.5577 2087.2012 3016.3477000000003 2039.0927 2991.625
314 0.1112 297.8427 2974.2453 344.9629 3001.6537 320.0294 3044.5189 272.9093 3017.1104
314 0.057 2903.9013999999997 2499.2866 2947.6448 2519.9146 2928.0902 2561.3818 2884.3467 2540.7539
314 0.0506 692.3147 2832.4393 740.5376 2860.4839 713.5884 2906.8231 665.3656 2878.7785
94 0.7446 1663.8438 484.135 1734.612 426.3565 1793.2815 498.2161 1722.5133 555.9945
94 0.264 1866.5768 1.6886 1949.5338000000002 2.3947 1948.8825000000002 78.9097 1865.9256 78.2036
94 0.1477 1877.7732 679.6423 1957.903 626.4867 2011.8962000000001 707.8793000000001 1931.7664 761.0349
94 0.0557 774.5497 1339.7156 854.6647 1353.2769 840.1524999999999 1439.0098 760.0373999999999 1425.4485
253 0.1167 1537.358 2064.4224 1552.3348 2063.2003999999997 1554.1044 2084.8898 1539.1277 2086.1118
253 0.0941 1508.2912999999999 2081.4017 1524.4717 2075.6244 1531.313 2094.7847 1515.1327 2100.562
178 0.071 2593.6602000000003 2780.3234 2642.6176 2759.363 2664.8785 2811.3582 2615.9211 2832.3186
178 0.0561 2780.6411 2758.1177 2838.8178 2739.3595 2855.627 2791.4916 2797.4503 2810.2498
684 0.0653 2875.8473 185.7971 2983.3588 250.2757 2921.255 353.8275 2813.7435 289.3489
337 0.0984 21.7175 3087.0863 60.1418 3098.6665 46.0543 3145.4105 7.63 3133.8304
337 0.0751 36.9112 2996.4247 72.9645 2992.4305 77.8676 3036.6863 41.8142 3040.6806
337 0.0692 2014.3163 2597.7368 2050.2497 2602.2278 2045.254 2642.1994 2009.3206 2637.7084
337 0.0557 2057.8586 2600.3678 2079.5524 2599.6823 2080.411 2626.8519 2058.7173 2627.5375
345 0.1629 1633.2869 1534.1831 1681.6163999999999 1508.5187 1708.7693 1559.6512 1660.4398 1585.3156
345 0.1181 1115.0469 872.2891999999999 1178.1563999999998 895.1786999999999 1152.308 966.4461 1089.1986000000002 943.5566
527 0.0783 3439.7877 2769.9572 3471.0272999999997 2743.6432999999997 3499.3174 2777.2290000000003 3468.0778 2803.5428
645 0.2096 2182.0779 1160.7965 2346.0461 1106.3459 2398.6177 1264.6558 2234.6496 1319.1064000000001
645 0.1759 2064.1501 1231.3339 2180.3016 1168.6542 2242.7038000000002 1284.2915 2126.5523 1346.9712
645 0.0951 1929.5329 1333.7673 2017.5475999999999 1257.7865 2118.0865 1374.249 2030.0718 1450.2296999999999
645 0.0799 1670.226 1749.617 1794.933 1789.7494000000002 1754.6765 1914.8420999999998 1629.9695 1874.7096999999999
645 0.0709 1461.3575 1988.6480999999999 1557.5587 2030.08 1508.9904000000001 2142.8513000000003 1412.7892000000002 2101.4193999999998
645 0.0707 1564.4847 2972.0274 1628.4453 2915.5677 1678.4205 2972.1823 1614.46 3028.642
645 0.055 -1.9562 1682.8878 115.6601 1640.016 162.5471 1768.6474 44.9308 1811.5193
645 0.0538 2193.7204 1542.9721 2268.4326 1543.1066 2268.3234 1603.7754 2193.6112 1603.6409
645 0.0509 508.8506 850.5789 617.9768 820.3492 655.2348 954.8467 546.1086 985.0765
645 0.0507 1604.2676 2199.9062 1720.7842 2145.2775 1777.8353 2266.9606 1661.3187 2321.5894
645 0.0506 1009.4281 2659.975 1118.2849 2626.5654 1161.6145999999999 2767.7443 1052.7579 2801.1539
300 0.1 1037.2444 1676.9108999999999 1062.7504 1683.1651000000002 1054.9265 1715.0729999999999 1029.4205 1708.8188
662 0.2364 736.3839 3446.1620000000003 859.8992 3402.4 902.6006 3522.9217 779.0853 3566.6837
662 0.1753 1992.0506 676.0291 2146.2648 720.4268 2108.1597 852.7836 1953.9455 808.3859
662 0.1588 2989.3566 437.3976 3042.7523 488.4539 2994.9434 538.4536 2941.5476 487.3973
662 0.1423 3044.8857 1075.1482 3155.2532 1171.4604 3069.3576 1269.8911 2958.9901 1173.5789
662 0.1375 1704.865 1145.2915 1827.5103 1091.2867 1882.8047000000001 1216.8605 1760.1594 1270.8653
662 0.0834 3077.7086 947.0072 3214.7782 1015.2172 3161.7496 1121.7797 3024.6799 1053.5697
662 0.0668 2307.4638 -4.1652 2448.4017 42.6603 2403.9866 176.3429 2263.0488 129.5173
662 0.0585 2958.3902 266.7392 3074.8499 280.4565 3058.8 416.7197 2942.3404 403.0024
662 0.0553 2939.2226 1235.2688 3057.1835 1261.8104 3025.4732 1402.743 2907.5123 1376.2015000000001
457 0.068 645.7619 1404.4204 713.2283 1432.6933 684.3925 1501.503 616.9261 1473.2302
685 0.1261 2555.6295 2044.358 2661.3361999999997 2113.9949 2585.8687 2228.5522 2480.162 2158.9154
685 0.1077 436.6848 3097.2587 571.5699 3086.3303 581.7211 3211.6216 446.836 3222.5501
685 0.1033 1466.6152 70.025 1582.5701 37.1568 1618.7971 164.961 1502.8422 197.8291
685 0.0836 287.3935 2540.5994 432.6155 2484.9926 488.9406 2632.0908 343.7187 2687.6976
685 0.0646 2552.3742 531.1058 2608.018 506.4559 2635.0804 567.5455 2579.4366 592.1954000000001
685 0.0625 508.4352 2558.2375 647.3867 2615.0969 591.9274 2750.6264 452.976 2693.7669
685 0.0559 2634.1105 1047.1999 2770.0651 1036.1286 2781.3396 1174.5796 2645.385 1185.6508
685 0.0554 696.2586 1584.7955 823.8797 1560.4028 845.7106 1674.6204 718.0895 1699.0131000000001
685 0.0549 2117.7214 1574.5009 2223.5955 1641.3883 2156.1411 1748.1599 2050.267 1681.2725
685 0.0532 2707.3029 503.9514 2806.2108 585.0652 2726.9221 681.7475 2628.0143 600.6337
685 0.0503 3086.149 283.0985 3189.4831 302.098 3161.0712 456.6238 3057.7371 437.6243
676 0.0927 3156.9415 1774.4816 3192.9575 1780.6768 3187.732 1811.0556000000001 3151.7159 1804.8605
676 0.0589 2190.9477 1078.3235 2216.1762 1056.358 2237.1341 1080.4292 2211.9056 1102.3948
676 0.0584 3114.2712 1458.6475 3142.7711 1476.7166 3127.3463 1501.0457000000001 3098.8464 1482.9766
649 0.0765 2515.3608 1283.1759 2544.1828 1302.9496 2526.6721 1328.4731 2497.8502 1308.6995
649 0.0624 2055.2994 2725.2481 2076.8289 2729.6144 2071.609 2755.3526 2050.0795 2750.9863
31 0.235 2812.7626 1206.9432 2870.2781999999997 1152.5977 2926.1846 1211.7653 2868.6691 1266.1107
448 0.1717 2881.0775 3549.7128000000002 2942.4581 3526.5073 2958.7994 3569.7317000000003 2897.4188 3592.9371
448 0.0911 1531.5213 2215.0728 1587.1502 2216.3476 1585.3519000000001 2294.8201 1529.723 2293.5452999999998
448 0.0573 2880.3445 3749.2906000000003 2939.4058 3722.4802 2964.7719 3778.3596 2905.7106 3805.1701000000003
448 0.0548 1427.4133 1024.6392 1504.0112 1008.4421 1515.5903 1063.2014 1438.9925 1079.3985
448 0.0525 1528.3354 1005.78 1605.8686 999.9439 1610.4179 1060.3816000000002 1532.8846 1066.2177000000001
609 0.2345 1989.7219 196.0369 2033.0609 223.9151 1999.3087 276.3856 1955.9697999999999 248.5073
609 0.0863 2049.5432 761.4565 2080.0554 754.1822999999999 2090.3788 797.4846 2059.8666 804.7589
609 0.0798 1305.2836 3524.6308 1368.0939 3536.325 1355.0426 3606.4244 1292.2323000000001 3594.7302
609 0.0758 1928.3672000000001 506.7306 1992.3292000000001 526.6335 1974.0148 585.4906 1910.0528 565.5877
609 0.062 2069.4971 1840.8976 2089.2364 1855.6105 2072.7426 1877.7392 2053.0033 1863.0264
609 0.059 2629.3903 1535.549 2707.0673 1549.3529 2698.0183 1600.2729 2620.3414 1586.4691
609 0.0566 1480.2750999999998 1272.2262 1532.4152 1310.8881000000001 1500.2485000000001 1354.2687 1448.1082999999999 1315.6067
655 0.1877 714.6843 1593.3392 828.6498 1516.229 907.0336 1632.0769 793.0681 1709.1871
655 0.1454 599.595 100.2938 740.9004 129.747 713.2864 262.229 571.981 232.7759
655 0.1258 396.6159 3164.6761 456.6891 3205.6768 410.2924 3273.6562 350.2191 3232.6555
655 0.1184 1229.5654 552.5997 1290.296 508.2391 1334.1582 568.2873 1273.4277 612.6479
655 0.0948 389.7771 2476.4332 480.4341 2392.3505 561.4572 2479.7087 470.8002 2563.7914
655 0.0924 218.9083 3094.3134 361.6737 3094.5595 361.447 3226.0981 218.6816 3225.852
655 0.0703 521.54 2880.5203 579.4716 2883.2200000000003 575.9961 2957.7991 518.0645 2955.0994
655 0.0649 225.3223 2237.7599 343.4633 2279.3166 299.3981 2404.589 181.2571 2363.0323
655 0.0629 966.9378 1790.5999000000002 1015.9806 1779.7148 1031.3308 1848.8749 982.2881 1859.7601
364 0.1908 1272.6049 1899.5403999999999 1430.1349 1882.7942 1445.8555999999999 2030.6768 1288.3255 2047.423
364 0.0533 1511.0322 2589.0432 1623.3385 2552.978 1665.0932 2683.0014 1552.787 2719.0666
683 0.0691 746.889 538.8832 893.6151 535.4319 897.0383 680.9662 750.3122 684.4174
683 0.0576 573.4153 211.4504 614.9245 203.3772 626.0703 260.6843 584.5611 268.7575
683 0.056 52.1708 1696.8385 187.9642 1743.5174 145.0769 1868.2809 9.2834 1821.6019999999999
37 0.0764 612.8633 2350.2217 648.1672 2340.8116 656.9061 2373.5975 621.6022 2383.0076
582 0.1563 1309.3419 1975.2080999999998 1371.942 1996.5061 1352.4023 2053.9382 1289.8022 2032.6403
582 0.0986 973.2636 1263.8273 1026.5065 1267.7206 1019.3575 1365.4883 966.1146 1361.5951
582 0.0979 1463.8009 3074.0892 1541.1527 3097.5138 1521.6997999999999 3161.7507 1444.3479 3138.3261
582 0.0928 1641.9854 -3.3863 1734.0809 23.8418 1706.831 116.0108 1614.7355 88.7827
582 0.0549 1059.301 1544.997 1133.7909 1599.6115 1083.4152 1668.32 1008.9253 1613.7054
582 0.0535 1082.1912 1038.8377 1158.5381 1078.6013 1114.4771 1163.1994 1038.1302 1123.4358
582 0.0501 2077.1172 515.8499 2157.7869 513.9286 2159.0743 567.9815 2078.4046 569.9028
688 0.2788 888.3433 990.4747 998.2072 1095.0602 895.1831 1203.284 785.3192 1098.6984
688 0.0912 3164.3852 3164.8337 3233.9082 3124.824 3278.1067 3201.6258 3208.5836 3241.6354
688 0.0708 3123.3267 519.7646 3250.4608 572.4005999999999 3201.7466 690.0623 3074.6125 637.4263
688 0.0514 892.894 649.8156 964.9802 683.1317 931.2809 756.047 859.1947 722.7308
688 0.0502 3897.5261 1599.2473 3994.5806000000002 1679.5601 3916.2723 1774.1924 3819.2177 1693.8796
282 0.0511 802.3357 904.9315 849.6259 918.8221 834.0723 971.7741 786.7821 957.8835
360 0.0541 1258.2613999999999 2068.5506 1310.7255 2084.6038 1285.7776 2166.1363 1233.3136 2150.0831
616 0.0839 2540.0554 1328.3052 2556.2515 1329.973 2553.2433 1359.188 2537.0472 1357.5203000000001
596 0.0761 525.4897 3287.7404 576.5545999999999 3295.0344 565.1386 3374.957 514.0737 3367.663
596 0.0642 969.7871 1786.5986 1008.5048 1777.0531999999998 1025.8118 1847.2532999999999 987.0941 1856.7987
596 0.0502 1533.6101 600.3734 1581.2693 599.0009 1583.117 663.1609 1535.4578 664.5334
586 0.1281 2571.4145 2793.1162 2634.7672000000002 2770.1947 2660.8004 2842.1479 2597.4477 2865.0694
340 0.2023 1437.9398999999999 330.5833 1479.403 296.2826 1513.4681 337.4608 1472.0050999999999 371.7615
340 0.1412 1950.4584 1755.4090999999999 1993.6951 1720.6467 2024.9785000000002 1759.5562 1981.7418 1794.3187
340 0.1043 1634.2665 1026.4729 1663.5447 1046.9746 1646.2095 1071.7307 1616.9313 1051.2291
340 0.062 1920.7316 872.8311 1981.7438 868.4456 1986.7423 937.9852000000001 1925.7301 942.3706999999999
276 0.115 2197.5478 1390.8895 2254.1569 1408.2112 2236.26 1466.7002 2179.6509 1449.3785
276 0.0907 2116.1835 1556.6112 2158.3877 1569.4409 2146.5416 1608.4094 2104.3374 1595.5797
276 0.0809 2229.3808 1347.626 2270.0748 1359.4858 2257.5434 1402.4841999999999 2216.8495 1390.6245
576 0.0944 509.0447 572.8892 569.1127 529.5178 619.7642 599.6686 559.6963 643.04
576 0.0564 798.0337 523.5104 874.0059 520.4671 876.6886 587.439 800.7164 590.4822
477 0.3965 88.5892 528.8508 156.6799 538.6976 146.318 610.3498 78.2274 600.503
477 0.1936 982.2381 1028.857 1058.3211999999999 1041.8122 1044.9584 1120.2886 968.8754 1107.3334
477 0.0961 1024.7223 915.422 1076.318 913.4349 1079.5598 997.6068 1027.9641 999.5939
477 0.0924 1435.0305 958.2305 1505.0095999999999 977.4895 1483.6764 1055.0054 1413.6974 1035.7465
477 0.0738 2265.4543 1530.5914 2344.1554 1557.926 2314.082 1644.5127 2235.3809 1617.1781
477 0.0635 2087.9039 517.7052 2162.8967 528.8585 2153.4126 592.6277 2078.4198 581.4744000000001
363 0.1908 1272.6049 1899.5403999999999 1430.1349 1882.7942 1445.8555999999999 2030.6768 1288.3255 2047.423
363 0.0533 1511.0322 2589.0432 1623.3385 2552.978 1665.0932 2683.0014 1552.787 2719.0666
401 0.0877 2498.2307 3353.0649 2549.7706 3350.5243 2554.2321 3441.0308 2502.6921 3443.5714
401 0.075 2264.1325 3476.6530000000002 2331.6804 3525.0099 2288.4327 3585.4210000000003 2220.8848 3537.0642
401 0.0721 2159.0005 3850.5656 2240.649 3838.446 2251.7986 3913.5609 2170.1502 3925.6804
304 0.2401 3028.4731 3218.3478 3054.5695 3231.6371 3037.1329 3265.8776 3011.0365 3252.5882
304 0.053 3499.2228 2773.4489 3562.2183999999997 2746.4253 3583.8449 2796.8393 3520.8494 2823.863
290 0.123 1443.7433 3264.261 1472.8151 3279.1014999999998 1459.5013 3305.1827 1430.4295 3290.3422
290 0.078 1454.5511000000001 3114.4533 1482.865 3122.4903 1476.48 3144.9842 1448.1662000000001 3136.9473
290 0.0763 1455.6291 3170.0932 1469.9715 3182.1616 1458.3674999999998 3195.9521 1444.0250999999998 3183.8838
681 0.0543 1327.8011000000001 2590.4569 1412.103 2592.6889 1410.392 2657.3146 1326.0901 2655.0827
87 0.0804 179.8845 2000.8020000000001 210.9825 1987.2426 223.6136 2016.2113 192.5156 2029.7708
87 0.0776 2270.6375 777.7531 2324.581 749.148 2354.824 806.1804 2300.8804 834.7855
87 0.0519 378.6738 2199.7538 414.3135 2230.0946 387.075 2262.0901 351.4354 2231.7494
184 0.2163 2266.2805 3796.6132 2355.1901 3727.082 2431.2527 3824.3432000000003 2342.3431 3893.8744
46 0.0515 1353.2329 348.9871 1393.7126 325.3817 1436.6084 398.9417 1396.1288 422.547
686 0.1031 2667.7039999999997 2564.9729 2770.8104 2565.0969 2770.7289 2632.8634 2667.6225 2632.7394
686 0.1017 2853.9163 2558.4093 2960.9713 2624.6381 2896.2448 2729.2646 2789.1899 2663.0358
408 0.071 545.6602 732.3234 594.6176 711.363 616.8785 763.3582 567.9211 784.3186000000001
408 0.0561 732.6411 710.1177 790.8178 691.3595 807.627 743.4916000000001 749.4503 762.2498
245 0.1383 3427.1495 770.1605 3443.9103 767.0494 3446.9348 783.3443 3430.1741 786.4553
10 0.0884 2727.9476 2132.1007 2769.5845 2103.048 2817.2509 2171.3608 2775.614 2200.4136
10 0.0536 1033.5392 3435.4821 1067.6847 3439.5984 1062.468 3482.8724 1028.3225 3478.756
10 0.0524 2954.3422 2082.3771 2989.6114 2049.1338 3040.7977 2103.4395 3005.5285 2136.6828
125 0.1049 508.45889999999997 536.9585 558.2232 510.572 596.8701 583.4591 547.1058 609.8456
125 0.0825 2060.6021 2885.6499 2121.7831 2886.2823 2120.965 2965.4208 2059.784 2964.7883
394 0.0657 2899.3543 528.2338 2918.466 510.7596 2968.3491 565.317 2949.2374 582.7912
239 0.069 1475.7717 1319.7284 1512.3776 1310.4571 1520.9305 1344.2267 1484.3247000000001 1353.498
382 0.0526 1962.1309999999999 2546.9769 2021.6768 2556.0561 2009.6512 2634.9253 1950.1055000000001 2625.8462
583 0.0615 1993.6968 1530.5955 2055.4788 1576.7329 2005.4261000000001 1643.7575 1943.6443 1597.6201
467 0.0805 854.4081 1533.2418 922.4651 1566.0098 887.1159 1639.4279 819.0589 1606.6599
