344 0.1628 570.6401 1156.1611 626.0298 1188.5423 588.5838 1252.5956 533.1941 1220.2144
344 0.1603 58.806 667.8416 93.248 664.5339 96.8676 702.224 62.4255 705.5316
344 0.1465 763.648 1668.1336000000001 831.1633 1671.3737 828.3376 1730.254 760.8223 1727.0140000000001
344 0.132 752.2469 1443.2577999999999 823.1314 1476.3849 796.1596 1534.0986 725.2751 1500.9715
344 0.1036 3694.8945 2611.9442 3768.4709000000003 2612.3008 3768.1605 2676.3589 3694.5842000000002 2676.0024
344 0.0996 3720.2575 2501.579 3768.1426 2461.6367 3810.1171 2511.9579 3762.232 2551.9003000000002
344 0.0955 1061.1455 1560.7324 1130.2041 1583.7331 1109.3538 1646.3354 1040.2952 1623.3348
344 0.0803 1295.4712 1839.4473 1369.6100000000001 1869.4754 1344.8411 1930.6295 1270.7022 1900.6014
344 0.074 663.6733 1620.2732 739.7363 1642.2743 721.5726 1705.0707 645.5095 1683.0696
344 0.0633 851.7341 1488.6294 928.2773 1514.9167 908.952 1571.1882 832.4088 1544.9009999999998
344 0.0617 974.4949 1747.8051 1016.8357 1747.0592000000001 1017.8542 1804.8782 975.5134 1805.624
344 0.059 1397.2549 1879.2083 1465.6687 1905.7745 1442.8519999999999 1964.5325 1374.4382 1937.9663
344 0.0583 562.364 1593.7292 624.9184 1599.2369 619.0977 1665.3458 556.5433 1659.8381
344 0.0557 881.2568 1694.5771 948.7062 1719.1853999999998 926.8017 1779.2237 859.3523 1754.6154000000001
344 0.0552 529.2842 1374.9650000000001 608.5728 1389.7031 597.7381 1447.9919 518.4495 1433.2538
342 0.1625 576.0496 1155.1328 628.7599 1192.8899000000001 585.1238 1253.8075 532.4135 1216.0502999999999
342 0.1353 754.2688 1442.0402 823.4 1478.7818 792.8681 1536.2291 723.7369 1499.4875
342 0.1303 59.0009 670.6182 92.813 664.3691 99.4992 700.5462 65.6871 706.7953
342 0.1146 3720.7679 2499.4479 3769.7039 2461.7612 3809.6915 2513.6849 3760.7554 2551.3716
342 0.1141 3684.1746000000003 2635.7757 3733.1263 2594.6803 3780.6331 2651.2692 3731.6814 2692.3645
342 0.0949 1062.2791 1559.563 1132.1745 1585.4756 1108.6193 1649.0123 1038.7239 1623.0997
342 0.0844 975.4297 1747.1535 1016.9313 1747.0483 1017.081 1806.125 975.5794 1806.2301
342 0.0788 760.8547 1670.8569 828.8667 1667.0904 832.1432 1726.2550999999999 764.1312 1730.0214999999998
342 0.0761 1308.0908 1835.5156 1371.7446 1882.2997 1333.1862999999998 1934.7617 1269.5325 1887.9775
342 0.069 852.052 1488.8827 929.2353 1514.6675 909.8748 1572.6208000000001 832.6915 1546.836
342 0.0672 1397.4474 1880.1982 1466.1318 1905.8184999999999 1444.0295999999998 1965.0714 1375.3452 1939.4511
342 0.0637 663.4423 1619.5428 740.963 1642.107 722.5335 1705.4227 645.0128 1682.8584
342 0.0593 568.8173 1588.6034 630.5366 1604.7815 613.4706 1669.8881000000001 551.7513 1653.71
342 0.0524 528.3895 1375.0803 608.2844 1388.85 598.2984 1446.7905 518.4035 1433.0208
689 0.1015 3198.1504 1030.2278 3280.3965 1064.3075 3253.2659 1129.7832 3171.0198 1095.7036
689 0.0905 3075.4553 2419.8653 3183.4638 2354.4342 3255.3398 2473.0815000000002 3147.3313 2538.5126
689 0.0621 1329.5557 2092.224 1461.0131999999999 2038.7816 1526.2251999999999 2199.1897 1394.7676000000001 2252.6321
689 0.0548 1541.2662 2007.9641 1651.0585 2002.1770999999999 1659.8244 2168.4834 1550.032 2174.2704
689 0.0522 2557.8239 816.2045 2608.2726 801.0137 2629.6953 872.1583 2579.2466 887.3491
470 0.1448 518.2296 1410.5788 586.4413 1428.6737 567.8529 1498.746 499.6411 1480.6511
470 0.0506 1872.8581 1027.2708 1946.8877 1030.6236 1944.1302 1091.5065 1870.1006 1088.1536
470 0.0502 1686.4294 264.0189 1728.3616 260.1259 1730.9705 288.2262 1689.0383000000002 292.1192
670 0.3492 1559.3654999999999 507.5813 1602.4613 543.6612 1562.5349999999999 591.3514 1519.4392 555.2715000000001
670 0.0957 1687.6879 653.8143 1716.5086000000001 673.507 1694.9492 705.0595 1666.1286 685.3668
670 0.0845 2840.2394 1028.6151 2889.2133 1061.912 2850.3397 1119.0884 2801.3658 1085.7915
670 0.0648 2028.2233999999999 2240.5883 2050.709 2245.457 2037.5817 2306.0854 2015.096 2301.2167
670 0.0613 2094.2102 2122.0277 2152.6714 2143.2541 2130.277 2204.9323 2071.8157 2183.7059
670 0.0513 2039.2292 2258.6303 2084.6075 2219.9106 2130.2798 2273.4371 2084.9015 2312.1567999999997
23 0.0773 1402.92 2726.1922 1467.3701999999998 2709.8018 1480.808 2762.6419 1416.3578 2779.0323
23 0.0696 1389.3521 2300.6964 1455.7479 2282.651 1470.4180000000001 2336.6279 1404.0221999999999 2354.6732
23 0.0526 1857.181 607.4355 1910.4441 589.1879 1927.463 638.8641 1874.1997999999999 657.1118
23 0.0525 1475.9562 2708.2025 1538.2676000000001 2690.3437 1552.9927 2741.7213 1490.6813 2759.5801
23 0.0523 1137.3523 2058.9533 1170.7196 2050.4712 1178.3564000000001 2080.5133 1144.9891 2088.9954
446 0.0727 2978.0204 613.2581 3006.5551 621.099 2997.6061 653.6662 2969.0714 645.8253
446 0.058 3648.5768 1616.9107 3672.5654 1595.4934 3691.8305 1617.0713 3667.842 1638.4886
235 0.3733 3497.8691 3154.4193 3530.2705 3132.4331 3545.4422 3154.7919 3513.0407999999998 3176.7781
235 0.2522 3479.5009 3111.3273 3515.4971 3098.3342 3526.0658 3127.6136 3490.0695 3140.6068
235 0.1409 3268.8828 2780.1056 3320.9388 2754.8106 3340.7382 2795.5566 3288.6821 2820.8517
235 0.113 2666.9132 3178.9523 2720.9048 3157.4642 2738.5141 3201.7098 2684.5226 3223.1979
235 0.111 3158.7051 2415.9179 3188.16 2405.1093 3199.0193 2434.7025 3169.5644 2445.511
235 0.0972 3369.924 2926.6506 3420.3696 2907.9397 3438.537 2956.92 3388.0914000000002 2975.6309
235 0.0628 2565.3505 2990.1873 2604.4862 2959.1812 2650.0502 3016.6918 2610.9145 3047.6979
235 0.0533 2532.2024 2847.6306 2579.4735 2890.7314 2546.0884 2927.3467 2498.8173 2884.2459
339 0.41 1952.1048 2843.0793 2005.5133 2821.7071 2023.6478 2867.0246 1970.2393 2888.3968
339 0.4025 1457.2484 1395.9834 1507.1754 1406.3241 1495.9356 1460.592 1446.0086000000001 1450.2513
339 0.2636 3141.3447 3501.8948 3181.0324 3474.1405 3211.8861 3518.2603 3172.1984 3546.0145
339 0.2396 1558.719 1447.2851 1580.3995 1461.6342 1560.5605 1491.6096 1538.88 1477.2604999999999
339 0.1643 2559.3487 1509.0924 2602.0939 1503.1685 2609.9641 1559.9576 2567.2189 1565.8814
339 0.1116 2412.7874 1504.471 2436.96 1483.0867 2467.1647000000003 1517.2299 2442.992 1538.6141
339 0.0969 2004.1555 2359.6085000000003 2046.8546999999999 2355.4926 2050.4627 2392.9238 2007.7635 2397.0396
339 0.0952 1995.474 2828.2569 2049.276 2806.1055 2070.5266 2857.7194 2016.7246 2879.8708
339 0.0857 1915.1501 1982.9876 1972.6734000000001 1963.3154 1993.4850000000001 2024.1702 1935.9616 2043.8425
339 0.0713 3178.1513 3252.3024 3231.4415 3237.5582 3246.41 3291.6591 3193.1198 3306.4033
339 0.0706 2480.4664000000002 1393.5113999999999 2506.7257 1381.6045 2521.5255 1414.2435 2495.2661 1426.1505
339 0.0656 1219.9519 1718.7389 1260.0399 1718.8904 1259.9045 1754.7111 1219.8166 1754.5596
339 0.0637 1511.4353 1934.2092 1534.5738999999999 1932.6374 1536.3898 1959.3687 1513.2511 1960.9405
339 0.0617 2545.8057 1805.9261000000001 2558.1796 1805.0331 2559.3422 1821.1417999999999 2546.9682000000003 1822.0348
339 0.0609 3152.7317000000003 3188.2073 3167.5319 3185.6926 3171.532 3209.2349 3156.7318 3211.7496
339 0.0607 3109.6072 3322.3616 3161.2183 3312.9852 3169.68 3359.5608 3118.0689 3368.9373
339 0.0531 2508.6429 1453.4926 2530.77 1435.9571999999998 2555.8955 1467.6617 2533.7685 1485.1970999999999
339 0.0526 3096.7574 3276.0599 3141.5084 3256.4591 3164.8657 3309.7864 3120.1147 3329.3872
339 0.0521 1537.7085 2069.2658 1561.5568 2045.5936 1586.8457 2071.0706 1562.9973 2094.7428
340 0.3434 1437.9398999999999 330.5833 1479.403 296.2826 1513.4681 337.4608 1472.0050999999999 371.7615
340 0.2323 1629.5855999999999 1026.2972 1662.1224 1035.7137 1652.0878 1070.3862 1619.551 1060.9697
340 0.163 1993.2258 1732.3926999999999 2051.9642 1708.2087000000001 2073.9422 1761.5891000000001 2015.2039 1785.7730999999999
340 0.1284 1530.7313 361.4158 1561.0957 355.0579 1571.1532 403.0912 1540.7887 409.4491
340 0.0992 1920.4655 874.9182000000001 1981.05 869.364 1987.4005 938.6332 1926.8159 944.1875
340 0.0949 3096.0673 2183.0101 3140.4324 2159.0174 3167.0604 2208.2554 3122.6953 2232.2481
340 0.0888 1951.6734999999999 1755.9686000000002 1992.8351 1724.9918 2020.5064 1761.7609 1979.3447999999999 1792.7377000000001
340 0.0671 1532.8061 968.7554 1558.0961 945.1483 1588.918 978.1673 1563.628 1001.7745
340 0.0634 3152.8801 2092.9952 3168.7508 2091.0986 3171.4448 2113.6414 3155.5741 2115.538
340 0.0627 2164.2025 2020.476 2220.5637 2012.9796000000001 2228.4269 2072.0986000000003 2172.0657 2079.5951
340 0.0591 3143.7703 2401.3375 3188.873 2381.7117 3209.4247 2428.9422 3164.3219 2448.568
340 0.0545 2417.1381 2985.735 2449.8325 2979.4852 2455.5218999999997 3009.2482 2422.8275 3015.4979
231 0.4684 2269.4549 4046.6536 2301.7054 4033.2989 2318.9561 4074.9583000000002 2286.7057 4088.3129
231 0.2488 1533.1928 1755.0946 1566.2354 1744.5863 1576.7068 1777.513 1543.6643 1788.0212
231 0.1631 1468.3084 1448.3078 1517.3264 1419.5807 1543.3429999999998 1463.9737 1494.325 1492.7008
231 0.0882 1347.3151 963.1438 1391.7033000000001 989.9244 1368.5764 1028.2567 1324.1882 1001.4761
298 0.0529 841.2708 1983.9119 851.8003 1974.0779 866.173 1989.4672 855.6434 1999.3011000000001
120 0.0759 556.6054 3788.8892 589.3735 3793.4646000000002 583.9602 3832.2338 551.1921 3827.6584000000003
120 0.0705 1057.5723 1138.3307 1089.2779 1145.1115 1080.8235 1184.6421 1049.118 1177.8613
120 0.064 616.8142 3470.8966 648.1111 3476.2855 641.61 3514.042 610.3131 3508.6531
120 0.0609 984.5969 1536.6978 1015.3389 1545.2845 1005.4566 1580.6651 974.7146 1572.0785
525 0.0655 2561.538 1776.0679 2584.3763 1774.5529999999999 2586.7059 1809.675 2563.8677 1811.1898
461 0.1901 2158.2576 3863.0396 2198.6993 3837.2065000000002 2229.1481 3884.874 2188.7064 3910.7071
461 0.0732 1690.3420999999998 2054.3627 1727.2672 2047.6374 1732.7475 2077.7269 1695.8224 2084.4522
461 0.0719 1894.4176 3777.5262000000002 1926.0153 3753.2667 1954.0864000000001 3789.8292 1922.4888 3814.0886
461 0.0618 2101.531 3082.7421 2148.2232 3074.8148 2152.7463 3101.4559 2106.054 3109.3832
461 0.0554 1683.167 2084.9997 1704.2523999999999 2098.1417 1686.7311 2126.2536 1665.6455999999998 2113.1116
274 0.3581 1745.613 1968.9831 1776.9774 1958.8232 1786.8616 1989.3365 1755.4973 1999.4964
274 0.2572 1834.0822 1457.2572 1864.7787 1437.1465 1882.9736 1464.9187 1852.2772 1485.0294
274 0.2397 1543.614 1639.2115 1575.3357999999998 1646.1776 1568.5499 1677.079 1536.8281 1670.113
274 0.1898 1375.9512 1389.1603 1417.3192 1362.0851 1439.4269 1395.8634 1398.059 1422.9385
274 0.1896 1654.3778 1585.9203 1685.2475 1570.1921 1699.4623 1598.0915 1668.5926 1613.8197
274 0.1339 1658.6498 1693.1113 1687.2028 1672.746 1706.8427 1700.282 1678.2897 1720.6473
274 0.0764 1855.328 1909.0732 1889.0209 1891.5520000000001 1902.8521 1918.149 1869.1592 1935.6703
274 0.0726 1804.0729999999999 1831.9407 1848.3647 1805.3148999999999 1862.6754 1829.1205 1818.3836999999999 1855.7463
314 0.2463 202.0794 2721.8585000000003 248.8238 2764.1405999999997 210.11 2806.94 163.3656 2764.6579
314 0.1591 2060.5687 2949.8213 2108.6432 2974.5078 2087.1932 3016.2797 2039.1187 2991.5933
314 0.1364 511.9148 3010.4485 562.5689 3025.0956 550.2947 3067.5438 499.6405 3052.8967000000002
314 0.1008 3201.9712 2033.9152 3232.9231 2060.4523 3210.0025 2087.186 3179.0506 2060.6489
314 0.0778 2040.2119 2607.2547 2069.7937 2582.6172 2091.529 2608.7143 2061.9472 2633.3519
94 0.8076 1870.0904 -0.2106 1951.2428 6.3675 1945.1168 81.942 1863.9644 75.3638
94 0.2818 2133.7134 8.1087 2194.1083 29.2264 2168.8668 101.4147 2108.4719 80.297
94 0.2218 1667.0810000000001 479.9167 1741.5093000000002 430.853 1793.2379 509.3238 1718.8096 558.3875
434 0.0862 1976.6854 2882.6431000000002 2034.7321 2881.6335 2035.9734 2953.0004 1977.9267 2954.01
688 0.1148 870.427 1012.2753 990.6661 1093.1185 919.4258 1199.0751 799.1867 1118.232
688 0.0841 1120.7948 517.8833 1183.5625 522.937 1179.3079 575.7796 1116.5402 570.7259
688 0.0687 3167.4192 3167.1238 3223.7951 3124.395 3279.8658 3198.3739 3223.4898 3241.1027
688 0.0513 3123.3267 519.7646 3250.4608 572.4005999999999 3201.7466 690.0623 3074.6125 637.4263
688 0.0507 967.5257 485.3949 1022.0653 496.0883 1012.3828 545.4723 957.8431 534.7789
688 0.0502 1040.2705999999998 510.2543 1100.9066 516.4156 1096.3631 561.1309 1035.7271 554.9696
253 0.0841 1536.8534 2064.6529 1553.0656 2063.5911 1554.4572 2084.8398 1538.2451 2085.9016
253 0.0616 577.5773 1674.4511 613.6961 1675.6189 612.845 1701.9425 576.7262000000001 1700.7747
178 0.2289 2594.0649 2779.3223 2642.6102 2758.8813 2664.8751 2811.7582 2616.3298999999997 2832.1993
178 0.1728 2780.6411 2758.1176 2838.8178 2739.3596 2855.6269 2791.4917 2797.4502 2810.2497
178 0.0982 2815.1501 2400.9914 2872.7813 2390.1644 2884.7067 2453.6417 2827.0754 2464.4687
178 0.0603 2552.1393 2317.714 2606.3513000000003 2302.473 2622.1426 2358.6425 2567.9305 2373.8834
178 0.0541 3336.8856 1207.6808 3392.9327 1237.2065 3365.8386 1288.6379 3309.7914 1259.1122
128 0.0912 3047.5481 675.2625 3082.4752 657.2612 3103.5099 698.0739 3068.5828 716.0753
128 0.091 2911.5916 771.7064 2945.428 748.1659 2973.2577 788.1677 2939.4213 811.7081000000001
128 0.0657 2682.4849 1028.4933 2714.8275 998.9679 2746.0737 1033.1954 2713.7311 1062.7209
128 0.0616 2643.5183 956.5113 2680.6283 938.4329 2699.024 976.1942 2661.914 994.2726
128 0.0559 3086.2655999999997 745.2578 3117.0469000000003 720.6382 3144.6064 755.0954 3113.8251 779.7149
337 0.1488 21.7175 3087.0863 60.1418 3098.6665 46.0543 3145.4105 7.63 3133.8304
337 0.139 2014.3163 2597.7368 2050.2497 2602.2278 2045.254 2642.1994 2009.3206 2637.7084
337 0.1271 2058.4681 2601.2742 2078.6764 2600.9628 2079.074 2626.764 2058.8657 2627.0754
337 0.1198 1557.1824000000001 3676.4568 1570.7036 3681.7002 1558.2141000000001 3713.9072 1544.6929 3708.6638000000003
337 0.0944 102.0899 2965.2012 126.5632 2972.7457 114.8953 3010.5953 90.422 3003.0508
337 0.0776 117.0945 2913.475 162.6346 2925.7641 150.0904 2972.2497 104.5503 2959.9605
337 0.0738 1581.5487 3684.9744 1600.6469 3692.6516 1589.3038000000001 3720.8693 1570.2057 3713.1922
337 0.066 117.9202 2982.8864 130.4432 2986.7747 124.9336 3004.5189 112.4107 3000.6306
337 0.0563 31.8798 3039.7314 70.6885 3048.5616 63.6298 3079.5841 24.8212 3070.7538
410 0.2039 3685.1068999999998 3569.5421 3745.5468 3560.9737 3755.2514 3629.428 3694.8115 3637.9965
410 0.0751 1975.3213 3149.9889 2047.0792000000001 3161.9667 2030.1412 3263.4401 1958.3833 3251.4622
410 0.0535 2535.6484 3837.9882 2578.9272 3859.2239 2543.3475 3931.7363 2500.0686 3910.5005
345 0.2375 1115.3416 871.4159999999999 1178.4395 894.2011 1152.4806 966.0880999999999 1089.3828 943.303
345 0.2154 1639.9985000000001 1525.371 1697.1841 1520.5275 1701.1511 1567.3654000000001 1643.9656 1572.2089
345 0.1007 618.5119 351.2151 651.0902 361.1678 640.6086 395.4774 608.0303 385.5247
345 0.0889 1595.4054 1319.9982 1646.7129 1279.8562 1697.3281 1344.55 1646.0207 1384.692
345 0.0724 1440.7091 1417.7259 1508.0448999999999 1455.7165 1474.6187 1514.9622 1407.2828 1476.9715999999999
345 0.0715 2291.6374 1187.1791 2305.2358 1191.8326 2299.6693 1208.0991 2286.0709 1203.4457
345 0.054 1328.2161 1381.8789000000002 1402.0421999999999 1418.0311000000002 1372.4419 1478.4777 1298.6156999999998 1442.3255
507 0.051 3067.9426 2333.9439 3094.0528 2331.4396 3097.6198 2368.6288 3071.5096 2371.1331
507 0.0506 3069.543 2288.648 3093.4263 2285.7232 3098.1188 2324.0407999999998 3074.2355 2326.9657
645 0.0826 1418.7009 2053.9596 1541.6072 2063.4529 1536.7521000000002 2126.3096 1413.8458 2116.8163
645 0.0771 2182.0779 1160.7965 2346.0461 1106.3459 2398.6177 1264.6558 2234.6496 1319.1064000000001
645 0.0724 1695.7921999999999 1740.6448 1803.2840999999999 1800.8980999999999 1733.5417 1925.3184999999999 1626.0498 1865.0651
645 0.0655 2060.7588 1210.0722 2184.6549 1165.9281 2233.4645 1302.9186 2109.5684 1347.0627
645 0.0595 1009.4281 2659.975 1118.2849 2626.5654 1161.6145999999999 2767.7443 1052.7579 2801.1539
645 0.0591 2193.7204 1542.9721 2268.4326 1543.1066 2268.3234 1603.7754 2193.6112 1603.6409
645 0.057 1964.2496999999998 1305.827 1995.9724 1287.4182 2064.3444 1405.2388 2032.6218 1423.6476
300 0.8642 1037.5707 1678.577 1063.9605000000001 1686.7741999999998 1055.0267 1715.5353 1028.6369 1707.3381
300 0.0594 1018.3627 1695.5121 1030.8443 1693.4716 1033.5018 1709.7274 1021.0203 1711.7679
457 0.1313 646.704 1405.4194 712.208 1433.2636 683.3259 1501.2092 617.8219 1473.3649
457 0.0751 2088.372 4057.0254999999997 2153.2064 4052.5757 2155.679 4088.6031000000003 2090.8447 4093.053
457 0.0669 1903.1794 267.2364 1937.8261 258.9048 1944.7547 287.7171 1910.108 296.0487
640 0.084 1245.0023 2357.9718 1330.0353 2363.3787 1325.9814999999999 2427.1327 1240.9485 2421.7258
327 0.1875 3468.1423 174.0239 3508.0638 185.004 3495.0344999999998 232.3764 3455.1129 221.3964
327 0.1121 3077.9104 551.7485 3095.1522 556.0104 3090.3511 575.4334 3073.1093 571.1715
327 0.1059 3070.2698 2046.6649 3097.8831 2034.7774 3117.0174 2079.2243 3089.4041 2091.1118
327 0.07 2866.1357 2158.8209 2898.6284 2132.6115 2933.8032 2176.219 2901.3105 2202.4284
448 0.0857 2881.0775 3549.7128000000002 2942.4581 3526.5073 2958.7994 3569.7317000000003 2897.4188 3592.9371
448 0.0763 2880.3445 3749.2906000000003 2939.4058 3722.4802 2964.7719 3778.3596 2905.7106 3805.1701000000003
448 0.075 1413.9506999999999 1679.9868 1497.704 1685.5886 1493.5957 1747.0135 1409.8423 1741.4118
448 0.0675 1530.702 2223.4347 1580.929 2216.5497 1590.7579 2288.2525 1540.5308 2295.1375
448 0.0652 1427.4133 1024.6392 1504.0112 1008.4421 1515.5903 1063.2014 1438.9925 1079.3985
448 0.065 1975.3982999999998 2374.2819 2021.5544 2369.71 2025.4058 2408.5922 1979.2496 2413.1641
448 0.0509 1528.3354 1005.78 1605.8686 999.9439 1610.4179 1060.3816000000002 1532.8846 1066.2177000000001
681 0.0594 1327.8011000000001 2590.4569 1412.103 2592.6889 1410.392 2657.3146 1326.0901 2655.0827
681 0.0507 1251.4048 1744.2192 1326.2932 1736.6593 1333.5774999999999 1808.8171 1258.6891 1816.3771000000002
676 0.0574 3156.9415 1774.4816 3192.9575 1780.6768 3187.732 1811.0556000000001 3151.7159 1804.8605
662 0.153 2982.2095 438.318 3040.862 486.1638 2998.8059 537.7189 2940.1534 489.8732
662 0.0761 2012.3466 673.1288999999999 2152.8146 737.4383 2094.5942999999997 864.6059 1954.1264 800.2964999999999
662 0.0742 2025.0706 19.387 2046.9359 25.0992 2035.8026 67.7157 2013.9373 62.0035
662 0.0732 796.3841 3402.0644 897.6421 3447.4714 845.6024 3563.5204 744.3444 3518.1134
662 0.0644 3044.8857 1075.1482 3155.2532 1171.4604 3069.3576 1269.8911 2958.9901 1173.5789
662 0.0548 1704.865 1145.2915 1827.5103 1091.2867 1882.8047000000001 1216.8605 1760.1594 1270.8653
662 0.0539 3054.3204 941.337 3211.2024 994.0459000000001 3166.7014 1126.4981 3009.8194 1073.7892000000002
609 0.6619 1897.882 -0.5223 1918.2678 12.8455 1889.3193 56.9917 1868.9335 43.6239
609 0.122 2069.497 1840.8976 2089.2364 1855.6104 2072.7426 1877.7391 2053.0033 1863.0264
609 0.1143 2048.3257 763.4014999999999 2077.2281 752.5351 2092.2392 792.4615 2063.3368 803.3279
609 0.1098 1958.9537 219.9853 2019.3175999999999 206.4588 2030.6848 257.1865 1970.3209000000002 270.713
609 0.0752 2601.6267 2602.2803 2625.7069 2602.9533 2625.1682 2622.2271 2601.088 2621.554
609 0.0733 2629.3903 1535.549 2707.0673 1549.3529 2698.0183 1600.2729 2620.3414 1586.4691
609 0.0726 1928.3672000000001 506.7306 1992.3292000000001 526.6335 1974.0148 585.4906 1910.0528 565.5877
609 0.0645 1541.653 1208.845 1574.9399 1209.0949 1574.5038 1267.1736 1541.2169 1266.9236
609 0.0629 1305.2836 3524.6308 1368.0939 3536.325 1355.0426 3606.4244 1292.2323000000001 3594.7302
655 0.0926 1229.5641 552.6004 1290.2943 508.2389 1334.1581 568.2877 1273.4279000000001 612.6492
655 0.0898 521.54 2880.5203 579.4716 2883.2200000000003 575.9961 2957.7991 518.0645 2955.0994
655 0.0881 762.0071 1556.7004 899.1129 1575.559 882.618 1695.4798 745.5123 1676.6212
655 0.0849 396.6159 3164.6761 456.6891 3205.6768 410.2924 3273.6562 350.2191 3232.6555
655 0.0805 599.595 100.2938 740.9004 129.747 713.2864 262.229 571.981 232.7759
655 0.0765 1028.3216 1380.0113999999999 1149.2281 1414.2069000000001 1114.0884 1538.4517 993.182 1504.2562
655 0.0614 226.7461 3086.8518 369.1579 3100.5311 356.7424 3229.7859 214.3306 3216.1066
655 0.0544 671.0005 1691.1743 733.8703 1664.8899999999999 760.3974000000001 1728.3406 697.5276 1754.6249
364 0.1261 1267.7386000000001 1908.9005 1421.7512000000002 1875.4147 1453.7629 2022.6480000000001 1299.7504 2056.1337000000003
30 0.0715 3438.1287 2550.616 3474.52 2528.0605 3496.0042 2562.7233 3459.6128 2585.2788
30 0.0567 2345.026 3431.8953 2364.1549 3421.8517 2369.05 3431.1747 2349.9211 3441.2183
30 0.053 3170.0984 2736.693 3203.7198 2714.1971 3227.6117 2749.9049999999997 3193.9902 2772.4009
691 0.1095 2933.5324 508.4157 2989.3983 548.4823 2952.8655 599.4209 2896.9996 559.3542
691 0.061 3084.2139 313.7847 3199.2899 268.0698 3251.3042 399.003 3136.2282 444.7178
582 0.1446 973.8669 1264.5075000000002 1024.6571 1267.6867 1018.5749 1364.855 967.7847 1361.6758
582 0.1134 1291.9239 1997.5065 1358.546 1987.2472 1366.7977 2040.8321 1300.1755 2051.0914000000002
582 0.0746 1463.8009 3074.0892 1541.1527 3097.5138 1521.6997999999999 3161.7507 1444.3479 3138.3261
582 0.0654 969.7467 1823.4185 1034.4471 1837.6609 1011.6377 1941.28 946.9372 1927.0376
582 0.062 1641.9854 -3.3863 1734.0809 23.8418 1706.831 116.0108 1614.7355 88.7827
360 0.0626 1258.2627 2068.5536 1310.7264 2084.6063 1285.7789 2166.14 1233.3152 2150.0873
360 0.0584 1032.2554 2331.3311 1080.2795 2332.9604 1077.5878 2412.2982 1029.5636 2410.6688
90 0.0929 3738.1946 1926.0419 3781.7801 1904.3584 3799.8264 1940.6327999999999 3756.2409 1962.3164
90 0.0844 3874.1724 1829.4769000000001 3917.8182 1812.2730999999999 3932.0938 1848.49 3888.4479 1865.6938
90 0.0629 3725.1085000000003 1835.7625 3759.3027 1856.7054 3734.4459 1897.2903000000001 3700.2516 1876.3474
90 0.059 3561.7122 1958.7973 3599.0485 1930.3884 3625.3088 1964.9008 3587.9725 1993.3097
90 0.0558 3433.4071 2057.1405999999997 3479.0681 2027.3922 3493.3859 2049.3687 3447.7249 2079.1171
596 0.1044 525.4897 3287.7404 576.5545999999999 3295.0344 565.1386 3374.957 514.0737 3367.663
596 0.0679 1533.6101 600.3734 1581.2693 599.0009 1583.117 663.1609 1535.4578 664.5334
596 0.0548 1681.3899000000001 22.9762 1741.1658 52.7379 1704.2055 126.9722 1644.4295 97.2105
596 0.0523 1028.4984 1953.0012000000002 1074.8117 1957.0427 1069.0644 2022.9026 1022.7511 2018.8611
596 0.0503 969.7871 1786.5986 1008.5048 1777.0531999999998 1025.8118 1847.2532999999999 987.0941 1856.7987
392 0.08 2935.7763999999997 3980.9033 2961.7955 3970.92 2976.1944 4008.4473 2950.1754 4018.4306
392 0.0648 2048.3208 960.9792 2075.4326 949.5701 2090.994 986.549 2063.8823 997.9581
392 0.05 2561.4119 1733.2428 2577.9963 1733.0087 2578.498 1768.5376 2561.9136 1768.7718
297 0.0526 1362.8879 1526.9175 1386.5066000000002 1513.4981 1400.3946 1537.9416999999999 1376.7759 1551.3609999999999
276 0.3275 2195.4065 1391.4458 2251.9754 1404.2073 2238.1063 1465.6858 2181.5374 1452.9242
276 0.1063 2229.3808 1347.626 2270.0748 1359.4858 2257.5434 1402.4841999999999 2216.8495 1390.6245
276 0.0994 2289.2497 1216.6129 2324.9027 1220.6115 2318.151 1280.8123 2282.498 1276.8137000000002
276 0.0635 2116.1835 1556.6112 2158.3877 1569.4409 2146.5416 1608.4094 2104.3374 1595.5797
576 0.5717 531.8947000000001 599.2487 561.6329 572.8363 592.4621999999999 607.5476 562.724 633.96
394 0.9279 2886.9025 513.7359 2922.2233 489.2184 2971.6943 560.488 2936.3735 585.0055
394 0.7909 3021.7447 673.8412 3050.041 649.847 3106.7619999999997 716.738 3078.4656 740.7322
394 0.7392 3119.4843 450.177 3150.582 426.306 3203.2019 494.8561 3172.1041999999998 518.7271
394 0.0515 1028.37 939.1219 1082.5449 937.6567 1084.8067 1021.2848 1030.6318 1022.75
477 0.188 87.7261 528.4541 153.2675 535.5735999999999 144.9958 611.7218 79.4544 604.6023
477 0.1606 1025.854 918.979 1074.7962 916.4975 1079.0637 1000.6644 1030.1214 1003.1459
477 0.0836 1435.0305 958.2305 1505.0095999999999 977.4895 1483.6764 1055.0054 1413.6974 1035.7465
477 0.0795 978.7942 1028.8635 1058.5196999999998 1041.8657 1045.6877 1120.5483 965.9621 1107.5462
477 0.0621 956.2875 1771.9270999999999 992.9764 1781.4392 982.4306 1822.1153 945.7417 1812.6032
477 0.0612 2087.9039 517.7052 2162.8967 528.8585 2153.4126 592.6277 2078.4198 581.4744000000001
477 0.0552 2265.4543 1530.5914 2344.1554 1557.926 2314.082 1644.5127 2235.3809 1617.1781
477 0.0533 145.7451 521.0226 224.9931 519.7777 225.8832 576.443 146.6352 577.6879
363 0.1261 1267.7386000000001 1908.9005 1421.7512000000002 1875.4147 1453.7629 2022.6480000000001 1299.7504 2056.1337000000003
401 0.1018 2498.2307 3353.0649 2549.7706 3350.5243 2554.2321 3441.0308 2502.6921 3443.5714
401 0.0749 2263.3571 3475.9464 2328.3732 3523.4007 2284.4963 3583.5155999999997 2219.4802 3536.0613
401 0.0511 2163.3533 3847.29 2245.6076 3839.6205 2252.7893 3916.6440000000002 2170.5351 3924.3135
401 0.0504 2925.8165 3200.4904 2995.8264 3169.5616 3029.5524 3245.9034 2959.5425 3276.8322
34 0.1706 947.5189 3924.0796 971.1139 3907.5367 985.5049 3928.0626 961.9099 3944.6055
34 0.1416 977.2612 3792.7924000000003 1013.3156 3805.4375 1000.7037 3841.397 964.6493 3828.7518
34 0.106 868.1229 3970.5097 901.8599 3948.2289 923.0262 3980.2785 889.2891 4002.5593
34 0.0556 1412.6043 3601.8403 1452.4712 3583.1906 1463.1349 3605.986 1423.268 3624.6357
34 0.0532 1370.6869 3539.6895 1411.1086 3516.7461 1422.2137 3536.311 1381.792 3559.2544
74 0.2068 1521.7102 3743.6243 1558.8931 3728.3151 1573.5469 3763.9061 1536.364 3779.2153
74 0.178 1795.2946 3546.3026 1833.9031 3539.9893 1839.4479000000001 3573.8984 1800.8394 3580.2117
74 0.1752 1564.6666 3809.7726000000002 1601.1685 3787.8993 1622.9066 3824.1757 1586.4047 3846.049
74 0.0888 1698.0081 3711.6369 1735.6996 3695.7385 1753.6725999999999 3738.3484 1715.9811 3754.2469
74 0.0835 1652.2065 3658.8759 1684.2435 3632.6184 1710.5301 3664.6909 1678.4931000000001 3690.9484
74 0.0742 1972.8453 3527.9719999999998 2013.415 3519.2602 2022.1511 3559.9425 1981.5814 3568.6544
74 0.0734 1924.4179 3470.6082 1961.2928000000002 3450.3971 1982.2359000000001 3488.6075 1945.3609999999999 3508.8186
290 0.2714 1456.4903 3112.9376 1483.2941 3125.3832 1473.4059 3146.6792 1446.6021 3134.2336
290 0.2184 1444.4222 3263.3143 1472.3788 3280.1696 1456.7363 3306.1146 1428.7797 3289.2593
290 0.2172 1455.6291 3170.0932 1469.9715 3182.1616 1458.3674999999998 3195.9521 1444.0250999999998 3183.8838
17 0.1501 3248.6401 1279.4339 3294.0254 1255.414 3323.2416 1310.6179 3277.8562 1334.6377
87 0.0573 2284.8527 758.1197 2345.7 762.6002 2340.9708 826.8264 2280.1235 822.3459
184 0.2016 2264.4401 3790.1511 2347.0158 3727.4217 2424.0762 3828.8624 2341.5005 3891.5919
46 0.9187 1574.2307 301.9275 1603.1716000000001 278.7997 1657.5886 346.8945 1628.6477 370.0222
46 0.9137 1215.8341 206.4969 1248.335 182.4755 1299.098 251.1578 1266.5971 275.1792
46 0.7579 1353.2567 355.9769 1388.1334000000002 327.4832 1440.856 392.0166 1405.9793 420.5103
686 0.0671 2852.7719 2557.58 2960.2815 2625.084 2894.9888 2729.0717 2787.4791999999998 2661.5677
686 0.0535 2667.7039999999997 2564.9729 2770.8104 2565.0969 2770.7289 2632.8634 2667.6225 2632.7394
408 0.2289 546.0649 731.3223 594.6102 710.8813 616.8751 763.7583 568.3299 784.1993
408 0.1728 732.6411 710.1177 790.8178 691.3595 807.627 743.4916000000001 749.4503 762.2498
408 0.0981 767.1609 352.9868 824.7901 342.1794 836.6936 405.6533 779.0644 416.4607
408 0.0603 504.1393 269.714 558.3513 254.473 574.1426 310.6424 519.9305 325.8835
245 0.1524 3426.8608 770.8407 3443.1728 766.9738 3447.0752 783.4354 3430.7633 787.3024
100 0.0825 128.2227 2317.2179 159.5906 2296.2687 178.0353 2323.8866 146.6673 2344.8358
100 0.054 399.6001 2113.6404 439.3582 2111.726 441.1675 2149.3004 401.4095 2151.2147999999997
10 0.8214 2730.6848 2129.9121 2771.494 2103.6687 2817.3912 2175.0402 2776.582 2201.2835999999998
10 0.7894 2956.4706 2080.6026 2991.4915 2051.0827 3040.0172000000002 2108.6513 3004.9963 2138.1711
10 0.0563 1028.7059 3518.1187 1075.9732 3511.6998 1087.7378 3598.3322 1040.4705 3604.751
685 0.0797 436.6848 3097.2587 571.5699 3086.3303 581.7211 3211.6216 446.836 3222.5501
685 0.0629 2555.6295 2044.358 2661.3361999999997 2113.9949 2585.8687 2228.5522 2480.162 2158.9154
685 0.0521 3086.149 283.0985 3189.4831 302.098 3161.0712 456.6238 3057.7371 437.6243
685 0.0506 2552.3742 531.1058 2608.018 506.4559 2635.0804 567.5455 2579.4366 592.1954000000001
304 0.3657 3028.0728 3218.2995 3054.6202 3231.1127 3037.7122 3266.1443 3011.1647 3253.3311
125 0.1084 508.45889999999997 536.9585 558.2232 510.572 596.8701 583.4591 547.1058 609.8456
125 0.0818 2060.6021 2885.6499 2121.7831 2886.2823 2120.965 2965.4208 2059.784 2964.7883
649 0.0618 2055.2994 2725.2481 2076.8289 2729.6144 2071.609 2755.3526 2050.0795 2750.9863
341 0.0998 343.0712 574.0174 365.2324 570.9033 368.1733 591.8314 346.0121 594.9455
341 0.062 372.9622 2032.8517000000002 394.1023 2031.8755 394.787 2046.7009 373.6468 2047.6770999999999
239 0.0644 1538.8558 1265.9771 1552.7005 1267.2658000000001 1549.9768 1296.5256 1536.1322 1295.2368999999999
239 0.0539 1475.7717 1319.7284 1512.3776 1310.4571 1520.9305 1344.2267 1484.3247000000001 1353.498
282 0.0896 2228.7975 2891.4703 2246.6454 2907.9437 2227.3035 2928.8995 2209.4556000000002 2912.426
583 0.0545 1983.6325000000002 1526.9069 2044.3991999999998 1559.7243 2007.1761000000001 1628.6488 1946.4094 1595.8314
673 0.0556 1218.2646 1727.2827 1288.8982999999998 1719.7816 1295.7148 1783.9699 1225.0812 1791.471
467 0.0569 854.4081 1533.2418 922.4651 1566.0098 887.1159 1639.4279 819.0589 1606.6599
382 0.1341 3780.273 3213.2427 3816.2687 3224.7596 3801.5748 3270.6847 3765.5791 3259.1677
