344 0.0804 867.1456000000001 1487.3498 910.3877 1516.0469 887.6435 1550.3188 844.4014 1521.6218
344 0.0686 549.6288 1603.7481 611.4687 1587.3943 629.8286 1656.8202 567.9888 1673.174
344 0.0611 578.4341 1155.3591000000001 628.1683 1191.563 582.2359 1254.6615 532.5016 1218.4575
344 0.0597 1198.1425 1802.1084 1258.988 1837.4074 1227.8997 1890.9949 1167.0542 1855.6958
342 0.0844 868.6492 1487.1114 911.168 1516.5678 886.9453 1551.532 844.4265 1522.0756000000001
342 0.0705 550.9078 1600.7355 614.8053 1588.2186 628.8589 1659.9609 564.9614 1672.4778000000001
342 0.0598 1197.1156 1804.3156 1259.2605 1837.3839 1230.5729000000001 1891.2964 1168.4279 1858.2282
342 0.0506 576.0738 1155.6868 628.2931 1188.815 585.952 1255.5564 533.7327 1222.4282
34 0.9833 870.446 3973.7918 904.1182 3949.7008 923.924 3977.3836 890.2518 4001.4746
34 0.9587 963.934 3810.3652 994.6577 3792.2531 1015.2529999999999 3827.1891 984.5292999999999 3845.3013
34 0.947 1141.3769 3792.6504999999997 1178.7651 3767.4232 1194.442 3790.657 1157.0538000000001 3815.8843
34 0.8645 827.8622 3908.0379000000003 858.8072999999999 3886.5411 878.1704 3914.4147000000003 847.2253000000001 3935.9116
34 0.7998 1370.084 3541.2506 1409.384 3517.9987 1420.5675 3536.9009 1381.2675 3560.1528
34 0.7982 1148.8438 3893.6009 1175.1537 3874.5056 1199.0659 3907.4521999999997 1172.7559 3926.5475
34 0.7149 2072.7929 3159.5629 2099.035 3139.5782 2108.6664 3152.2255 2082.4243 3172.2101000000002
34 0.6349 1412.8916 3602.5196 1452.4221 3583.2596 1463.4649 3605.9245 1423.9344 3625.1845
34 0.5967 944.4513 4018.861 973.4887 4002.2844 979.1625 4012.2232 950.1251 4028.7999
34 0.5229 1057.0139 3956.7707 1084.9406 3953.0004 1087.5702 3972.4778 1059.6435999999999 3976.2482
34 0.4435 1544.7517 3508.9988 1578.0047 3483.7169 1602.1569 3515.4839 1568.9039 3540.7659
34 0.414 947.8684 3923.3316 972.2886 3908.8644 984.4116 3929.3277 959.9914 3943.7949
34 0.1206 1513.266 3450.9164 1539.7648 3431.7199 1555.7698 3453.8132 1529.2709 3473.0096
34 0.1154 2050.1009 3077.9537 2061.3021 3077.693 2061.6099 3090.9132 2050.4086 3091.174
34 0.1142 745.133 4067.9832 781.3913 4051.418 795.3625 4081.9984 759.1042 4098.5635999999995
34 0.1011 719.1918000000001 4034.2816000000003 755.679 4011.9791999999998 770.5468000000001 4036.3033 734.0596 4058.6057
34 0.0774 1632.3189 3348.9807 1675.4256 3325.0016 1696.4367 3362.773 1653.33 3386.752
34 0.0774 581.0042 4085.2108 606.9793999999999 4074.943 613.9569 4092.5945 587.9817 4102.8623
34 0.0746 1918.0421999999999 3246.8523999999998 1965.8078 3217.3852 1989.1259 3255.1833 1941.3603 3284.6504
34 0.0725 1148.9326 3892.7302 1161.7559 3902.364 1153.5978 3913.2231 1140.7745 3903.5894
34 0.0595 1007.8246 3796.4295 1039.3439 3807.9899 1029.5208 3834.7725 998.0015 3823.2120999999997
23 0.321 1406.8689 2717.6961 1472.1246 2713.855 1475.489 2771.0134 1410.2334 2774.8545
23 0.1508 1064.6772 1713.3383 1121.1384 1724.7456 1107.8974 1790.2822 1051.4363 1778.8749
23 0.1395 1097.6388 1546.5699 1153.145 1555.9122 1142.9488000000001 1616.4918 1087.4426 1607.1495
23 0.1176 1467.512 2703.7369 1536.4642 2695.7728 1542.7984000000001 2750.6136 1473.8462 2758.5777
23 0.067 1551.1705 2697.5322 1596.4573 2678.0335 1616.2741 2724.0593 1570.9873 2743.5579
23 0.0544 1387.107 2303.4656 1453.7741 2280.9962 1471.4855 2333.5460000000003 1404.8184 2356.0154
23 0.0518 1833.6318 623.7001 1889.1343 659.8729 1860.2864 704.1364 1804.7839 667.9636
94 0.2828 1416.2746 76.8754 1437.1252 63.9793 1453.1656 89.9137 1432.315 102.8098
94 0.1535 1299.7125999999998 81.0195 1360.4162000000001 39.3151 1395.3097 90.1048 1334.6061 131.8092
94 0.0915 2133.7134 8.1087 2194.1083 29.2264 2168.8668 101.4147 2108.4719 80.297
94 0.0816 1864.0381 5.5583 1950.2068 -1.1562 1956.1516 75.1359 1869.983 81.8504
94 0.0806 508.775 1408.6368 573.8028 1383.1667 602.105 1455.4255 537.0772 1480.8955
94 0.0789 852.7871 506.4831 889.5413 492.5021 901.1817 523.1035 864.4276 537.0844
94 0.0583 1440.0979 644.7803 1504.3195 591.7958 1557.6758 656.468 1493.4542000000001 709.4525
94 0.0568 523.5961 1162.6915 595.1332 1168.5477 588.2973 1252.0515 516.7602 1246.1952999999999
94 0.0511 898.1448 933.3528 958.7454 992.3203 911.3971 1040.9799 850.7964 982.0124
94 0.0504 1688.0923 914.7731 1757.5671 854.1922 1819.0883 924.7453 1749.6135 985.3262
392 0.9283 2170.0477 874.5953 2208.4814 870.2311 2213.1702999999998 911.5252 2174.7366 915.8893
392 0.5535 2175.698 963.4642 2211.9676 950.1213 2228.0521 993.8434 2191.7826 1007.1863
392 0.2326 2503.3384 1717.5538 2576.1259 1713.9143 2580.2155000000002 1795.7017 2507.428 1799.3412
392 0.2166 2196.6564 1043.7177000000001 2233.8077 1037.912 2240.371 1079.9124000000002 2203.2198 1085.7179999999998
392 0.1232 2048.3208 960.9792 2075.4326 949.5701 2090.994 986.549 2063.8823 997.9581
392 0.1146 2560.179 2013.6353 2617.7611 2005.7099 2628.8855 2086.535 2571.3034 2094.4604
392 0.0852 2623.8576000000003 2474.8749 2693.7345 2476.2427 2692.1003 2559.7377 2622.2234 2558.37
392 0.0767 2561.4119 1733.2429 2577.9963 1733.0086999999999 2578.498 1768.5375 2561.9136 1768.7717
282 0.1015 1056.2458000000001 1322.7062 1079.6578 1328.0929 1075.2078000000001 1347.4338 1051.7957999999999 1342.0471
282 0.0516 417.1994 1826.0663 435.7065 1808.6891 454.0898 1828.2678 435.5827 1845.645
586 0.0776 2473.2586 3206.0663 2544.0858 3223.715 2525.2105 3299.4647 2454.3834 3281.8161
620 0.1019 2417.8114 3435.7974 2438.8397 3428.3859 2444.9842 3445.8193 2423.956 3453.2308000000003
673 0.1253 2697.8881 1487.0482 2743.8185 1495.5266000000001 2735.6816 1539.6069 2689.7512 1531.1286
673 0.0743 2654.3325 2562.1241 2727.9093000000003 2566.173 2725.6702 2606.8623 2652.0933999999997 2602.8134
673 0.0582 1136.8474 3111.2278 1209.2321 3116.2155 1204.9405000000002 3178.4975 1132.5557 3173.5097
673 0.0508 1301.3138 3111.0882 1383.8724 3111.1174 1383.8493 3176.1791 1301.2907 3176.1498
627 0.0684 3254.0949 1033.6198 3271.9361 1022.0427999999999 3283.1585999999998 1039.3378 3265.3174 1050.9148
639 0.1329 1880.8256000000001 1277.0783000000001 1896.3721 1270.7084 1904.1037999999999 1289.5788 1888.5574 1295.9486
100 0.9888 436.017 2194.8591 469.4422 2168.9578 493.2924 2199.736 459.8671 2225.6373
100 0.9756 395.0224 2124.1096 426.5676 2105.1144 446.9568 2138.9748 415.4116 2157.9700000000003
100 0.9723 261.2267 2223.8456 294.9368 2201.1383 314.8681 2230.7273 281.158 2253.4346
100 0.9647 307.791 2283.1895 341.2675 2264.8415 357.8836 2295.1583 324.4072 2313.5062
100 0.9479 128.454 2318.6328 159.9341 2295.1773 179.5378 2321.4877 148.0577 2344.9432
100 0.9412 708.9222 2001.3362 740.7711 1982.7871 761.8917 2019.0515 730.0428 2037.6005
100 0.848 169.7122 2384.4741 199.0162 2360.3185 220.3259 2386.17 191.0219 2410.3256
100 0.6595 567.1496 2097.7435 599.1317 2070.4776 628.3882 2104.7947 596.4061 2132.0606
100 0.1345 1965.1439 1055.3138 1998.7604000000001 1033.0999000000002 2015.7125 1058.7536 1982.0959 1080.9675
100 0.1235 2055.8809 1002.4152 2089.0692 975.1424 2110.4714 1001.1868 2077.2831 1028.4596000000001
100 0.0986 1990.9999 1085.4674 2022.624 1071.5456 2035.0543 1099.7815 2003.4301 1113.7033
100 0.0911 3501.0944 3.9223 3549.3623 1.941 3550.4625 28.7436 3502.1946 30.7249
100 0.0876 2103.4337 1071.2753 2140.2754 1044.908 2158.6491 1070.5807 2121.8074 1096.9479999999999
100 0.0837 3543.8366 54.8043 3588.6277 34.9518 3602.7736999999997 66.868 3557.9826 86.7205
100 0.0655 713.7806 2036.5125 737.5249 2020.4885 758.3491 2051.3455 734.6047 2067.3695
100 0.0629 2072.9895 1015.6133 2085.0992 1015.5024 2085.1935 1025.7939 2073.0837 1025.9048
100 0.0538 1892.0455 1139.3755999999998 1934.7971 1115.8058999999998 1952.3005 1147.5543 1909.549 1171.124
167 0.9805 1213.4922 3782.6707 1248.2127 3757.2336999999998 1271.4788 3788.991 1236.7583 3814.428
167 0.052 1853.7737 3226.6459 1895.7219 3266.6203 1850.3903 3314.19 1808.4422 3274.2156
461 0.8506 2156.9126 3866.6971 2194.4558 3837.4659 2229.5224 3882.5038 2191.9791999999998 3911.735
461 0.2062 1897.7729 3773.2576 1932.0057 3755.1509 1953.711 3796.1871 1919.4781 3814.2938
274 0.4303 1622.9458 1710.573 1655.4041 1702.2345 1663.445 1733.5343 1630.9868 1741.8729
274 0.3592 1660.5825 1695.8319999999999 1686.5768 1672.6127999999999 1708.9464 1697.656 1682.9521 1720.8751
274 0.2389 1377.0542 1393.0627 1417.4506999999999 1363.362 1439.7179 1393.6479 1399.3215 1423.3487
274 0.1817 1654.6073999999999 1588.1934 1682.2527 1569.138 1700.0167999999999 1594.9101 1672.3716 1613.9654
274 0.1673 1747.7031 1967.5383000000002 1778.377 1960.0373 1786.0683 1991.4895999999999 1755.3944999999999 1998.9906999999998
274 0.0715 1815.4508 1927.7898 1849.0083 1916.4078 1858.725 1945.0557 1825.1675 1956.4376
274 0.0706 1550.423 1635.3694 1576.7907 1654.3624 1558.6961999999999 1679.4828 1532.3285 1660.4899
274 0.0665 1804.0729999999999 1831.9407 1848.3647 1805.3148999999999 1862.6754 1829.1205 1818.3836999999999 1855.7463
274 0.062 1829.3031 870.6344 1859.5952 859.6802 1870.0702 888.6469999999999 1839.7781 899.6012000000001
434 0.0787 1976.6854 2882.6431000000002 2034.7321 2881.6335 2035.9734 2953.0004 1977.9267 2954.01
434 0.0585 1722.6832 2575.7795 1782.2818 2576.1583 1781.7542 2659.1543 1722.1556 2658.7755
434 0.0578 1089.5264 133.329 1117.7676000000001 145.1491 1105.2622000000001 175.0275 1077.021 163.2074
314 0.1397 569.3254 2977.9664000000002 597.4425 3001.8959 559.9971 3045.8943 531.8799 3021.9647999999997
314 0.1186 3198.2048 2032.9269 3232.2389 2057.2454 3211.6267 2086.0924 3177.5926 2061.7739
314 0.0926 304.297 2970.8904 345.9464 3005.5815000000002 310.3071 3048.3693 268.6577 3013.6782
314 0.0832 695.2935 2833.325 739.0482 2867.2513 710.5871 2903.9574000000002 666.8325 2870.031
314 0.0799 2400.1915 3681.5645 2414.0788000000002 3668.8054 2430.2932 3686.4536 2416.4058999999997 3699.2126
314 0.0795 507.1166 3010.6291 559.6483 3017.0907 553.2319 3069.2552 500.7002 3062.7936
314 0.0735 2356.3416 3768.7572 2376.4778 3781.5802 2366.0466 3797.9602999999997 2345.9105 3785.1373
314 0.0643 2071.7138 2950.6702999999998 2111.7561 2980.4051 2083.9826 3017.8063 2043.9403 2988.0715
314 0.0556 494.1165 3096.0137 535.1075 3129.3704 503.4725 3168.2458 462.4814 3134.8892
314 0.0532 2061.2389 2581.6788 2092.7316 2605.3683 2069.5262000000002 2636.2173 2038.0335 2612.5278
327 0.0666 3286.6081 1754.4587 3306.951 1752.1462 3308.6517 1767.1081 3288.3088 1769.4206
300 0.3116 1469.6063 1859.9111 1487.7712000000001 1868.4105 1477.8033 1889.714 1459.6384 1881.2146
300 0.2635 1021.8743 1689.3753000000002 1051.5943 1672.2885 1067.6332 1700.1856 1037.9132 1717.2725
300 0.1926 1324.3827999999999 1770.5599 1341.2685999999999 1775.8177 1334.3235 1798.1221 1317.4377 1792.8644
300 0.1124 2742.4261 2586.2057 2762.9652 2602.0596 2739.4598 2632.5114 2718.9208 2616.6575
300 0.0857 2292.1821 2320.6373 2314.1157 2333.4041 2299.4471 2358.605 2277.5134 2345.8383
300 0.072 1569.5216 1915.9662 1584.2701 1921.9037 1575.2293 1944.3608 1560.4807 1938.4232
300 0.0655 1494.6802 1870.9366 1510.7547 1876.1514 1504.1045 1896.6508 1488.03 1891.4360000000001
300 0.064 1522.7221 2180.6583 1534.1779999999999 2179.1073 1537.3445 2202.4958 1525.8886 2204.0468
300 0.058 2442.2408 2560.4647999999997 2457.4927 2566.0673 2450.2713 2585.7263000000003 2435.0194 2580.1237
300 0.0577 2417.1158 2544.8138 2433.985 2549.4727 2428.1621999999998 2570.5563 2411.293 2565.8975
300 0.0531 1300.8292999999999 1755.3632 1317.3627000000001 1762.8854000000001 1307.5681 1784.4134 1291.0348 1776.8913
300 0.052 2032.9481 2941.2138999999997 2045.0349 2940.1028 2046.5417 2956.4963 2034.455 2957.6074
300 0.0503 1581.6008000000002 1836.6477 1607.687 1845.2274 1598.5774999999999 1872.9249 1572.4912 1864.3452
253 0.1083 1454.4027 2095.0954 1468.2377000000001 2108.9065 1456.1118000000001 2121.0534 1442.2768 2107.2422
253 0.1052 1481.1103 2091.7894 1499.1254 2094.9413 1496.3723 2110.6775 1478.3571 2107.5256
253 0.0953 1538.2055 2064.5966 1554.4189 2065.0546 1553.8322 2085.8214 1537.6189 2085.3634
253 0.0796 1639.4473 2039.819 1653.7984000000001 2037.1279 1657.5933 2057.3653 1643.2421 2060.0564
253 0.0563 1687.4879 2033.8412 1709.2529 2029.8644 1712.4939 2047.6021 1690.7289 2051.5789999999997
394 0.2815 2883.9034 517.4731 2917.2466 489.7506 2974.2844 558.3527 2940.9411 586.0753
394 0.2173 661.7087 -0.9942 697.9321 2.493 695.7539 25.1194 659.5305 21.6322
394 0.1986 3119.2923 449.7706 3156.8006 424.6545 3205.8271 497.8706 3168.3188 522.9867
394 0.1975 669.5977 75.9712 702.5479 63.3067 719.2544 106.7736 686.3042 119.438
394 0.1949 1028.1829 937.1269 1084.2983 936.1536 1085.7499 1019.8479 1029.6345 1020.8212
394 0.1369 942.5558 453.6883 1010.6705 453.5001 1010.8998 536.4838 942.7852 536.6721
394 0.1303 1130.1365 1521.9987 1171.7795999999998 1535.668 1151.4177 1597.7001 1109.7746 1584.0308
394 0.126 3017.1539000000002 669.8856 3051.8553 645.2198 3103.9157999999998 718.4619 3069.2144 743.1277
394 0.1185 979.2837999999999 748.4681 1049.4772 741.021 1058.1954 823.1949 988.002 830.6421
394 0.102 1158.5044 1905.8494 1230.5852 1896.9919 1241.3044 1984.2241 1169.2236 1993.0815
340 0.1138 1627.173 1027.8894 1661.0635 1035.1553 1653.8107 1068.9849 1619.9202 1061.719
340 0.0828 1916.8109 876.8221 1979.6680000000001 866.2835 1991.0077999999999 933.9191000000001 1928.1506 944.4576999999999
340 0.0722 1323.5776 621.0595 1341.5363 637.5034 1325.7906 654.6997 1307.8318 638.2559
340 0.0585 2547.5062 406.1154 2605.6636 409.0718 2602.4538000000002 472.2149 2544.2963 469.2585
340 0.0549 1530.7313 361.4158 1561.0957 355.0579 1571.1532 403.0912 1540.7887 409.4491
640 0.1129 1240.7871 2362.3858 1326.8876 2359.7443 1328.8683999999998 2424.3068 1242.7679 2426.9483
640 0.0714 1264.9203 3077.8121 1341.4387000000002 3079.3404 1340.1354000000001 3144.592 1263.617 3143.0637
640 0.0565 1201.8641 1376.5768 1230.8764999999999 1390.8026 1214.0895 1425.0381 1185.0771 1410.8123
640 0.0539 2375.2663000000002 578.2069 2419.7743 590.7129 2393.0918 685.674 2348.5838 673.1679
457 0.1103 721.5637 1059.8482 810.512 1068.8862 803.4922 1137.972 714.5439 1128.9341
457 0.0675 2084.898 1030.789 2163.0805 1031.9399 2162.2306 1089.6728 2084.0481 1088.5219
457 0.0634 2088.372 4057.0254999999997 2153.2064 4052.5757 2155.679 4088.6031000000003 2090.8447 4093.053
178 0.2407 2672.6506 2439.9763000000003 2729.6225 2439.3912 2730.2276 2498.3091 2673.2557 2498.8941999999997
178 0.2237 2780.6411 2758.1177 2838.8177 2739.3595 2855.6269 2791.4916 2797.4503 2810.2498
178 0.1049 3990.6813 1550.8567 4011.0414 1537.8026 4020.9888 1553.3171 4000.6287 1566.3713
178 0.0616 2815.15 2400.9915 2872.7812 2390.1643 2884.7066999999997 2453.6416 2827.0753999999997 2464.4688
178 0.0586 2749.4451 2412.5926 2805.9228000000003 2410.2889999999998 2808.877 2482.7158 2752.3992 2485.0193
178 0.0575 2594.0649 2779.3223 2642.6102 2758.8813 2664.8751 2811.7582 2616.3298999999997 2832.1993
128 0.9976 2774.2338 869.4158 2808.2617 841.3268 2838.3917 877.8272 2804.3638 905.9162
128 0.9962 2954.7834 830.3054999999999 2993.5995 811.8321000000001 3012.8161 852.2099000000001 2973.9999 870.6832999999999
128 0.9954 2817.0732 928.2263 2847.8361 902.5844 2878.7994 939.7312999999999 2848.0365 965.3733
128 0.9905 2641.6262 962.1566 2672.1871 936.9317 2699.4605 969.9744000000001 2668.8996 995.1993
128 0.9893 2681.7865 1028.0203999999999 2712.1539 998.6694 2745.2056000000002 1032.8656999999998 2714.8382 1062.2167
128 0.989 3223.346 649.7435 3254.9425 625.2609 3283.3343999999997 661.9027 3251.7379 686.3853
128 0.9878 3086.1675 749.4987 3115.2075999999997 720.7379 3147.2164000000002 753.0574 3118.1763 781.8183
128 0.987 2912.0145 770.3179 2947.8659 747.4294 2974.1315 788.5705 2938.2801 811.4590000000001
128 0.9858 3176.4471 590.142 3207.1061 563.1644 3236.3674 596.4188 3205.7084999999997 623.3964
128 0.9781 3046.0158 677.2659 3083.5684 656.6498 3105.6369 696.848 3068.0843 717.4641
128 0.5554 2565.8702 1125.937 2599.4538000000002 1105.5792999999999 2625.2371000000003 1148.1135 2591.6535 1168.4711
128 0.169 2690.4373 1009.8 2708.6387 1010.9671 2707.8896999999997 1022.6489 2689.6883 1021.4819
128 0.0565 2670.6581 970.3965 2710.7271 997.3853 2687.4634 1031.9238 2647.3945 1004.9352
128 0.0537 3056.8971 752.7384 3074.3028 739.466 3091.6975 762.2778000000001 3074.2918 775.5502
410 0.2742 3684.745 3571.3752 3743.0275 3559.5692 3756.7134 3627.1316 3698.4308 3638.9377
410 0.1319 2386.6002 3618.8372 2440.3630000000003 3632.7527 2420.1887 3710.6963 2366.4258 3696.7808
410 0.1018 1975.3213 3149.9889 2047.0792000000001 3161.9667 2030.1412 3263.4401 1958.3833 3251.4622
410 0.0771 2531.7068 3835.5054 2589.8552 3858.5793 2555.8708 3944.2236000000003 2497.7223 3921.1497
410 0.0535 2564.4361 3656.7812 2614.2478 3665.822 2600.1702 3743.3859 2550.3585 3734.3451999999997
410 0.0505 2570.028 3569.3109 2628.7798 3578.6741 2618.0464 3646.024 2559.2945 3636.6609
345 0.1573 1649.9825 1516.5357 1699.4889 1525.1255 1689.8541 1580.6545 1640.3477 1572.0647
345 0.1004 1600.3815 1311.4108999999999 1660.8302 1283.444 1693.1877 1353.3827 1632.739 1381.3496
345 0.0927 1499.9461999999999 1289.2925 1570.7849 1262.1709 1589.7465 1311.6965 1518.9077 1338.8181
345 0.0872 1110.9516 873.2779 1178.4049 894.8105 1154.9526 968.2772 1087.4994 946.7446
345 0.0813 2291.6375 1187.1790999999998 2305.2358 1191.8326 2299.6691 1208.0991 2286.0709 1203.4456
345 0.0627 1328.2161 1381.8789000000002 1402.0421999999999 1418.0311000000002 1372.4419 1478.4777 1298.6156999999998 1442.3255
345 0.054 1440.7091 1417.7259 1508.0448999999999 1455.7165 1474.6187 1514.9622 1407.2828 1476.9715999999999
507 0.0913 2296.9244 1468.9884 2348.187 1467.1711 2349.4455 1502.6714 2298.1829 1504.4886000000001
507 0.0713 3074.6889 945.0417 3089.8632 945.1928 3089.6642 965.181 3074.4899 965.03
507 0.0587 3058.9624 2374.5954 3098.8950999999997 2394.7244 3079.2988 2433.6004 3039.3661 2413.4714
507 0.0554 3067.9426 2333.9439 3094.0528 2331.4396 3097.6198 2368.6288 3071.5096 2371.1331
507 0.0502 3069.543 2288.648 3093.4263 2285.7232 3098.1188 2324.0407999999998 3074.2355 2326.9657
678 0.4387 1321.1784 2305.33 1393.0140999999999 2311.3099 1387.5235 2377.2672000000002 1315.6878 2371.2874
678 0.3856 1231.4011 2128.8478 1302.7032 2128.4812 1303.0875 2203.2226 1231.7854 2203.5892
678 0.3613 1241.4414 2297.3664 1313.0139 2313.9353 1297.25 2382.0303 1225.6776 2365.4614
678 0.0978 2737.7188 1580.7051 2793.968 1546.1906 2824.7207 1596.3092 2768.4715 1630.8237
678 0.0817 2758.7521 2273.7467 2817.844 2279.4615 2809.9609 2360.9741 2750.869 2355.2593
678 0.0769 2988.384 1993.2878 3055.1115 1974.0568 3072.3525 2033.8796 3005.6249 2053.1105
678 0.0764 1297.371 1584.703 1385.9628 1591.3142 1381.2301 1654.7327 1292.6383 1648.1215
678 0.0611 2812.8932 3429.4097 2860.6265 3474.4716 2811.9368 3526.0478000000003 2764.2036 3480.986
678 0.058 1247.9088 1978.3510999999999 1283.908 1972.2966000000001 1288.3215 1998.539 1252.3223 2004.5935
235 0.1033 2621.4358 2479.2871999999998 2666.8918 2523.1008 2613.2871 2578.7147999999997 2567.8311 2534.9011
235 0.0886 3158.747 2415.8687 3188.2234 2405.1412 3199.0142 2434.7916 3169.5378 2445.5191
235 0.0653 3270.5013 2780.8289 3317.7144 2755.3275 3339.988 2796.5645 3292.775 2822.066
684 0.298 3040.5946 576.1035 3087.7065000000002 557.9382 3102.1137 595.3035 3055.0018 613.4688
31 0.1812 2598.0698 556.0769 2627.9548 534.6128 2643.7506 556.6056 2613.8656 578.0697
31 0.0516 629.9623 2950.005 652.9182 2972.5868 631.4434 2994.4174 608.4875 2971.8356
448 0.094 1530.702 2223.4347 1580.929 2216.5497 1590.7579 2288.2525 1540.5308 2295.1375
448 0.0565 1528.3354 1005.78 1605.8686 999.9439 1610.4179 1060.3816000000002 1532.8846 1066.2177000000001
448 0.0545 2880.3445 3749.2906000000003 2939.4058 3722.4802 2964.7719 3778.3596 2905.7106 3805.1701000000003
448 0.052 1525.771 844.6033 1602.5649 835.3805 1609.0627 889.4847 1532.2688 898.7075
676 0.0529 3159.7924000000003 1772.8051 3194.7808 1783.275 3185.439 1814.4938 3150.4505 1804.0239000000001
676 0.0515 2190.9477 1078.3235 2216.1762 1056.358 2237.1341 1080.4292 2211.9056 1102.3948
17 0.1233 2475.9482 2259.9798 2520.3896 2226.9999 2558.4985 2278.3528 2514.057 2311.3326
17 0.1132 2501.419 2568.8034 2558.9538000000002 2564.4512 2562.8905999999997 2616.4933 2505.3557 2620.8455
17 0.102 2807.3873 3409.1644 2868.8068 3391.5214 2883.1901 3441.5933 2821.7706 3459.2363
17 0.0863 2412.1993 2259.7365 2465.6832 2245.2073 2482.6855 2307.7951000000003 2429.2017 2322.3243
662 0.0724 1122.0062 2383.752 1163.8768 2359.9171 1182.4946 2392.623 1140.624 2416.4579
662 0.0704 2023.8314 18.5025 2048.6868 25.2784 2036.8442 68.7194 2011.9888 61.9435
662 0.0654 2977.3673 438.3085 3041.7906000000003 482.6865 3004.6422000000002 536.6147 2940.2189 492.2368
655 0.0509 695.7003 1749.413 721.5273 1765.8136 708.1425 1786.8913 682.3156 1770.4906
337 0.0727 102.0899 2965.2012 126.5632 2972.7457 114.8953 3010.5953 90.422 3003.0508
337 0.0673 2329.1199 2116.2243 2347.8038 2115.018 2349.1752 2136.258 2330.4913 2137.4643
337 0.063 546.388 3319.8038 572.3435 3343.7318 539.2652 3379.6130000000003 513.3096 3355.685
337 0.0564 1581.9587 3684.5867 1600.6774 3692.2929 1588.907 3720.8838 1570.1882 3713.1776
30 0.9793 3169.5163000000002 2736.9525 3203.0681 2713.8107 3227.4157999999998 2749.111 3193.8639 2772.2527
30 0.9705 3033.4894 2830.4416 3066.5457 2810.6288 3087.3491 2845.338 3054.2928 2865.1508
30 0.9611 3440.9359 2541.3427 3480.6346 2530.1091 3492.1988 2570.9757 3452.5001 2582.2093999999997
30 0.9335 3229.0714 2897.5736 3272.9759 2865.2273999999998 3298.937 2900.4652 3255.0324 2932.8114
30 0.9013 3126.3591 2970.5555 3160.1023 2946.4242 3182.2856 2977.4435 3148.5425 3001.5748
30 0.8444 3212.7213 2800.3957 3247.9188 2781.9017 3266.2655 2816.8191 3231.0681 2835.313
30 0.7608 3484.295 2611.7535 3519.6399 2593.6894 3537.7716 2629.1668 3502.4267 2647.2309
30 0.1867 2108.8841 3701.929 2148.8594000000003 3672.7029 2176.8576000000003 3710.9987 2136.8823 3740.2248
30 0.1208 2344.6152 3432.6443 2364.0845 3421.9028 2368.7999 3430.4496 2349.3306000000002 3441.1911
30 0.1002 2299.2835999999998 3392.0874 2328.7966 3370.1627 2346.6149 3394.1481 2317.102 3416.0728
30 0.0766 2276.105 3359.3352 2302.1003 3334.1710000000003 2324.495 3357.3053 2298.4997 3382.4695
30 0.0733 2393.2961999999998 3330.4741 2423.2681000000002 3309.3022 2441.2459 3334.7524 2411.274 3355.9243
30 0.068 3893.9291 2316.1971 3935.6477 2353.101 3891.8630000000003 2402.5981 3850.1444 2365.6942
30 0.0629 3934.8242 2182.7332 3990.2104 2161.9458 4012.8559999999998 2222.283 3957.4697 2243.0703
30 0.0619 2751.1501 3007.7906000000003 2810.8869999999997 2985.4064 2829.8845 3036.1053 2770.1476000000002 3058.4894
30 0.0578 2420.2554 3362.4114 2448.1064 3346.3925 2463.2783 3372.7708000000002 2435.4273 3388.7897000000003
30 0.0524 3066.2308000000003 2808.1099 3078.9435000000003 2807.8873 3079.3656 2832.0044 3066.6530000000002 2832.2269
681 0.0868 2809.7880999999998 1963.2328 2839.9306 1945.9638 2858.9269 1979.1213 2828.7844999999998 1996.3903
681 0.0648 1327.8011000000001 2590.4569 1412.103 2592.6889 1410.392 2657.3146 1326.0901 2655.0827
37 0.0647 612.8355 2350.3521 648.1391 2340.7449 657.0382 2373.4465 621.7346 2383.0536
90 0.9724 3870.5412 1834.984 3915.9006 1810.9014 3933.1904 1843.4666 3887.831 1867.5492
90 0.9664 3343.6819 2204.4784 3385.3312 2184.379 3403.6487 2222.3360000000002 3361.9994 2242.4354
90 0.9628 3737.5567 1926.0372 3782.0702 1902.6781 3800.91 1938.5794 3756.3965 1961.9385
90 0.9416 3562.6917 1953.8543 3604.3585000000003 1932.2267000000002 3624.0455 1970.1548 3582.3787 1991.7825
90 0.9251 3298.8422 2140.2813 3340.0352000000003 2118.7871 3360.2532 2157.5342 3319.0601 2179.0284
90 0.92 3702.0123 1860.5199 3737.0984 1836.9733 3759.0521 1869.6858 3723.966 1893.2323999999999
90 0.9116 3633.1477999999997 1991.5818 3665.4241 2023.0236 3636.0216 2053.2063 3603.7454 2021.7645
90 0.8274 3433.4242 2057.1318 3479.0687 2027.3809 3493.4048000000003 2049.3756 3447.7603 2079.1266
90 0.0928 3459.7281 2113.7167 3521.3924 2080.4842 3540.8538 2116.5957 3479.1895 2149.8282
454 0.0678 990.1082 1343.3468 1014.2866 1334.621 1025.0402 1364.4182 1000.8617 1373.1439
454 0.0555 1325.4702 2727.1003 1354.9931000000001 2723.284 1358.0038 2746.5742 1328.4809 2750.3905
666 0.147 3303.7372 1485.1323 3334.9130999999998 1494.4290999999998 3322.5458 1535.9018999999998 3291.3699 1526.6051
666 0.0515 3132.4507 1351.0432 3205.0263 1352.7147 3203.537 1417.3844 3130.9613 1415.713
674 0.0501 1228.4608 0.542 1294.9666 5.8365 1289.9974 68.2567 1223.4916 62.9622
360 0.0922 1030.7848 2323.2648 1084.844 2335.9528 1065.3734 2418.9103 1011.3142 2406.2223
360 0.0583 1258.2627 2068.5536 1310.7264 2084.6063 1285.7789 2166.14 1233.3152 2150.0873
18 0.1186 429.4942 218.2898 469.278 180.2108 513.7437 226.6673 473.9599 264.7463
18 0.1132 453.419 520.8034 510.9538 516.4512 514.8906 568.4933 457.3557 572.8455
18 0.102 759.3873 1361.1644000000001 820.8068 1343.5214 835.1901 1393.5933 773.7706 1411.2363
18 0.0862 364.1998 211.7209 417.6905 197.1934 434.6898 259.785 381.199 274.3125
87 0.2441 2408.5742 642.5242 2455.6921 607.6306 2492.5873 657.4512 2445.4694 692.3449
87 0.0637 1183.7449000000001 1112.1145999999999 1228.2197 1124.117 1217.8568 1162.5169 1173.382 1150.5146
87 0.062 2292.9357 752.0045 2350.8785 768.1921 2333.1497 831.6514 2275.2069 815.4638
87 0.0606 1921.5469 1184.0119 1945.2758 1207.3002 1918.6705 1234.4088 1894.9416999999999 1211.1205
87 0.052 1738.0819999999999 1293.8483 1806.019 1241.8096 1854.7026 1305.3665 1786.7655 1357.4052000000001
245 0.1422 3426.8608 770.8407 3443.1728 766.9738 3447.0752 783.4354 3430.7633 787.3024
245 0.0962 2224.7607 2312.5788000000002 2236.8364 2324.2181 2223.7954 2337.7481 2211.7197 2326.1088
245 0.0631 3464.482 796.4479 3480.6599 806.6274 3470.3979 822.9363 3454.2200000000003 812.7569
245 0.0549 2241.8541 2394.4996 2258.8235 2386.5687 2264.9914 2399.7659 2248.022 2407.6968
245 0.0532 2229.105 2363.7912 2245.2122 2358.0851000000002 2250.2856 2372.4062 2234.1784 2378.1123
239 0.0624 1178.1129 972.696 1203.9162000000001 980.8618 1193.6599 1013.2712 1167.8564999999999 1005.1055
470 0.1231 488.1029 2099.8511 568.6465 2098.1671 569.8538 2155.9114 489.3102 2157.5954
470 0.0702 1872.8581 1027.2708 1946.8877 1030.6236 1944.1302 1091.5065 1870.1006 1088.1536
470 0.0691 520.7122 2460.7862999999998 573.3299 2468.4571 563.6595 2534.791 511.0418 2527.1202
470 0.0685 2047.522 1446.7032 2074.904 1445.3432 2077.0973 1489.5014999999999 2049.7153 1490.8615
470 0.0662 522.3473 2640.1423 579.605 2645.3246 573.61 2711.5615 516.3523 2706.3792
470 0.0614 2055.2743 1028.3728 2124.7307 1032.2038 2121.666 1087.7671 2052.2097 1083.9362
470 0.061 317.8824 1417.0118 400.6273 1422.2107 396.6725 1485.1536999999998 313.9277 1479.9548
276 0.0554 2244.9032 1254.3411 2281.1984 1261.6919 2272.0607 1306.8099 2235.7656 1299.4591
339 0.0922 2563.0452 1505.841 2604.389 1505.2459 2605.2124 1562.4575 2563.8687 1563.0525
339 0.068 1916.7685000000001 1981.662 1975.9021 1964.0616 1994.692 2027.192 1935.5583 2044.7924
339 0.0513 2197.2314 3102.8315 2240.4058 3145.2576 2200.2465 3186.1254 2157.072 3143.6993
298 0.1445 1009.8685 2687.8869 1023.5566 2678.0906 1031.0209 2688.5202 1017.3328 2698.3165
298 0.0639 2599.7487 2852.2293 2615.4833 2853.9799000000003 2613.5761 2871.1225 2597.8415 2869.3719
298 0.0538 2059.3068 2715.7095 2073.3511 2721.7921 2066.3484 2737.9608 2052.3041 2731.8782
120 0.0792 327.4135 2367.1743 365.0483 2364.1321 368.3253 2404.6723 330.6905 2407.7145
120 0.0747 982.1588 1538.2232 1012.0787 1543.4827 1005.754 1579.4626 975.834 1574.2031
120 0.0671 259.1329 2698.8882 298.698 2694.0158 303.1671 2730.3061 263.602 2735.1785
120 0.0642 268.7239 2526.2102 326.3504 2487.4142 367.1629 2548.036 309.5364 2586.832
125 0.0992 508.9519 536.0149 559.3528 512.4883 594.6303 588.0634 544.2293999999999 611.59
125 0.0888 2060.6021 2885.6499 2121.7831 2886.2823 2120.965 2965.4208 2059.784 2964.7883
125 0.0689 49.4889 1836.4959 127.1352 1784.8817 173.3444 1854.3969 95.6981 1906.0111000000002
74 0.9888 1928.058 3466.5093 1968.7083 3452.3198 1982.9018 3492.9817000000003 1942.2516 3507.1711
74 0.9881 2100.7808 3445.2201 2137.5783 3419.8754 2165.6395 3460.6169 2128.842 3485.9616
74 0.9863 1968.0326 3538.5452999999998 2005.0506 3513.6494000000002 2028.4121 3548.3858 1991.3941 3573.2817
74 0.9829 1651.7819 3658.6836 1681.3546999999999 3631.9833 1710.8919 3664.6984 1681.3191000000002 3691.3986
74 0.9661 1568.1469 3801.2526 1608.2707 3791.6124 1618.193 3832.9106 1578.0692 3842.5508
74 0.9633 1792.3346000000001 3565.663 1824.2706 3539.9233 1851.4684 3573.6684 1819.5323 3599.4081
74 0.95 1545.2004 3725.6373 1575.405 3754.2717000000002 1549.1212 3781.9969 1518.9165 3753.3626
74 0.9184 1696.8220000000001 3714.2986 1731.4124000000002 3694.8359 1753.9742 3734.9341 1719.3839 3754.3968999999997
74 0.8506 1831.7539 3629.4127 1862.0006 3601.4493 1892.9461000000001 3634.9215 1862.6994 3662.8849
74 0.0892 1993.6404 3559.1928 2019.8514 3580.5993 2004.1559 3599.8175 1977.9449 3578.4109
231 0.0739 1540.7624 1749.4155 1571.6322 1746.5026 1574.8612 1780.7222000000002 1543.9914 1783.6351
290 0.2905 1454.6862 3114.4365 1482.9317999999998 3122.6159 1476.4187 3145.1073 1448.1731 3136.9279
290 0.1295 1443.7433 3264.261 1472.8151 3279.1014999999998 1459.5013 3305.1827 1430.4295 3290.3422
290 0.1011 1455.4731000000002 3170.1512000000002 1469.8955999999998 3182.0555 1458.4807 3195.8849 1444.0582 3183.9806
616 0.1382 2450.4134 808.6174 2513.7201999999997 808.5298 2513.8406 895.5994 2450.5338 895.687
616 0.1147 321.5568 849.1838 352.6454 854.9401 345.8985 891.3787 314.8099 885.6224
616 0.093 2447.5911 612.8396 2513.2767 617.4143 2507.4802 700.6429 2441.7946 696.0681999999999
616 0.0505 1028.5977 622.8018 1088.4633 622.4305 1088.8842 690.2906 1029.0185 690.6619
376 0.2344 2441.3107 2802.0876 2477.6111 2805.7664 2473.6317 2845.0324 2437.3313 2841.3536
376 0.1934 2826.1389 3943.8976000000002 2898.2723 3949.5375 2892.401 4024.6298 2820.2677 4018.9898
376 0.0913 2747.3132 3459.5967 2815.8218 3455.7585 2820.1907 3533.7397 2751.6821 3537.5779
376 0.052 2801.3767 3848.2075 2873.1833 3838.6718 2884.2456 3921.974 2812.439 3931.5098
509 0.0729 2137.4182 1084.5974 2149.1413000000002 1083.2331 2151.0291 1099.4551000000001 2139.306 1100.8193999999999
509 0.0508 2148.2219999999998 1002.484 2179.7754999999997 997.0054 2184.0076 1021.3799 2152.4542 1026.8585
509 0.0501 2924.4594 542.4096 2941.2427 542.9881 2940.5071 564.3299 2923.7237999999998 563.7514
446 0.1696 3648.5768 1616.9107 3672.5654 1595.4934 3691.8305 1617.0713 3667.842 1638.4886
446 0.081 3599.9244 254.0594 3624.342 241.0563 3634.9739 261.0211 3610.5563 274.0241
446 0.0584 2940.7057 88.4654 2968.1377 73.5304 2979.3274 94.0833 2951.8954 109.0182
446 0.0579 3355.2095 21.5382 3381.3071 4.4623 3394.8605 25.1762 3368.7628 42.2522
670 0.0748 1521.9878 517.5743 1584.9068 511.2054 1591.8439 579.7375 1528.925 586.1064
670 0.0682 581.1163 3712.4843 631.2555 3726.0755 612.1478 3796.5657 562.0086 3782.9745000000003
46 0.1965 1353.0743 349.4686 1393.3542 325.7066 1436.3465999999999 398.585 1396.0666999999999 422.347
46 0.0896 1576.23 295.8868 1609.48 273.6341 1659.0017 347.6295 1625.7517 369.8821
46 0.0632 1217.8459 211.6849 1253.3377 184.8299 1301.5965999999999 248.6091 1266.1048 275.4641
686 0.0573 2852.7719 2557.58 2960.2815 2625.084 2894.9888 2729.0717 2787.4791999999998 2661.5677
408 0.2375 624.4978 392.1304 681.4573 391.2045 682.4153 450.1376 625.4557 451.0635
408 0.2237 732.6411 710.1177 790.8178 691.3595 807.627 743.4916000000001 749.4503 762.2498
408 0.0615 767.1609 352.9868 824.7901 342.1794 836.6936 405.6533 779.0644 416.4607
408 0.0575 546.0649 731.3223 594.6102 710.8813 616.8751 763.7583 568.3299 784.1993
408 0.0563 701.5888 364.8856 757.5826 362.2379 760.975 433.9785 704.9812 436.6262
363 0.0561 1511.0322 2589.0432 1623.3385 2552.978 1665.0932 2683.0014 1552.787 2719.0666
679 0.2226 3074.4376 2171.0687 3118.7976 2189.8183 3097.8967000000002 2239.2684 3053.5366 2220.5188
679 0.0926 2906.7783 2135.4145 2948.0134 2123.8872 2963.049 2177.6719000000003 2921.8139 2189.1992
679 0.0565 2797.7007 2195.5626 2838.0388000000003 2180.3027 2857.8427 2232.6524 2817.5047 2247.9123
477 0.0531 1026.1346 915.6355 1075.6913 914.0732 1078.3639 998.8534 1028.8073 1000.4157
10 0.1459 2729.354 2130.9993 2771.2008 2103.8067 2816.9275 2174.1757 2775.0807 2201.3683
10 0.0859 1028.7059 3518.1187 1075.9732 3511.6998 1087.7378 3598.3322 1040.4705 3604.751
10 0.0619 1033.4074 3435.4636 1067.6866 3439.4831 1062.5888 3482.9582 1028.3096 3478.9387
10 0.0529 2952.8638 2079.6193 2986.395 2048.4185 3040.0475 2106.0783 3006.5162 2137.2792
124 0.1229 3864.8728 1503.4722 3892.8941 1507.6371 3888.3289 1538.3513 3860.3076 1534.1864
304 0.1479 3010.4016 3242.2552 3041.533 3218.4842 3060.6625 3243.5370000000003 3029.5311 3267.308
382 0.1105 1773.1136999999999 2607.3442 1830.8551 2619.7621 1812.7823 2703.7978 1755.0409 2691.3798
382 0.089 2001.687 2349.1275 2058.2811 2364.4557999999997 2035.1689999999999 2449.7886 1978.5749 2434.4602999999997
382 0.0695 3216.8859 2788.7491 3275.9501 2788.929 3275.7419 2857.2796 3216.6777 2857.0996999999998
382 0.0617 1922.1752999999999 2731.0881 1976.8974 2736.275 1968.4972 2824.8978 1913.7751 2819.7109
382 0.0588 1953.6494 2559.6544 2014.3156 2566.1633 2006.6601 2637.5161 1945.9939 2631.0072
649 0.4067 2059.2914 2567.222 2085.3885 2561.2536 2090.8489 2585.1292 2064.7518 2591.0976
649 0.1011 2055.2994 2725.2481 2076.8289 2729.6144 2071.609 2755.3526 2050.0795 2750.9863
525 0.0721 2586.3932 2332.5584 2632.2703 2332.4467 2632.3608 2369.6093 2586.4836999999998 2369.7210999999998
609 0.0583 1901.0689 0.3328 1920.3209000000002 16.414 1887.0513 56.2435 1867.7993000000001 40.1623
683 0.1416 3040.9233 2673.2227000000003 3086.8018 2654.5148 3101.4294 2690.3869999999997 3055.5511 2709.0950000000003
364 0.0561 1511.0322 2589.0432 1623.3385 2552.978 1665.0932 2683.0014 1552.787 2719.0666
