582 0.8577 2091.1914 506.0123 2158.4438 521.3907 2145.1852 579.3732 2077.9327 563.9947999999999
582 0.1462 1213.8997 3556.5125 1232.9455 3556.6777 1232.7589 3578.2033 1213.7131 3578.0380999999998
582 0.1011 1082.1912 1038.8377 1158.5381 1078.6013 1114.4771 1163.1994 1038.1302 1123.4358
582 0.0959 1463.8009 3074.0892 1541.1527 3097.5138 1521.6997999999999 3161.7507 1444.3479 3138.3261
582 0.082 1641.9854 -3.3863 1734.0809 23.8418 1706.831 116.0108 1614.7355 88.7827
582 0.0816 1304.5041999999999 1973.8913 1372.6729 1998.4111 1346.2206999999999 2071.9521 1278.0519 2047.4324
582 0.077 2137.6958 1991.1215 2152.4363 1991.7283 2151.7401 2008.6399999999999 2136.9996 2008.0331999999999
582 0.0687 967.3746 1254.3591999999999 1028.2811 1258.4956 1021.2148 1362.5447 960.3082 1358.4083
582 0.0673 2088.4421 2210.8288000000002 2104.8184 2213.6119 2102.4278 2227.6784 2086.0515 2224.8953
582 0.0665 1568.0516 2839.8467 1642.1121 2865.3014 1611.6886 2953.8185 1537.6281 2928.3637
582 0.0637 969.7467 1823.4185 1034.4471 1837.6609 1011.6377 1941.28 946.9372 1927.0376
582 0.0623 1059.301 1544.997 1133.7909 1599.6115 1083.4152 1668.32 1008.9253 1613.7054
582 0.0501 1534.218 2494.0257 1592.2168 2453.3717 1636.8022 2516.9791999999998 1578.8033 2557.6332
344 0.8795 1389.8671 1173.8986 1405.7042000000001 1176.948 1401.3658 1199.4796000000001 1385.5286999999998 1196.4301
344 0.5945 74.5062 664.9205 102.2625 670.9371 95.4953 702.1556 67.739 696.1389
344 0.3788 1349.0454 1166.6686 1367.8096 1170.6141 1364.2914 1187.3456999999999 1345.5272 1183.4002
344 0.0584 1413.8429999999998 1145.9584 1420.3737999999998 1148.5367 1416.9307 1157.2581 1410.3999 1154.6799
344 0.0502 1360.4902 1178.7703 1367.4966 1172.5947 1376.2631000000001 1182.5405 1369.2567 1188.7161
341 0.9887 346.0226 545.2451 360.8003 551.2346 354.091 567.7882 339.3132 561.7986
341 0.9855 412.0432 588.1367 430.3036 596.5873 422.5777 613.2818 404.3173 604.8311
341 0.9793 356.5499 596.273 375.7728 603.9131 368.7724 621.5264999999999 349.5495 613.8864
341 0.97 387.0138 1662.3354 405.0906 1660.7176 406.842 1680.2876999999999 388.7652 1681.9054999999998
341 0.9515 672.4332 1688.2971 688.8729 1691.4241 686.1817 1705.5724 669.742 1702.4454
341 0.9473 354.4974 1706.7188 376.3187 1704.0607 378.2418 1719.8479 356.4205 1722.506
341 0.9354 430.1703 1695.3875 441.75 1691.4769000000001 446.7195 1706.1924 435.1398 1710.1028999999999
341 0.9289 433.5042 2088.9426 447.8931 2087.427 449.9721 2107.1649 435.5833 2108.6806
341 0.9219 496.6875 1911.1415 509.0567 1910.9482 509.3236 1928.0313 496.9544 1928.2246
341 0.9093 459.1885 1917.5014999999999 470.7129 1917.4479000000001 470.7885 1933.694 459.2641 1933.7477
341 0.908 344.9846 571.1445 366.89 571.9205 366.0953 594.3556 344.1898 593.5796
341 0.8791 463.3793 1982.5473 476.0784 1981.8833 476.9467 1998.4901 464.2476 1999.154
341 0.8398 360.7303 556.8252 385.9413 547.2908 395.0815 571.4595 369.8705 580.9938999999999
341 0.8322 507.4317 2026.8712 517.6215 2025.8001 519.4087 2042.8018 509.2188 2043.8729
341 0.7241 497.7482 1929.3377 509.265 1928.5343 510.4133 1944.9955 498.8965 1945.799
341 0.687 1385.3422 2379.6765 1403.1739 2374.41 1408.865 2393.6793 1391.0333 2398.9458
341 0.6535 425.4155 1990.0176000000001 436.5825 1988.6733 438.3654 2003.4838 427.1985 2004.8281
341 0.6321 452.4349 1870.5468 460.8475 1869.8049 461.9859 1882.7131 453.5733 1883.455
341 0.6168 354.3586 411.879 365.9203 418.4922 358.5189 431.432 346.9572 424.8188
341 0.4447 458.0865 1902.6970999999999 464.8974 1902.2924 465.4641 1911.8295 458.6532 1912.2341999999999
341 0.3688 268.898 2033.3429 277.8784 2033.7642 277.4165 2043.6105 268.4361 2043.1891
341 0.3295 411.6528 1912.5292 433.6138 1909.5901 437.0995 1935.6345999999999 415.1385 1938.5737
341 0.2716 424.5293 1959.0084000000002 432.0938 1957.1539 435.1039 1969.4319 427.5394 1971.2864
341 0.2716 410.1639 1867.4524999999999 418.786 1864.8752 422.24 1876.4302 413.6179 1879.0075000000002
341 0.2536 458.7982 1885.8953999999999 464.3507 1885.938 464.2762 1895.634 458.7237 1895.5914
341 0.1748 434.93 2070.5891 442.5914 2067.9635 446.0343 2078.0096 438.373 2080.6353
341 0.1553 372.9622 2032.8517000000002 394.1023 2031.8755 394.787 2046.7009 373.6468 2047.6770999999999
341 0.1239 1689.7411 2574.6644 1699.7496 2567.5194 1710.0506 2581.9487 1700.0421000000001 2589.0936
341 0.1198 403.4444 535.0382 431.2275 542.9157 420.7536 579.8559 392.9705 571.9784
341 0.0828 523.8472 2021.374 530.3756 2020.3890999999999 531.966 2030.9317 525.4376 2031.9166
341 0.0806 478.8877 1917.0861 484.2547 1913.4622 490.9145 1923.3252 485.5475 1926.9492
341 0.0509 519.6545 2109.4149 528.6776 2109.1865 529.0124 2122.4097 519.9893 2122.6382
341 0.0502 435.6221 2080.3405000000002 443.9848 2081.0025 443.2126 2090.7568 434.8499 2090.0948
342 0.7052 1390.0702999999999 1173.3026 1405.6798 1176.424 1400.8524 1200.5653 1385.2429 1197.4439
342 0.6026 74.6958 665.0671 102.5984 671.5256 95.3175 702.9809 67.4149 696.5223
342 0.199 1348.0644 1169.149 1366.9744 1169.0862 1367.0285 1185.3817 1348.1185 1185.4445
342 0.1409 3557.9755 1514.4923 3574.3701 1506.6662000000001 3586.9719999999998 1533.0655 3570.5774 1540.8916
342 0.0501 3767.6749 1016.136 3783.1039 1004.3706999999999 3800.0263999999997 1026.563 3784.5974 1038.3283000000001
689 0.4883 3072.1243 2432.3395 3174.0858 2354.5706 3258.2707 2464.944 3156.3092 2542.7128000000002
689 0.1102 1329.5557 2092.224 1461.0131999999999 2038.7816 1526.2251999999999 2199.1897 1394.7676000000001 2252.6321
689 0.0798 2557.8239 816.2045 2608.2726 801.0137 2629.6953 872.1583 2579.2466 887.3491
689 0.0751 2397.2262 3882.2651 2536.5614 3868.5319 2549.532 4000.1291 2410.1968 4013.8623
689 0.0561 3537.7291 519.2164 3636.4417 524.1 3633.1171 591.299 3534.4045 586.4153
689 0.0535 2488.1378 537.0984 2566.6486 547.6412 2556.4008 623.9549 2477.89 613.4121
689 0.0522 2117.5258 3684.2561 2223.3837 3749.5215 2158.1405 3855.3435 2052.2825 3790.0780999999997
470 0.8004 516.8326 1411.4665 586.8817 1424.9976000000001 572.7508 1498.1517 502.7017 1484.6206
470 0.7245 1957.6515 3697.2512 1992.0656 3697.08 1992.2442999999998 3732.9823 1957.8301999999999 3733.1536
470 0.4593 1870.7174 1030.1147 1940.2853 1025.9635 1944.2008 1091.5806 1874.6329 1095.7319
470 0.1968 1687.651 264.2028 1728.8408 263.5351 1729.2859 290.9971 1688.0962 291.6648
470 0.0884 519.7118 2460.9288 573.6188999999999 2468.2943999999998 564.5916 2534.3631 510.6844 2526.9974
470 0.0863 516.8993 2815.9301 581.6789 2814.9449 582.7682 2886.5642 517.9887 2887.5495
470 0.0807 2055.2743 1028.3728 2124.7307 1032.2038 2121.666 1087.7671 2052.2097 1083.9362
470 0.0663 1881.7676000000001 3758.6187 1963.3586 3766.2361 1955.8291 3846.8845 1874.2381 3839.2671
470 0.0634 488.1029 2099.8511 568.6465 2098.1671 569.8538 2155.9114 489.3102 2157.5954
470 0.0618 2047.522 1446.7032 2074.904 1445.3432 2077.0973 1489.5014999999999 2049.7153 1490.8615
470 0.0612 522.3473 2640.1423 579.605 2645.3246 573.61 2711.5615 516.3523 2706.3792
670 0.8403 1490.8401 3077.5869 1520.6039 3095.2891 1501.0261 3128.2064 1471.2622999999999 3110.5042
670 0.7826 1555.0729000000001 509.942 1602.3996 541.3303 1570.6403 589.2164 1523.3136 557.828
670 0.7302 1687.637 652.5715 1717.2534 675.6244 1693.686 705.9019 1664.0696 682.849
670 0.5483 1084.9516 3172.0609 1101.8455 3184.261 1085.7661 3206.5265 1068.8723 3194.3264
670 0.2634 1460.6227 3127.9947 1491.5479 3150.5326 1474.9677000000001 3173.2829 1444.0425 3150.7449
670 0.1144 2003.6885 2253.9174000000003 2022.5732 2247.5096 2043.3208 2308.6561 2024.4360000000001 2315.0639
670 0.0747 2094.5367 2122.0024 2152.8113 2143.5614 2130.1508 2204.8134 2071.8762 2183.2544
670 0.0689 2836.4484 1028.2022 2891.7461 1059.7594 2857.9639 1118.9559 2802.6663 1087.3987
670 0.0562 1251.142 3630.6713 1275.0014 3622.2435 1282.1302 3642.4251 1258.2708 3650.853
339 0.9985 3204.3179 3307.8874 3252.5057 3301.4742 3259.6158 3354.8985000000002 3211.428 3361.3116
339 0.9983 1609.0519 1950.7968 1660.8501 1961.9216999999999 1648.5609 2019.1413 1596.7628 2008.0164
339 0.9982 2208.6499 3324.0226000000002 2240.1828 3315.3532999999998 2247.3982 3341.598 2215.8653 3350.2673
339 0.9972 1652.1099 2071.1671 1676.8993 2092.7937 1650.6733 2122.8550999999998 1625.8839 2101.2285
339 0.9971 2147.0051 3051.8207 2202.7653 3039.7694 2214.4725 3093.9374 2158.7122 3105.9887
339 0.9969 2369.1271 3947.6792 2397.8772 3945.6813 2399.7086 3972.0362999999998 2370.9585 3974.0341
339 0.9968 2300.6792 3725.3705 2330.8309 3720.6447 2335.0258 3747.4091 2304.8741 3752.1348
339 0.9964 2222.506 3374.6212 2253.4704 3368.609 2258.3206 3393.5888999999997 2227.3562 3399.6011
339 0.9963 2376.5486 3982.6704 2409.5276 3974.934 2415.8718 4001.9782999999998 2382.8929 4009.7147
339 0.9961 1174.7831 1662.3397 1200.4447 1679.2698 1176.1909 1716.0322 1150.5293000000001 1699.1019999999999
339 0.996 1235.9741 1527.5568 1265.5967 1550.7478999999998 1238.4094 1585.4751 1208.7867999999999 1562.284
339 0.9958 2310.7119000000002 3779.7543 2340.2084 3770.3549000000003 2348.1629000000003 3795.3168 2318.6663 3804.7163
339 0.9955 1413.8075 1731.1065 1448.0367 1703.904 1472.3523 1734.5006 1438.1231 1761.7031
339 0.9947 1522.6111 1760.8723 1540.5441 1752.0897 1549.9245 1771.2433 1531.9915 1780.0259
339 0.9939 1992.8803 2830.3293 2051.2595 2805.8287 2072.9512 2857.5151 2014.5720000000001 2882.0155999999997
339 0.9937 1531.1541 2063.4744 1555.6738 2039.7472 1588.42 2073.5870999999997 1563.9003 2097.3144
339 0.9936 1606.3773 2095.6763 1634.7337 2116.2363 1616.5419 2141.3266 1588.1855 2120.7667
339 0.9936 1575.7413000000001 1879.5573 1600.2107999999998 1861.4093 1622.0881 1890.9071 1597.6187 1909.0551
339 0.9936 2547.5172000000002 1804.3319999999999 2567.1335 1804.7802 2566.7095 1823.3408 2547.0931 1822.8926000000001
339 0.9935 2588.7369 1786.9213 2621.4501 1778.8081 2628.2448 1806.2048 2595.5316000000003 1814.318
339 0.9934 3074.2111 3069.5215 3105.739 3059.0136 3114.2081 3084.4238 3082.6802 3094.9318
339 0.9932 1983.5272 2265.795 2015.074 2260.5668 2019.2592 2285.82 1987.7124 2291.0482
339 0.9928 2242.0753 3473.2383 2280.1739 3468.7558 2284.5236999999997 3505.7273999999998 2246.4251 3510.2099
339 0.9927 3106.6656 3056.9168 3138.0342 3046.6084 3146.6711 3072.8905 3115.3024 3083.1989
339 0.9924 2203.8138 3271.4453 2234.1522999999997 3262.5422 2241.5114 3287.6189 2211.1729 3296.5221
339 0.9919 2357.5364 3908.8967000000002 2398.2533 3903.9422 2403.0896000000002 3943.6879 2362.3727 3948.6423999999997
339 0.9915 2164.2225 3118.2093999999997 2218.0946 3109.5945 2227.5203 3168.5369 2173.6481 3177.1517
339 0.9912 3084.7369 2979.1473 3116.9524 2970.9426 3124.0341 2998.7486 3091.8186 3006.9534
339 0.9909 2141.9792 2990.8667 2183.3477 2985.1777 2188.4399 3022.2068 2147.0715 3027.8958000000002
339 0.9908 2252.5757 3524.3842 2290.3378 3519.1852 2294.884 3552.2056000000002 2257.1219 3557.4046
339 0.9906 1958.2477 2158.7291999999998 2001.9608 2151.0062 2008.5396 2188.2429 1964.8264 2195.9659
339 0.9905 2126.5863 2932.7555 2163.9880000000003 2928.0369 2168.4926 2963.7422 2131.0909 2968.4608
339 0.9899 1341.382 1547.6967 1373.9155 1566.9939 1351.4560000000001 1604.8588 1318.9225000000001 1585.5615
339 0.9887 3151.3244 3314.4836 3201.623 3305.7762000000002 3211.1329 3360.7095 3160.8342000000002 3369.4169
339 0.9884 2563.4216 1794.8102 2592.3472 1790.1316000000002 2597.2955 1820.7245 2568.3699 1825.4032
339 0.9876 2263.7985 3572.0568 2303.3881 3565.8351000000002 2309.3401 3603.709 2269.7505 3609.9306
339 0.9867 1278.8902 1631.8514 1297.2397 1643.937 1283.358 1665.0136 1265.0085 1652.9279999999999
339 0.9866 1308.4268 1593.2275 1330.6931 1611.0884999999998 1310.5284000000001 1636.2268 1288.2621 1618.3658
339 0.9862 1530.1158 1793.5855999999999 1558.3951 1778.3984 1576.696 1812.4756 1548.4167 1827.6628
339 0.9833 1195.8301000000001 1693.377 1220.6006 1672.8751 1235.6891 1691.1052 1210.9185 1711.6071
339 0.9832 2413.1601 1504.8141 2439.6354 1481.5502999999999 2468.9982 1514.9664 2442.5229 1538.2303000000002
339 0.9823 1502.8916 1476.7132 1546.741 1440.6061 1585.1722 1487.278 1541.3228 1523.3851
339 0.981 1378.5315 1655.7944 1412.8157 1626.5823 1434.8262 1652.4146 1400.542 1681.6266
339 0.9804 1635.1085 2120.7342 1663.9328 2142.0383 1644.606 2168.1873 1615.7817 2146.8832
339 0.9769 2322.8928 3819.0771 2342.9036 3816.0019 2346.2329 3837.6666999999998 2326.2222 3840.7419
339 0.9744 3221.4479 3365.9097 3274.7332 3388.5161 3254.1528 3437.0261 3200.8675 3414.4197
339 0.9732 3179.5239 3248.7271 3235.3694 3236.6315 3249.1179 3300.1077999999998 3193.2723 3312.2035
339 0.9727 2228.3995 3424.6821 2266.4379 3416.6838 2273.8801 3452.0773 2235.8417 3460.0756
339 0.9703 1218.2284 1720.9186 1258.9329 1717.4251 1261.9186 1752.213 1221.2141000000001 1755.7065
339 0.9691 2330.5845 3848.2892 2346.4691000000003 3843.2394 2352.0724 3860.8654 2336.1879 3865.9152
339 0.9662 2219.1359 3588.6466 2245.571 3601.0969 2231.1742 3631.665 2204.739 3619.2147
339 0.9645 1610.7525 1772.4639 1630.0379 1781.5625 1619.9341 1802.9787000000001 1600.6487 1793.8801
339 0.9643 1159.8431 1611.4788 1186.3452 1624.064 1167.4992 1663.7499 1140.9971 1651.1646
339 0.9642 1671.2477 1864.254 1690.0104999999999 1870.8223 1682.5851 1892.0336 1663.8223 1885.4652999999998
339 0.964 1370.1423 1501.0854 1400.163 1520.577 1377.5492 1555.4063 1347.5286 1535.9147
339 0.9626 1624.3827 1810.5892 1644.8493 1802.0561 1652.3409 1820.0245 1631.8743 1828.5577
339 0.9618 3146.2099 3493.657 3192.9036 3479.8063 3207.367 3528.5659 3160.6733 3542.4166
339 0.9587 2289.2753000000002 3671.0702 2319.4283 3666.7087 2324.742 3703.4447 2294.589 3707.8062
339 0.9526 1551.4189999999999 1838.218 1577.9834 1823.2448 1599.5003000000002 1861.4183 1572.9359 1876.3916
339 0.9498 1405.2796 1387.7256 1431.8932 1409.3494 1412.6399999999999 1433.0453 1386.0264 1411.4216000000001
339 0.9472 2278.1054 3620.9509 2316.0702 3619.3394 2317.5982 3655.3388 2279.6335 3656.9503
339 0.9463 2666.0168 1791.8458 2692.0548 1782.8002999999999 2701.9568 1811.3038000000001 2675.9188 1820.3494
339 0.9428 1370.8071 1675.7087000000001 1391.789 1696.5806 1368.4614000000001 1720.0312 1347.4794000000002 1699.1594
339 0.9387 1174.1612 1569.4092 1202.052 1579.1172000000001 1188.91 1616.8737 1161.0192 1607.1656
339 0.9379 3095.7151 3275.4454 3145.316 3254.8484 3166.6533 3306.2318 3117.0524 3326.8289
339 0.9279 1939.0086000000001 1962.9728 1999.0408 1991.4791 1971.4848 2049.5099 1911.4527 2021.0036
339 0.9241 1366.0902 1733.2733 1379.9514 1740.7845 1370.6419 1757.9642 1356.7807 1750.453
339 0.9176 1200.0963000000002 1715.7602000000002 1216.8144 1699.0979 1237.7185 1720.0720000000001 1221.0004 1736.7343
339 0.8942 1509.5658 1936.904 1532.2947 1931.0003 1538.7656 1955.9126 1516.0366 1961.8163
339 0.8932 2002.476 2361.6536 2045.7307 2355.3407 2051.0926 2392.0797000000002 2007.8379 2398.3926
339 0.8882 3111.8345 3316.8413 3165.2357 3316.2579 3165.72 3360.5936 3112.3188 3361.177
339 0.8874 1243.2069999999999 1754.371 1267.7441 1744.3544 1285.9057 1788.8437 1261.3686 1798.8604
339 0.8812 3136.2676 3248.9634 3175.9951 3240.6821 3185.3962 3285.7823 3145.6688 3294.0636
339 0.8708 2194.4119 3234.5768 2217.1913 3226.5936 2225.9309 3251.5313 2203.1513999999997 3259.5145
339 0.8708 1594.2767 1914.971 1611.1924 1902.2435 1625.1653999999999 1920.8144 1608.2498 1933.5419
339 0.8676 2420.8403 4083.3902 2453.8151 4076.6686 2457.0591 4092.5828 2424.0843 4099.3044
339 0.8649 1454.6519 1396.6165 1507.6835 1410.2159 1494.8766 1460.1568 1441.845 1446.5573
339 0.8307 3106.9281 3194.23 3125.5232 3192.0477 3128.5428 3217.7769 3109.9477 3219.9592000000002
339 0.8179 3115.6043 3159.279 3132.9264 3151.8958 3142.506 3174.371 3125.1839 3181.7542
339 0.8166 2239.3416 3704.1187 2260.1182 3691.4873 2278.3553 3721.4843 2257.5787 3734.1157
339 0.7865 3152.8408 3187.7717 3168.0515 3185.2842 3171.9208 3208.9449 3156.7101000000002 3211.4324
339 0.7681 2548.1021 1510.49 2599.6569 1500.5569 2611.0189 1559.5277999999998 2559.4642 1569.4609
339 0.7483 2347.9526 3873.3394 2379.0434 3869.9637000000002 2383.1162 3907.4755999999998 2352.0254 3910.8513000000003
339 0.7355 3136.3674 3362.7543 3191.1199 3374.8889 3179.7812 3426.0499 3125.0288 3413.9153
339 0.7258 3133.8851 3190.3101 3151.8280999999997 3187.5398 3155.4201000000003 3210.8046 3137.4771 3213.575
339 0.6486 1951.0786 2846.5149 2001.1943999999999 2821.3223 2022.9315000000001 2864.564 1972.8157 2889.7566
339 0.5443 2197.2976 3609.1702 2211.4062 3605.1645 2217.0856 3625.1677 2202.977 3629.1734
339 0.509 2458.6854 1390.9308 2478.1533 1378.364 2489.4138000000003 1395.8083 2469.9458 1408.375
339 0.4677 2480.4664000000002 1393.5113999999999 2506.7257 1381.6045 2521.5255 1414.2435 2495.2661 1426.1505
339 0.4289 1138.8881000000001 1656.4368 1149.4125 1664.7942 1138.8219 1678.131 1128.2974 1669.7736
339 0.2983 1343.9279999999999 1367.7075 1371.1712 1376.4268 1361.7475 1405.8710999999998 1334.5043 1397.1518999999998
339 0.2243 2508.4613 1455.3835 2530.0442000000003 1436.6306 2556.792 1467.415 2535.2091 1486.1679
339 0.2241 3121.1273 3072.6017 3134.9638 3073.7479 3134.1655 3083.3842 3120.3289999999997 3082.238
339 0.2003 1320.8387 1717.4813 1342.7657 1732.4964 1328.8223 1752.8582999999999 1306.8953000000001 1737.8432
339 0.1794 2558.0488 3868.9277 2570.0907 3865.8086 2574.1198 3881.3633 2562.0778 3884.4824
339 0.1351 2019.749 3038.3332 2033.4783 3029.6798 2045.4545 3048.6812 2031.7251999999999 3057.3346
339 0.1062 2541.232 1355.2254 2552.5614 1363.6495 2547.2697 1370.7662 2535.9403 1362.3421
339 0.103 3238.9173 2795.5179 3258.2616 2799.2759 3255.0824000000002 2815.6407 3235.7381 2811.8828
339 0.08 1376.7586999999999 1536.4225 1389.9518 1536.8244 1389.7027 1545.0056 1376.5095999999999 1544.6037
339 0.0752 3136.7235 3167.6778 3146.8466 3162.5394 3154.0849 3176.7995 3143.9618 3181.9379
339 0.061 2554.9156000000003 1359.4633 2561.1798 1357.7404000000001 2564.3671 1369.3282 2558.103 1371.0511000000001
339 0.0593 2529.6539000000002 3739.0649 2542.0437 3734.506 2546.9432 3747.8218 2534.5534 3752.3807
339 0.059 2445.1815 3756.5846 2454.0486 3748.0714 2463.7459 3758.172 2454.8788 3766.6852
339 0.0576 1825.6443 2664.1540999999997 1841.9141 2669.1037 1835.7123000000001 2689.4895 1819.4425 2684.5398999999998
339 0.0552 2445.6609 1532.1195 2465.0486 1527.4207999999999 2468.0052 1539.6204 2448.6175 1544.3191
339 0.0505 3143.3961 3176.656 3156.0832 3180.0409 3153.571 3189.4572 3140.8839 3186.0722
23 0.9959 1231.2935 2026.0081 1274.768 2013.7586000000001 1284.9207999999999 2049.7921 1241.4464 2062.0415000000003
23 0.9929 1251.1615000000002 1844.9305 1300.6770999999999 1841.1761000000001 1304.7317 1894.6508 1255.2161 1898.4052000000001
23 0.9919 1434.3523 2128.7521 1495.0463 2113.6902 1507.2119 2162.7131 1446.5179 2177.775
23 0.9821 1858.0956 607.4584 1905.1461 586.1399 1930.226 641.492 1883.1755 662.8105
23 0.9777 1137.3836000000001 2058.5359 1170.8093 2049.2775 1179.0556000000001 2079.0493 1145.6299 2088.3077
23 0.9749 1264.9277 2338.0127 1313.384 2326.9067 1325.0916 2377.9875 1276.6353 2389.0936
23 0.9528 1296.609 2489.04 1319.2337 2484.9992 1324.262 2513.1529 1301.6372999999999 2517.1937
23 0.9202 1262.3183 2496.9979 1283.432 2494.7183999999997 1286.3986 2522.1958 1265.2849 2524.4753
23 0.9175 1096.2816 2180.7491 1147.5944 2170.3454 1160.2444 2232.7372 1108.9316 2243.141
23 0.8724 1387.6569 2302.9171 1453.5917 2281.9983 1469.8744000000002 2333.3204 1403.9396000000002 2354.2393
23 0.865 1470.9281999999998 2717.1628 1526.0164 2697.0298000000003 1542.1355 2741.1351 1487.0472 2761.2681000000002
23 0.5016 1816.5545 636.0339 1881.0187 644.9907 1874.306 693.3035 1809.8418000000001 684.3467
23 0.4392 1404.5828000000001 2723.3535 1466.7927 2708.5613 1479.3301000000001 2761.2888000000003 1417.1201999999998 2776.0809
23 0.3317 1302.6217 1658.2883000000002 1345.2278000000001 1688.6401 1313.7047 1732.8904 1271.0985 1702.5385999999999
23 0.1956 1248.9666 2048.2751 1263.441 2045.8404 1265.2368000000001 2056.5161 1250.7622999999999 2058.9507
23 0.0666 1127.7495 1706.5081 1183.6328 1700.5884 1190.4227 1764.6862 1134.5393 1770.6059
297 0.8978 2009.2299 2974.5119 2045.9398 2955.0291 2061.5155999999997 2984.3774 2024.8057 3003.8602
297 0.104 1362.9083 1524.6799 1387.8081 1513.2872 1400.5343 1541.1014 1375.6345000000001 1552.4941
297 0.0515 2556.3883 1883.5646 2562.9619000000002 1886.6399000000001 2557.7381 1897.8057 2551.1646 1894.7303
297 0.0514 2227.3784 1724.7039 2233.9784 1727.4107 2230.0424000000003 1737.008 2223.4424 1734.3013
446 0.2628 2309.5567 1641.3604 2325.014 1637.1171 2328.3648 1649.3232 2312.9075000000003 1653.5665
446 0.1165 2600.6658 382.1246 2613.1632 391.2754 2606.9827999999998 399.7161 2594.4854 390.5653
446 0.0919 2978.8727 612.1186 3008.0665 621.64 2997.5808 653.7903 2968.3871 644.2689
446 0.0528 3050.862 2215.1646 3061.4349 2216.0459 3060.1783 2231.1219 3049.6053 2230.2406
94 0.3211 1864.0381 5.5583 1950.2068 -1.1562 1956.1516 75.1359 1869.983 81.8504
94 0.1309 2116.8596 10.7516 2190.0396 18.1971 2181.9491 97.7166 2108.7691 90.2711
94 0.0706 1664.6048 483.1421 1733.9472 425.1157 1795.5857 498.7745 1726.2434 556.801
94 0.0583 1339.7781 35.0252 1391.925 62.6476 1353.7956 134.6301 1301.6487 107.0077
392 0.3843 2189.7545 3282.6818 2211.5851000000002 3286.2455 2207.4623 3311.5012 2185.6316 3307.9374
392 0.3683 2503.3241 1717.5726 2576.1035 1713.8998000000001 2580.2307 1795.6860000000001 2507.4514 1799.3587
392 0.1105 2192.7626 1050.0448 2228.45 1036.9322 2242.7475 1075.8444 2207.0601 1088.9569999999999
392 0.0967 2562.9668 2011.7269000000001 2619.9136 2007.8874 2625.604 2092.2864 2568.6572 2096.1259
392 0.0625 2048.3208 960.9792 2075.4326 949.5701 2090.994 986.549 2063.8823 997.9581
392 0.0624 2662.3229 2778.4587 2734.7249 2771.2877 2743.0878 2855.7246999999998 2670.6859 2862.8956
392 0.0572 2175.7201999999997 963.1037 2215.7441 952.8783 2226.9825 996.8676 2186.9586 1007.093
392 0.0557 2561.4119 1733.2429 2577.9963 1733.0086999999999 2578.498 1768.5375 2561.9136 1768.7717
392 0.0528 2595.6429 3838.3385 2626.9276 3819.7318 2646.1356 3852.0276 2614.8509 3870.6343
392 0.051 2616.2914 2487.0643 2686.0349 2476.9932 2697.3940000000002 2555.6561 2627.6505 2565.7273
235 0.9851 3414.5859 3030.0428 3458.4271 3003.9432 3482.2213 3043.9117 3438.38 3070.0114
235 0.9841 3391.3383 2988.4953 3431.8852 2963.5135 3453.368 2998.3811 3412.8211 3023.363
235 0.9816 3477.3303 3114.5866 3514.7428 3094.3858 3529.1147 3121.003 3491.7021 3141.2038000000002
235 0.9795 3442.5601 3080.3538 3486.1775 3053.4894 3505.889 3085.4935 3462.2716 3112.3577999999998
235 0.9763 3367.7409 2929.1456 3419.3936 2908.3814 3438.2696 2955.3371 3386.6169 2976.1013
235 0.9725 3118.6539000000002 2344.9973 3140.3873 2331.4267 3155.4355 2355.5263 3133.7021 2369.0969999999998
235 0.9712 2565.3932999999997 2978.9357 2615.3932 2957.0022 2640.8397999999997 3015.0107 2590.8399 3036.9442
235 0.9631 3137.8118 2370.9037 3174.5951999999997 2359.1699 3187.4786 2399.5568 3150.6952 2411.2906000000003
235 0.9622 3102.6418 2310.2798000000003 3125.6884 2298.5723 3139.6767 2326.1086 3116.6301 2337.8162
235 0.9538 3269.892 2780.9198 3320.7032 2756.0855 3340.5581 2796.709 3289.7469 2821.5432
235 0.9015 2505.3778 2872.5082 2551.3735 2842.4959 2584.8755 2893.8397 2538.8798 2923.8521
235 0.8861 2536.0232 2930.1295 2582.8562 2901.4117 2613.4491 2951.3027 2566.6161 2980.0205
235 0.8837 2666.8815 3182.0095 2717.2336999999998 3155.9191 2738.3957 3196.7599 2688.0436 3222.8503
235 0.763 2594.024 3030.3649 2650.9794 3013.5193 2663.5492 3056.0182999999997 2606.5939 3072.8639000000003
235 0.7134 3497.7231 3152.8116 3530.8769 3133.535 3544.483 3156.936 3511.3293 3176.2126
235 0.6169 3161.4571 2411.986 3192.213 2407.3745 3197.2448 2440.9333 3166.4889 2445.5449
235 0.1042 3477.6378999999997 3091.9555 3494.1343 3090.2887 3495.5851000000002 3104.6476 3479.0887000000002 3106.3144
239 0.9642 1162.3062 2024.1466 1188.2048 2049.3246 1161.4951 2076.7987000000003 1135.5965 2051.6207
239 0.9569 1534.6711 1254.6761000000001 1563.8917999999999 1281.4285 1538.9437 1308.6786 1509.7229 1281.9261999999999
239 0.9338 1491.8416 1308.1747 1522.3571 1322.5457999999999 1506.3987 1356.4314 1475.8833 1342.0603
239 0.9282 2304.6407 1149.2157 2338.7166 1157.8019 2329.8758 1192.8881000000001 2295.7999 1184.3019
239 0.7452 2169.1527 1427.0931 2178.4146 1431.9805999999999 2170.193 1447.5605 2160.9311 1442.673
239 0.7409 1192.984 1378.4465 1228.9669 1352.2667000000001 1249.2024999999999 1380.0795 1213.2196 1406.2594
239 0.1442 2157.7308000000003 1290.2048 2199.7101000000002 1316.8671 2177.5295 1351.7901000000002 2135.5502 1325.1278
239 0.0717 1522.8948 1320.0823 1546.7129 1321.3004 1545.0817 1353.1993 1521.2635 1351.9812
239 0.0712 1578.967 2348.9107 1590.6638 2341.4735 1600.7852 2357.3918 1589.0884 2364.8289
239 0.05 2109.0172000000002 1713.8912 2118.3185 1714.5316 2117.5347 1725.9151000000002 2108.2333 1725.2747
522 0.9821 3291.4494 2232.1619 3334.3137 2232.1844 3334.2886 2279.6085000000003 3291.4243 2279.5859
522 0.9512 2751.5735 1946.2724 2796.4969 1948.4186 2794.5515 1989.1399999999999 2749.6281 1986.9939
522 0.4672 2462.6710000000003 1112.3624 2508.7947 1114.4151000000002 2506.9983 1154.7802000000001 2460.8746 1152.7275
522 0.3443 3262.5161 2477.1441 3301.5263999999997 2478.419 3300.2286 2518.1291 3261.2183 2516.8541999999998
522 0.1982 2516.0042 1110.3151 2560.2242 1112.3624 2558.3513 1152.8162 2514.1312 1150.7689
522 0.1713 2403.0290999999997 842.7779 2428.0947 839.25 2431.6714 864.6618000000001 2406.6057 868.1898
522 0.164 3259.1848 2525.0536 3299.7341 2518.8168 3306.3621 2561.9089 3265.8128 2568.1458000000002
522 0.1226 3242.4031 1753.6451 3272.9146 1756.5833 3270.4404 1782.276 3239.929 1779.3379
522 0.0887 3265.7587 2623.3644 3301.3703 2648.1436 3277.2438 2682.8173 3241.6321 2658.0381
522 0.0601 2504.2235 1962.1947 2548.932 1957.9764 2553.7507 2009.0487 2509.0421 2013.267
522 0.0598 2522.4589 1853.2858999999999 2559.7554 1885.8656999999998 2525.9996 1924.5084000000002 2488.7031 1891.9286
674 0.1835 1305.7885999999999 -1.3661 1378.222 2.3225 1374.8951 67.6512 1302.4618 63.9626
674 0.0813 2682.9139 948.0818 2758.7011 950.084 2756.9032 1018.1364 2681.116 1016.1341
674 0.0773 2661.747 12.6631 2725.5536 17.0924 2719.728 101.0143 2655.9213 96.585
674 0.0749 1132.7739 0.3608 1212.5433 2.0638 1211.2718 61.6276 1131.5023 59.9246
674 0.0695 1226.4353 0.9554 1299.0457000000001 11.9145 1290.1557 70.8155 1217.5454 59.8563
674 0.0537 2696.0243 1031.805 2763.5726 1038.6716 2756.6471 1106.7999 2689.0988 1099.9334
340 0.9968 1605.6199 997.9377999999999 1636.3332 1018.7094999999999 1617.4928 1046.5671 1586.7795 1025.7954
340 0.9964 2208.8616 2228.6624 2240.7395 2219.7532 2248.1428 2246.2432 2216.2649 2255.1522999999997
340 0.9961 1652.8096 974.7103999999999 1677.699 996.9462 1650.6296 1027.2459 1625.7402 1005.0101999999999
340 0.9959 3106.2664 1961.6407 3138.2547 1951.1612 3146.9465 1977.6925 3114.9582 1988.172
340 0.9947 1608.7046 852.9736 1662.1981 867.6261999999999 1646.7783 923.9205999999999 1593.2849 909.2681
340 0.9946 2221.9078 2281.2816 2253.1262 2274.4859 2258.2115 2297.847 2226.9932 2304.6428
340 0.9941 1983.4686000000002 1170.4256 2013.9569999999999 1162.3613 2020.9424 1188.7709 1990.454 1196.8352
340 0.9941 2357.7952999999998 2816.3921 2396.4257 2810.3665 2401.5038 2842.9224 2362.8734 2848.9479
340 0.9939 2588.632 690.6037 2620.7382 682.2115 2628.0693 710.2583 2595.9631 718.6505999999999
340 0.9936 1175.3376 564.8734 1204.8693 586.6 1178.1633 622.9 1148.6316 601.1735
340 0.993 2312.3432000000003 2681.3363 2341.0190000000002 2674.2034 2347.6817 2700.9884 2319.0058 2708.1213
340 0.9928 1506.0958 371.4733 1555.0898 345.5956 1582.4277 397.354 1533.4336 423.2318
340 0.9926 1223.3976 620.4324 1263.5353 624.2205 1259.9982 661.699 1219.8604 657.9108
340 0.9925 1524.2784 660.6951 1544.0072 656.553 1548.5511000000001 678.195 1528.8223 682.3372
340 0.9925 2164.862 2020.1543 2221.119 2012.9082 2228.7655999999997 2072.2743 2172.5086 2079.5204
340 0.9925 2204.7405 2173.741 2235.3941 2167.0922 2240.9637000000002 2192.7706 2210.3101 2199.4193999999998
340 0.9921 3085.8038 1883.0194999999999 3118.266 1875.7556 3124.0996 1901.8254 3091.6374 1909.0893999999998
340 0.9921 2300.4346 2631.1404 2330.3584 2623.8192 2336.7422 2649.9121 2306.8184 2657.2332
340 0.9917 2242.5305 2376.2333 2281.6165 2373.193 2284.4655000000002 2409.8202 2245.3795 2412.8605
340 0.9917 2374.3553 2848.2034 2400.9329 2855.2992 2394.402 2879.761 2367.8244 2872.6653
340 0.9913 2414.9166 2989.6496 2447.6202 2976.8882 2458.6052 3005.0395 2425.9016 3017.8009
340 0.9909 1236.904 430.6039 1268.3265000000001 454.0908 1240.5742 491.22 1209.1516000000001 467.7331
340 0.9908 1554.6132 943.8772 1589.1796 976.2239 1563.6261 1003.531 1529.0596 971.1843
340 0.9905 1345.8769 450.4172 1377.3486 474.8138 1348.6182 511.8762 1317.1465 487.4796
340 0.9904 3160.6976 2214.4359 3211.4286 2215.1588 3210.6202 2271.8924 3159.8891 2271.1695
340 0.9901 1411.7404000000001 635.0331 1447.1604 607.6155 1471.8429 639.5019 1436.4229 666.9196
340 0.9887 2374.8977999999997 2888.2627 2407.5114 2877.5152 2416.2303 2903.9731 2383.6168 2914.7206
340 0.9887 2548.5346 707.5663999999999 2566.7994 709.9884999999999 2564.5276 727.1199 2546.2628 724.6979
340 0.9883 2570.918 694.1115 2597.485 699.5112 2591.8328 727.3206 2565.2657 721.9209
340 0.9882 2142.8461 1895.1453999999999 2180.6225 1889.4795 2185.9573 1925.0481 2148.1809 1930.714
340 0.9881 1992.9055 1737.3296 2048.8979 1707.9886 2074.8679 1757.5477 2018.8754 1786.8888
340 0.988 1278.6683 535.1229 1297.8262 547.1675 1283.9361 569.261 1264.7781 557.2164
340 0.9878 3210.4171 2207.9611999999997 3256.3069 2208.7102999999997 3255.4742 2259.7249 3209.5843 2258.9757
340 0.9859 2275.4800999999998 2528.4641 2313.6086 2520.9247 2320.5938 2556.2508 2282.4654 2563.7902
340 0.9856 3074.1923 1973.4866 3104.2971 1962.3336 3113.7228999999998 1987.7761 3083.618 1998.9291
340 0.9852 2266.6942 2474.324 2304.8965 2473.3373 2305.8343999999997 2509.6449000000002 2267.632 2510.6316
340 0.984 1406.1066 530.6436 1432.9652 555.2305 1403.6023 587.3065 1376.7437 562.7196
340 0.9834 1369.5041 404.4191 1401.1211 423.3997 1378.2402 461.5135 1346.6233 442.533
340 0.9814 1310.2260999999999 496.3128 1330.5471 514.187 1309.2331 538.4186 1288.9122 520.5445
340 0.9811 1196.9461999999999 618.6921 1218.2458000000001 599.9832 1239.135 623.7652 1217.8353 642.4741
340 0.9811 1549.1817999999998 744.857 1579.1613 727.4992 1599.6046000000001 762.8081 1569.6251 780.1658
340 0.9806 2321.3198 2723.3424 2341.4022999999997 2717.7762 2347.744 2740.6563 2327.6614 2746.2225
340 0.9805 2253.1938 2427.6041999999998 2290.6136 2423.0906 2294.7264999999998 2457.1874 2257.3067 2461.701
340 0.9796 2231.8755 2322.6915 2271.7592 2322.8419 2271.6174 2360.4305 2231.7336999999998 2360.2799999999997
340 0.9796 1217.2266 576.9182 1234.9233 592.2778 1213.8546999999999 616.5522 1196.158 601.1925
340 0.9794 2220.1028 2492.3415 2245.2158 2504.1566000000003 2230.7605 2534.8814 2205.6475 2523.0663
340 0.9789 3115.3446 2217.3236 3166.8968 2219.0501 3165.2066 2269.517 3113.6544 2267.7905
340 0.9781 3094.8359 2182.7043 3141.9957 2156.5822 3169.7194 2206.6335 3122.5596 2232.7557
340 0.9769 1601.3987 685.5057 1623.9382 677.0679 1631.4203 697.0547 1608.8809 705.4925
340 0.9763 2125.9793 1837.0299 2164.8967 1830.1404 2171.2801 1866.1985 2132.3626 1873.088
340 0.9755 3233.9296 2266.794 3276.3878999999997 2296.5425 3243.9075000000003 2342.8997 3201.4493 2313.1513
340 0.9747 3186.4489 2153.3312 3238.4172 2147.2451 3245.5365 2208.0358 3193.5681 2214.1219
340 0.9719 2412.9042 413.0119 2440.3865 387.477 2469.3146 418.6114 2441.8323 444.1462
340 0.9714 1958.1249 1062.5274 1999.4353 1054.1903 2007.0421000000001 1091.8821 1965.7317 1100.2192
340 0.9707 1530.8044 698.319 1559.8049999999998 682.1861 1578.3013 715.4352 1549.3007 731.568
340 0.9703 2329.7885 2753.5172000000002 2345.0813 2747.0633 2352.2888 2764.1417 2336.9959 2770.5956
340 0.9682 1164.0887 515.1376 1186.5145 529.2953 1162.6867 567.0385 1140.2609 552.8809
340 0.9653 2667.0417 695.496 2692.9405 687.8820000000001 2701.2769 716.2383 2675.3781 723.8522
340 0.9643 1575.3112 786.4001 1599.8603 765.004 1623.9047 792.5916 1599.3555000000001 813.9877
340 0.9638 2194.8766 2138.2345 2218.1501 2131.4205 2225.6303 2156.9695 2202.3568 2163.7834000000003
340 0.9568 1241.0245 654.0585 1263.8672000000001 642.6044 1281.0228 676.8172 1258.1801 688.2714
340 0.9548 1636.1757 1025.4886000000001 1663.8166999999999 1046.3438 1644.4364 1072.0299 1616.7954 1051.1747
340 0.9525 1622.4921 715.5767 1643.7942 705.5031 1652.3932 723.687 1631.0912 733.7606
340 0.9487 1601.345 808.0049 1622.2694000000001 811.4057 1618.4436 834.9455 1597.5192 831.5448
340 0.9449 1171.2435 476.6182 1198.8668 482.9755 1190.5201 519.2433 1162.8969 512.886
340 0.9419 2003.6303 1266.199 2046.6899 1260.5397 2051.5658 1297.6386 2008.5063 1303.2979
340 0.9402 2238.3191 2610.4224 2260.9103 2596.4595 2277.3784 2623.1038 2254.7872 2637.0667
340 0.9291 3169.6381 2128.2738 3211.2833 2129.2719 3210.3556 2167.9772 3168.7104 2166.9791
340 0.9285 2147.4776 1953.298 2202.8415 1941.2213 2215.5235000000002 1999.3599 2160.1596 2011.4366
340 0.9213 1668.5706 770.1193 1686.4975 773.3685 1682.5693999999999 795.0413 1664.6425 791.7922
340 0.9189 2199.3951 2510.5205 2216.0673 2511.4543 2214.7509 2534.9583000000002 2198.0787 2534.0246
340 0.9189 1920.6584 874.6984 1986.888 872.7233 1988.9758000000002 942.7333 1922.7462 944.7083
340 0.8932 2347.9662 2779.2615 2374.9205 2772.6567 2383.3547 2807.0765 2356.4004 2813.6813
340 0.8909 1347.829 602.4487 1374.0028 579.5923 1391.9943 600.1952 1365.8205 623.0516
340 0.878 1366.2066 637.5139 1379.2123000000001 643.566 1371.3881000000001 660.38 1358.3824 654.3279
340 0.8506 1436.1811 322.8431 1486.019 295.2485 1512.6703 343.3827 1462.8324 370.9774
340 0.8416 1406.1898 290.9323 1433.1949 313.9052 1413.3606 337.2209 1386.3555000000001 314.248
340 0.8193 3152.8486000000003 2093.009 3168.6891 2091.0494 3171.4782999999998 2113.5968 3155.6378 2115.5563
340 0.8121 1329.0594 288.655 1350.8541 267.792 1374.6952999999999 292.6978 1352.9007 313.5609
340 0.8097 3133.1916 2096.0802 3152.4157 2091.7245 3157.4096 2113.7655 3138.1855 2118.1213
340 0.7937 1948.8104 1754.7417 1991.8301999999999 1719.5558 2022.691 1757.2875 1979.6712 1792.4734
340 0.7894 3136.368 2269.8566 3189.8687 2281.1401 3179.8468 2328.6585 3126.3461 2317.375
340 0.7868 2285.6359 2576.5584 2317.4052 2569.4457 2325.6636 2606.3325 2293.8941999999997 2613.4451
340 0.735 1509.258 844.0681 1530.3903 836.7186 1537.558 857.3283 1516.4257 864.6777
340 0.6777 3107.0834999999997 2097.5154 3127.7177 2096.3594000000003 3129.1232 2121.4467 3108.489 2122.6027
340 0.6769 1137.7167 558.7231 1149.6031 567.0452 1138.3035 583.1843 1126.4171999999999 574.8623
340 0.6609 2549.0117 406.5659 2608.1906 407.2657 2607.4794 467.4149 2548.3005 466.7152
340 0.6235 3146.2084 2393.7797 3196.5445 2384.5636 3205.968 2436.032 3155.6319 2445.2482
340 0.6228 3117.1256 2059.4645 3134.1125 2055.7628999999997 3139.7613 2081.6858 3122.7744 2085.3874
340 0.4572 2482.2931 298.3319 2506.1648 286.5397 2521.6229 317.8326 2497.7512 329.6248
340 0.4568 2560.6377 2771.0157 2572.4646 2772.6998 2570.2794 2788.0463 2558.4525 2786.3622
340 0.4321 2472.6331 279.9191 2487.5774 289.6783 2473.0785 311.8802 2458.1342 302.121
340 0.3945 1321.8371 621.3464 1343.4283 635.514 1330.0502000000001 655.9022 1308.4589 641.7346
340 0.2351 3237.202 1702.0407 3256.3285 1700.4565 3257.5981 1715.7851 3238.4717 1717.3693
340 0.1023 1683.4331 467.5692 1707.67 463.7127 1711.5825 488.3012 1687.3456 492.1577
340 0.1015 2133.0776 1451.3354 2149.6586 1446.1286 2155.6185 1465.1081 2139.0376 1470.3148999999999
340 0.0931 2061.9941 1902.2158 2072.6942 1906.1251 2068.3954 1917.8911 2057.6953 1913.9818
340 0.0773 2045.639 1731.0674 2058.633 1725.6513 2066.8354 1745.3301 2053.8414 1750.7462
340 0.0695 2530.5022 2641.4724 2543.6249 2639.1904 2546.0834999999997 2653.3287 2532.9608 2655.6107
340 0.0689 1122.9157 581.1119 1132.3289 575.7097 1139.2613000000001 587.7889 1129.8481000000002 593.1912
340 0.0634 1662.9036999999998 1012.6633 1677.9425999999999 1022.9526 1670.5162 1033.807 1655.4774 1023.5176
340 0.0543 1589.3354 1019.178 1601.81 1025.1849 1598.2326 1032.6143 1585.7579 1026.6073
231 0.919 2785.1405999999997 3865.5599 2798.969 3852.2519 2813.8021 3867.6648999999998 2799.9737999999998 3880.973
231 0.8722 1532.9859999999999 1756.2858 1566.6766 1746.226 1576.1105 1777.8203 1542.4198000000001 1787.8801
231 0.6185 2760.6679 3834.745 2781.0724 3819.0555 2792.7567 3834.2512 2772.3522000000003 3849.9407
231 0.2025 2781.0798999999997 3840.0879999999997 2793.8315000000002 3840.3478 2793.6605 3848.7434 2780.9088 3848.4836
231 0.1806 2269.7073 4045.4962 2307.9994 4032.0623 2324.5118 4079.1293 2286.2197 4092.5632
231 0.1093 594.5885 1501.4367 614.408 1508.7012 607.9046 1526.444 588.0851 1519.1795
231 0.0873 1351.2757000000001 1109.6456 1408.9821 1089.4387 1423.9267 1132.1172 1366.2203 1152.3241
596 0.5093 1000.5897 1974.5194000000001 1021.5061 1973.2124 1023.0925 1998.5993 1002.176 1999.9063
596 0.2212 525.4864 3287.7392 576.5518 3295.028 565.1438 3374.9525 514.0784 3367.6637
596 0.083 974.3349 1783.7224 1025.6235 1780.4924999999998 1030.1724 1852.7253 978.8837 1855.9551000000001
596 0.0815 1020.7194999999999 115.4113 1062.3569 109.266 1067.9124000000002 146.9069 1026.275 153.0522
596 0.0724 1533.6101 600.3734 1581.2693 599.0009 1583.117 663.1609 1535.4578 664.5334
596 0.0619 931.9695 2324.8455 992.4901 2357.6027 956.5195 2424.0601 895.999 2391.3029
596 0.0617 1431.8649 1022.6814 1514.9705 1039.2322 1502.933 1099.6751 1419.8274999999999 1083.1244
596 0.0613 1491.999 647.5624 1548.8651 666.5924 1522.7033999999999 744.7698 1465.8372 725.7398000000001
596 0.0532 344.3391 1051.084 418.5244 1023.4323 441.813 1085.912 367.6277 1113.5638
586 0.9201 1715.5153 34.8864 1733.1499 47.4005 1715.3315 72.5099 1697.6969 59.9958
586 0.6149 909.5989 271.2697 928.3926 269.9999 930.0385 294.3604 911.2447 295.6301
586 0.1219 2571.4163 2793.1171 2634.7709 2770.1974 2660.801 2842.1501 2597.4465 2865.0698
586 0.0778 2480.1302 3412.3306000000002 2538.7976 3452.9375 2496.2582 3514.3968999999997 2437.5908 3473.79
586 0.0742 2330.0873 2489.6005999999998 2394.6503000000002 2479.35 2406.4494 2553.666 2341.8865 2563.9166
586 0.0623 2431.0280000000002 1663.73 2496.5901 1671.2408 2489.5427 1732.7584000000002 2423.9805 1725.2476000000001
586 0.0543 2433.8994000000002 1531.7747 2494.7261 1543.7187 2487.6865 1579.5693 2426.8598 1567.6254
586 0.0506 2470.7627 3205.4932 2542.0308999999997 3220.403 2525.8912 3297.5505 2454.623 3282.6408
124 0.9899 3428.8519 1233.7518 3498.5023 1209.3597 3516.0266 1259.3994 3446.3762 1283.7915
124 0.9392 3517.2397 1251.579 3544.0076 1240.3375999999998 3552.8 1261.274 3526.0322 1272.5154
124 0.7306 678.9617000000001 513.4858 721.2900999999999 514.6859 720.6446 537.4549 678.3162 536.2548
124 0.146 819.7946 462.9814 844.5016 474.2202 830.0083999999999 506.0815 805.3014000000001 494.8426
124 0.0801 711.1886 392.6792 757.3714 388.1536 763.2084 447.7198 717.0255 452.2453
673 0.9287 1221.9000999999998 1724.0633 1292.6325000000002 1722.9792 1293.6109999999999 1786.8182000000002 1222.8786 1787.9022
673 0.395 1300.9478 3287.3979 1377.8984 3286.5380999999998 1378.6570000000002 3354.4379 1301.7064 3355.2977
673 0.2238 1198.4903 2742.1226 1287.1315 2741.3986 1287.7192 2813.3612000000003 1199.078 2814.0851000000002
673 0.2059 2690.0782 1487.9578000000001 2753.533 1493.6179 2747.4329 1562.0050999999999 2683.9781 1556.345
673 0.1083 1304.425 3113.2216 1382.3813 3114.3829 1381.435 3177.9135 1303.4786 3176.7523
673 0.0697 2652.3531 2561.8107 2732.432 2561.3411 2732.701 2607.2188 2652.6221 2607.6883
298 0.0822 1009.6650999999999 2686.8408 1024.2449000000001 2678.0413 1031.3004 2689.7314 1016.7206 2698.531
298 0.0793 1595.4279999999999 2279.0056 1601.5412999999999 2279.0005 1601.5487 2287.9409 1595.4353999999998 2287.946
298 0.0665 1985.5551 2874.4349 1998.0855000000001 2881.0855 1990.0810000000001 2896.1669 1977.5506 2889.5162
298 0.0649 2591.0821 2950.574 2597.823 2948.9508 2600.3438 2959.4193 2593.6028 2961.0424
298 0.0641 2059.3068 2715.7095 2073.3511 2721.7921 2066.3484 2737.9608 2052.3041 2731.8782
298 0.0537 1949.0387 2772.2611 1963.9583 2765.1089 1970.1482 2778.0212 1955.2286 2785.1733
298 0.0536 842.3305 1984.362 853.5059 1975.7057 865.4803 1991.1649 854.3049 1999.8211999999999
691 0.1523 2933.5324 508.4157 2989.3983 548.4823 2952.8655 599.4209 2896.9996 559.3542
691 0.1128 3084.2139 313.7847 3199.2899 268.0698 3251.3042 399.003 3136.2282 444.7178
691 0.1111 113.4171 3067.7539 248.2628 3134.2742 182.9691 3266.6334 48.1234 3200.1131
691 0.0938 2654.4001 1430.1339 2761.5883 1412.8330999999998 2776.7022 1506.472 2669.5141 1523.7729
691 0.0871 2688.3028 1569.9776 2820.7637 1553.1127 2836.9655000000002 1680.3656 2704.5047 1697.2306
691 0.0738 2577.8964 2044.2298 2661.987 2054.4912 2656.6871 2097.9227 2572.5965 2087.6613
691 0.0652 1922.2 2977.8689 2029.4727 2977.2816000000003 2029.954 3065.1896 1922.6813 3065.7769
691 0.061 904.0266 1588.4243 1020.3854 1659.0064 958.6938 1760.7087999999999 842.3349 1690.1267
691 0.0585 2475.7607 1076.4671 2574.9695 1135.5492 2505.7858 1251.7203 2406.577 1192.6382
691 0.0533 2141.1551 2560.3914 2207.3459000000003 2589.4341 2189.5482 2629.9968 2123.3574 2600.9541
691 0.0505 3102.1764 712.8255 3176.1476 705.4747 3183.2327999999998 776.7723 3109.2615 784.1232
363 0.971 1358.513 2863.9069 1398.2111 2891.5124 1372.7923 2928.0659 1333.0942 2900.4604
363 0.3759 1267.7386000000001 1908.9005 1421.7512000000002 1875.4147 1453.7629 2022.6480000000001 1299.7504 2056.1337000000003
363 0.0964 1511.0322 2589.0432 1623.3385 2552.978 1665.0932 2683.0014 1552.787 2719.0666
363 0.0562 1287.5641 2065.2875 1465.238 2045.1562 1480.6395 2181.0863 1302.9656 2201.2177
120 0.4804 556.6054 3788.8892 589.3735 3793.4646000000002 583.9602 3832.2338 551.1921 3827.6584000000003
120 0.3877 268.7239 2526.2102 326.3504 2487.4142 367.1629 2548.036 309.5364 2586.832
120 0.3216 617.246 3470.5037 648.417 3477.9847 639.6641 3514.4551 608.493 3506.974
120 0.3127 258.0652 2700.3743 297.5417 2694.7247 302.5944 2730.0305 263.118 2735.68
120 0.2097 1057.0501 1138.221 1089.1127999999999 1143.5931 1082.4066 1183.6182 1050.3439 1178.2460999999998
120 0.2079 325.6983 2370.3099 363.0002 2364.1417 369.4264 2403.0042 332.1245 2409.1724
120 0.1473 402.1106 2923.1782 459.9464 2952.7697 429.8012 3011.6876 371.9654 2982.0960999999998
120 0.1415 1871.534 1188.3392 1890.6851000000001 1192.1172 1887.5816 1207.8493 1868.4305 1204.0712
120 0.1133 184.3571 3074.2579 240.6257 3080.3654 237.4566 3109.5623 181.188 3103.4548
120 0.1038 982.6422 1537.8696 1013.964 1544.1306 1006.8452 1579.7435 975.5234 1573.4825
120 0.0969 375.5851 3069.7937 436.752 3100.8184 409.5023 3154.5425999999998 348.3355 3123.5179
525 0.8582 2502.368 1874.5037 2524.2135 1875.2562 2523.7391 1889.0295 2501.8935 1888.277
525 0.8433 2584.9257 2239.0797000000002 2633.109 2239.8624 2632.5434999999998 2274.6794 2584.3601 2273.8967000000002
525 0.6496 3347.9735 1645.1934 3381.9052 1658.1258 3368.5537 1693.1569 3334.6221 1680.2245
525 0.2658 3439.1387 1655.9028 3473.3952 1652.9174 3476.2191000000003 1685.3219 3441.9626 1688.3073
525 0.2381 2561.538 1776.0679 2584.3763 1774.5529999999999 2586.7059 1809.6749 2563.8677 1811.1898
525 0.2379 3329.5038 2630.5427 3363.7151 2632.6661 3360.7462 2680.5016 3326.5349 2678.3782
525 0.2001 2588.856 2629.2243 2622.7423 2616.4292 2636.5744 2653.0618 2602.6881 2665.8568999999998
525 0.1914 2585.3611 2333.4916 2630.2091 2330.8963 2632.2821 2366.7187 2587.4341 2369.314
525 0.1909 2596.4543 1684.3409 2640.8474 1680.2118 2643.869 1712.6982 2599.4759 1716.8273
525 0.0746 3346.3866 3301.6058000000003 3382.8914999999997 3317.7903 3365.7832 3356.3788 3329.2783 3340.1943
525 0.051 2495.8963 2612.2586 2576.3004 2615.8384 2573.3367 2682.4025 2492.9327 2678.8227
125 0.9797 2513.3806 3654.2767 2531.9255000000003 3651.2526 2535.8798 3675.502 2517.3348 3678.5261
125 0.9668 2799.7584 2402.2003 2834.0797000000002 2371.4049 2868.1381 2409.3629 2833.8168 2440.1582
125 0.9475 2516.7945 3704.2263000000003 2536.1036 3703.8142 2536.6408 3728.9892 2517.3316999999997 3729.4012000000002
125 0.3419 2061.0096 2885.2951000000003 2121.9676 2886.3119 2120.648 2965.4285 2059.6899 2964.4117
125 0.249 508.45889999999997 536.9585 558.2232 510.572 596.8701 583.4591 547.1058 609.8456
125 0.1179 564.8472 681.8249000000001 620.0438 632.0012 673.7798 691.532 618.5831 741.3557000000001
616 0.9917 913.6732 469.2884 947.4965 469.5267 947.3181 494.8347 913.4948999999999 494.5964
616 0.9445 954.8401 469.3223 989.3477 469.3702 989.3129 494.4326 954.8052 494.3846
616 0.2187 2453.2345 808.8338 2517.7812 810.8865 2515.1322 894.1841 2450.5855 892.1315
616 0.158 2510.6047 2017.4646 2565.3901 2068.6137 2509.8784 2128.0719 2455.093 2076.9228000000003
616 0.1421 2594.6136 1609.71 2624.3464 1610.5914 2623.23 1648.2557 2593.4972 1647.3743
616 0.1232 991.4558999999999 247.4448 1077.1785 259.4147 1067.9089 325.7987 982.1864 313.8288
616 0.1164 2540.0554 1328.3053 2556.2515 1329.973 2553.2433 1359.1881 2537.0472 1357.5203999999999
616 0.1013 890.7128 121.2606 971.2012 111.0401 980.457 183.9313 899.9686 194.1518
616 0.07 460.6513 211.6967 481.0464 215.2975 477.8971 233.1355 457.502 229.5347
616 0.0682 2551.5703 1307.9123 2607.6483 1302.5167999999999 2615.0962 1379.9257 2559.0181 1385.3211999999999
616 0.0531 1028.5977 622.8018 1088.4633 622.4305 1088.8842 690.2906 1029.0185 690.6619
327 0.9572 2727.6633 2267.6473 2760.3079 2245.833 2782.4873 2279.024 2749.8428 2300.8383
327 0.9272 2775.4752 936.6243 2788.2233 926.3749 2800.4208 941.546 2787.6727 951.7954
327 0.7716 2897.9189 2755.3374 2968.1932 2711.9887 2998.4214 2760.9929 2928.1472 2804.3415999999997
327 0.3777 3076.3456 553.8808 3093.0398999999998 554.0536 3092.8445 572.9216 3076.1502 572.7488
327 0.2772 3286.608 1754.4587000000001 3306.9509 1752.1462000000001 3308.6517 1767.1081 3288.3088 1769.4205
327 0.2216 2867.0942 2155.497 2901.6019 2132.1343 2933.2941 2178.9448 2898.7864 2202.3076
327 0.1767 3070.2698 2046.6649 3097.8831 2034.7774 3117.0174 2079.2243 3089.4041 2091.1118
327 0.1652 3069.4063 531.1237 3083.0561 528.3079 3087.2441 548.6101 3073.5943 551.4258
327 0.085 3313.5861 1944.3569 3322.7343 1939.3958 3330.9475 1954.541 3321.7993 1959.5021
327 0.0735 3493.8378000000002 183.5853 3508.2617 170.9764 3524.1735 189.1785 3509.7496 201.7875
477 0.307 1024.7223 915.422 1076.318 913.4349 1079.5598 997.6068 1027.9641 999.5939
477 0.2221 2097.811 2045.1447 2135.8537 2059.594 2119.8539 2101.7188 2081.8112 2087.2694
477 0.2088 854.988 1333.4263999999998 868.3594 1332.9601 868.9035 1348.5623 855.5321 1349.0285
477 0.2019 2282.6418 1410.0936000000002 2367.9435 1422.3166999999999 2355.3766 1510.0178 2270.0749 1497.7947
477 0.1955 1403.0719 336.0372 1473.4369 359.2896 1450.1239 429.838 1379.7589 406.5855
477 0.1941 87.2936 525.383 152.623 535.1514 140.8233 614.0657 75.4939 604.2972
477 0.1734 2604.096 -0.1038 2629.576 -0.0023 2629.5226000000002 13.3984 2604.0425999999998 13.2969
477 0.1696 2103.2561 1673.7164 2142.7808999999997 1682.9382 2133.9535 1720.7726 2094.4287 1711.5508
477 0.1639 2265.4572 1530.5901 2344.1572 1557.925 2314.0828 1644.5125 2235.3827 1617.1776
477 0.1621 1268.1844 1213.7261 1346.2019 1233.6888 1325.3516 1315.1755 1247.3341 1295.2128
477 0.1486 984.8870999999999 1025.3891 1059.8789000000002 1041.5605 1042.063 1124.1782 967.0713000000001 1108.0067
477 0.1393 145.7451 521.0226 224.9931 519.7777 225.8832 576.443 146.6352 577.6879
477 0.1384 1471.2861 346.9099 1534.022 346.8237 1534.1345999999999 428.8132 1471.3987 428.8994
477 0.1309 2087.9039 517.7052 2162.8967 528.8585 2153.4126 592.6277 2078.4198 581.4744000000001
477 0.0958 1041.1718 1447.1078 1109.7945 1448.8087 1107.9364 1523.7775 1039.3136 1522.0765999999999
477 0.0941 1108.3694 1462.6113 1176.8265000000001 1479.2611000000002 1163.188 1535.337 1094.7309 1518.6871
477 0.075 954.0456 1771.4161 992.6772 1777.9166 985.2142 1822.2692 946.5825 1815.7687
477 0.0708 2048.8746 1958.3159 2083.8639 1956.4374 2086.1112 1998.299 2051.122 2000.1774
477 0.0701 955.1011 1566.9913999999999 993.635 1577.6885 981.0376 1623.0674 942.5037 1612.3703
477 0.0534 2058.8836 1900.9371999999998 2097.961 1915.4693 2085.4782 1949.0358 2046.4009 1934.5037
627 0.9644 1276.7619 2393.9791999999998 1307.1781 2392.0942 1308.7259 2417.0698 1278.3097 2418.9547000000002
627 0.9574 1238.6046000000001 2395.0992 1270.1552000000001 2393.0964 1271.9156 2420.8294 1240.3651 2422.8322
627 0.6997 1294.4097000000002 1769.2530000000002 1326.5549 1755.9491 1340.0861 1788.6435999999999 1307.941 1801.9475
627 0.2266 1637.0614 2946.0929 1650.1932 2947.9701999999997 1647.9023 2963.995 1634.7705 2962.1177
627 0.0899 1808.6526 2992.564 1895.3181 2998.2231 1890.1777 3076.9437 1803.5122999999999 3071.2846
627 0.0681 942.4981 1445.3802 954.1089 1447.2195 951.9029 1461.1456 940.2919999999999 1459.3064
627 0.051 2877.819 3497.5004 2955.6205 3504.8059 2948.6755000000003 3578.767 2870.874 3571.4614
461 0.9204 1683.5854 2085.8771 1704.9777 2099.8361 1687.8462 2126.0904 1666.4539 2112.1314
461 0.841 2531.9184 2675.124 2552.2971 2687.7862999999998 2542.506 2703.5442000000003 2522.1273 2690.882
461 0.8319 2430.6349 2607.7017 2453.4879 2621.1677 2443.7200000000003 2637.7446 2420.867 2624.2786
461 0.7496 1709.22 2032.4514 1737.8568 2057.978 1713.5309 2085.2678 1684.8941 2059.7411
461 0.4276 2492.397 2665.8943 2506.3346 2653.3659 2523.0139 2671.9214 2509.0764 2684.4498
461 0.2501 3020.4668 856.2408 3040.5905000000002 871.8928000000001 3027.4381 888.8027 3007.3145 873.1508
461 0.0869 2166.6234 847.3206 2205.5007 809.753 2234.1237 839.374 2195.2463 876.9416
461 0.0858 1476.7640999999999 2326.4745 1502.5557 2348.1413000000002 1482.8024 2371.6551 1457.0109 2349.9883
461 0.0753 2102.9507 3079.644 2152.5124 3076.606 2154.0986 3102.4828 2104.5369 3105.5208
461 0.0629 2156.4969 3866.326 2195.8455 3837.5994 2229.8755 3884.2123 2190.527 3912.939
461 0.055 1984.7573 912.4883 2036.5126 937.6987 2005.1414 1002.1019 1953.386 976.8915
274 0.99 1962.4191 2139.4912 1997.1942 2114.6592 2017.2952 2142.809 1982.52 2167.641
274 0.9607 1853.252 1908.6185 1890.2168 1889.8334 1904.5635 1918.0645 1867.5988 1936.8495
274 0.9206 2352.575 2478.6847 2374.998 2478.8312 2374.8359 2503.6437 2352.4129000000003 2503.4972
274 0.7411 1533.6607 1651.4821 1561.0752 1634.8295 1578.8411 1664.0768 1551.4266 1680.7294
274 0.7208 1744.0842 1974.8758 1769.9863 1956.2858 1790.0574 1984.2514999999999 1764.1553 2002.8416
274 0.7171 1927.4071 2156.3892 1961.2181 2143.2306 1971.1748 2168.8144 1937.3639 2181.973
274 0.5506 1660.8964999999998 1692.4365 1688.0037 1673.4305 1707.1907 1700.7957999999999 1680.0835 1719.8018
274 0.4844 1654.0438 1585.6085 1685.3717000000001 1571.1052 1698.6318999999999 1599.7482 1667.304 1614.2514
274 0.4465 1835.0131000000001 1455.5344 1867.9649 1438.4198999999999 1883.0952 1467.5511000000001 1850.1433 1484.6657
274 0.4333 1375.7592 1388.7240000000002 1416.54 1361.4042 1440.1503 1396.6478 1399.3696 1423.9676
274 0.3315 2325.1844 2464.9893 2347.8674 2466.9732 2345.5984 2492.9148999999998 2322.9155 2490.9309
274 0.2466 1816.1729 887.1983 1851.9357 900.6876 1841.5203999999999 928.3008 1805.7576 914.8115
274 0.2309 1825.5002 880.3601 1852.8843 858.1118 1871.2022 880.6583 1843.8181 902.9066
274 0.194 1770.2011 1851.5053 1810.7049 1830.5756000000001 1823.4001 1855.1435999999999 1782.8962999999999 1876.0734
274 0.1183 1808.2567 1830.9196 1846.092 1807.9835 1858.4913999999999 1828.4375 1820.6562 1851.3736
274 0.097 1814.1197 1927.585 1848.1658 1914.5465 1859.1846 1943.3189 1825.1385 1956.3573999999999
434 0.7331 1100.1947 133.2438 1119.5904 149.4256 1098.2422 175.0137 1078.8466 158.8318
434 0.2852 295.0472 371.9574 312.6542 371.3873 313.3724 393.5707 295.7654 394.1408
434 0.2219 1985.5291 2879.0244000000002 2031.0872 2884.1476000000002 2022.7804 2958.0152 1977.2224 2952.892
434 0.0821 1850.4679999999998 3311.7594 1922.5219 3317.0739 1916.865 3393.7679 1844.8112 3388.4533
434 0.0637 1726.0932 2575.1764 1788.166 2579.242 1782.8768 2659.9949 1720.8041 2655.9293
434 0.0577 1894.3691 2807.6174 1958.4744 2781.2777 1985.5126 2847.083 1921.4072999999999 2873.4227
314 0.9842 2862.6971 2359.7445 2898.8798 2380.7252 2879.6368 2413.9112 2843.454 2392.9305
314 0.9617 2898.1125 2306.351 2927.5521 2334.1956 2897.5332 2365.934 2868.0936 2338.0895
314 0.8156 2038.8661 2605.3801 2068.3928 2581.9099 2091.4644 2610.935 2061.9376 2634.4052
314 0.6284 2906.6753 2499.4042 2947.3699 2524.5027 2922.2635 2565.2102 2881.5688 2540.1117
314 0.4984 2056.0283 2950.5621 2107.235 2968.5587 2090.6396 3015.7786 2039.4329 2997.782
314 0.3502 3200.5076 2046.0675 3230.793 2058.7561 3220.8815 2082.4128 3190.5962 2069.7242
314 0.3151 2276.7111 3993.3224 2288.3011 3989.0493 2293.9736000000003 4004.4345 2282.3835 4008.7077
314 0.2743 935.4601 3783.4583000000002 949.6075 3778.2047000000002 956.5496 3796.8992 942.4023 3802.1528
314 0.2373 202.0794 2721.8585000000003 248.8238 2764.1405999999997 210.11 2806.94 163.3656 2764.6579
314 0.1891 2383.1383 2558.2133 2425.3231 2563.0975 2420.3367 2606.1644 2378.1519 2601.2802
314 0.1402 436.9608 2050.4588 475.166 2044.3814 479.4208 2071.1291 441.2157 2077.2064
314 0.1219 529.4342 3015.0836 570.6458 2980.5801 596.0703 3010.9477 554.8587 3045.4511
300 0.2873 1237.2045 2028.0296 1257.8263 2026.9821 1258.7197 2044.5695 1238.0979 2045.617
300 0.1808 1114.8497 1725.5089 1131.9956 1737.1134 1122.017 1751.857 1104.8710999999998 1740.2525
300 0.106 1021.8663 1689.4112 1051.5657 1672.2793 1067.6439 1700.1522 1037.9445 1717.2841
300 0.0841 2304.2756 2477.6822 2323.6318 2480.3304 2320.1321 2505.9106 2300.7759 2503.2623
300 0.0723 2743.1468 2584.9161 2764.1072 2600.8828 2740.0792 2632.4259 2719.1187 2616.4592000000002
300 0.0686 1591.2708 2046.9925 1599.3761 2047.5276 1598.7283 2057.341 1590.623 2056.806
300 0.0659 1519.0763 1026.6828 1531.1695 1023.6812 1534.6895 1037.8628 1522.5963000000002 1040.8644
300 0.0511 2442.2408 2560.4647999999997 2457.4927 2566.0673 2450.2713 2585.7263000000003 2435.0194 2580.1237
688 0.9675 1121.7909 517.5648 1181.4889 523.2745 1176.2794 577.7429 1116.5814 572.0332
688 0.9648 653.0476 427.8157 715.488 438.6685 707.9968 481.7678 645.5565 470.915
688 0.9562 811.6962 450.4434 873.2336 467.4052 859.5355999999999 517.1017 797.9981 500.1398
688 0.9086 575.6564 410.4411 634.8799 420.3586 626.5493 470.1055 567.3258 460.1879
688 0.865 966.9531 486.8996 1021.8901 498.3294 1012.0312 545.7161 957.0942 534.2864
688 0.8026 807.0382 859.9141 866.2516 877.5765 853.2307 921.2294 794.0173 903.567
688 0.8024 1042.7392 510.8723 1101.4269 517.9129 1096.3414 560.3033 1037.6537 553.2626
688 0.5738 888.0201999999999 470.1327 951.5341000000001 478.6735 944.229 532.9974 880.7151 524.4565
688 0.2163 870.427 1012.2753 990.6661 1093.1185 919.4258 1199.0751 799.1867 1118.232
688 0.2068 3123.3267 519.7646 3250.4608 572.4005999999999 3201.7466 690.0623 3074.6125 637.4263
688 0.1313 996.3787 673.898 1082.4225000000001 690.3572 1066.2368000000001 774.9717 980.1929 758.5125
688 0.1096 899.3156 649.302 968.5864 686.1401 930.3444999999999 758.0507 861.0736999999999 721.2126
688 0.1008 669.484 1732.1048 713.4012 1707.7446 746.7305 1767.8313 702.8132 1792.1915
688 0.0834 1797.6743000000001 411.5627 1825.5173 409.3588 1827.4332 433.5625 1799.5901 435.7664
688 0.0753 2636.2346 1682.4135 2758.3004 1751.2709 2698.088 1858.0113000000001 2576.0222 1789.1538
688 0.0686 1885.5236 3431.2478 2042.8524 3459.9099 2021.5475000000001 3576.8535 1864.2188 3548.1914
688 0.0678 2065.0502 3052.0497 2236.2385 3084.824 2220.8734 3165.0798 2049.6851 3132.3056
688 0.0615 2150.385 168.5069 2169.8827 162.2304 2175.6997 180.3004 2156.202 186.577
253 0.9137 2282.0635 3608.0096 2295.5421 3607.7799999999997 2295.7999 3622.9058 2282.3212 3623.1354
253 0.8745 2162.9429 2271.7355 2184.6449000000002 2276.0259 2181.0324 2294.2988 2159.3304 2290.0085
253 0.7761 2299.9198 3608.6687 2314.8946 3606.4722 2317.3219 3623.0209999999997 2302.3471 3625.2174999999997
253 0.7302 2262.7781999999997 3606.9769 2275.2052 3605.4244 2276.9424 3619.3293 2264.5154 3620.8818
253 0.5978 621.3764 1823.416 657.0418999999999 1811.0178 665.9644000000001 1836.6849 630.2989 1849.0831
253 0.5683 1508.1089 2081.0151 1523.6862999999998 2075.2119000000002 1530.9232 2094.6377 1515.3458 2100.4409
253 0.5401 2168.6169 2262.4749 2180.0912 2256.8459 2186.6179 2270.1499 2175.1436 2275.779
253 0.4093 2181.6136 2245.1636 2192.8316 2253.0217000000002 2185.6799 2263.2313 2174.462 2255.3732
253 0.3902 2331.4958 3602.7870000000003 2352.4991 3601.5908 2353.9543 3627.1401 2332.9509 3628.3364
253 0.3511 1533.0609 2066.448 1550.4066 2060.9646 1557.7217 2084.1044 1540.376 2089.5878
253 0.2911 2186.674 2230.5907 2200.8627 2241.3535 2191.8098 2253.2880999999998 2177.621 2242.5252
253 0.1964 2085.192 2620.62 2101.1833 2627.1065 2093.5114 2646.0205 2077.52 2639.5341
253 0.1933 2318.8605 3605.3682 2333.6331 3607.1167 2331.4886 3625.2339 2316.7161 3623.4854
253 0.0953 1481.1103 2091.7894 1499.1254 2094.9413 1496.3723 2110.6775 1478.3571 2107.5256
253 0.0932 1637.7822 2038.5911 1652.7871 2034.7021 1658.7845 2057.8417 1643.7795 2061.7307
253 0.0729 576.8173 1676.1068 612.6398 1674.2795 614.0085 1701.1093 578.1859 1702.9366
253 0.0589 3038.9098 1831.676 3049.4562 1827.8938 3054.3496999999998 1841.5391 3043.8033 1845.3213
253 0.0579 1442.6331 2103.7364 1457.548 2094.9281 1467.3773999999999 2111.5721 1452.4625 2120.3804
34 0.1704 748.3157 4066.127 785.1884 4049.1154 798.6432 4078.2785 761.7704 4095.2902
34 0.0935 2480.136 2425.9148999999998 2493.3374 2422.8559 2495.5996999999998 2432.6193 2482.3984 2435.6783
34 0.0791 949.7886 3915.3976000000002 977.2997 3911.0721 981.2659 3936.298 953.7548 3940.6235
34 0.0609 826.8652 3909.7995 854.0997 3885.6438 877.9428 3912.5259 850.7083 3936.6816
394 0.1364 1166.3185 1905.3517000000002 1237.987 1904.2172 1239.3429 1989.871 1167.6743999999999 1991.0056
394 0.1069 1025.3299 941.2748 1077.2522 932.0539 1090.9816 1009.3629 1039.0593 1018.5838
394 0.0811 670.2194 75.2571 704.0637 63.9754 717.973 105.7025 684.1287 116.9841
394 0.0774 2901.9672 523.0865 2922.398 509.3015 2965.3615 572.9783 2944.9306 586.7632
394 0.0739 1140.9107 1812.1055000000001 1214.8933 1801.2767 1227.1591 1885.0764 1153.1764 1895.9052000000001
394 0.0573 1106.6041 1529.5502 1176.8521 1537.9097 1170.7476000000001 1589.2076 1100.4996 1580.848
394 0.0523 948.206 454.9745 1012.9872 454.7398 1013.2872 537.5335 948.5059 537.7682
184 0.1031 2265.2127 3790.5759 2350.4306 3727.2994 2423.806 3826.118 2338.5881 3889.3946
184 0.0677 2675.8278 3202.1944 2695.2808 3201.8329 2695.5636 3217.0501 2676.1106 3217.4116
184 0.0672 3117.1041 1330.2473 3228.8785 1351.1127000000001 3202.5008 1492.4164 3090.7264 1471.551
184 0.0629 2451.9443 1896.1429 2540.6542 1895.1473999999998 2541.5352000000003 1973.6482 2452.8253 1974.6437
640 0.993 1804.3353 3067.3401 1837.8624 3037.8954 1868.4969 3072.7772 1834.9698 3102.2219
640 0.7277 1176.3409000000001 2561.6448 1205.4542999999999 2564.318 1203.6619 2583.8389 1174.5484999999999 2581.1658
640 0.6962 1260.0659 1688.0272 1332.7018 1676.8835 1343.6219 1748.0621999999998 1270.9859999999999 1759.2059
640 0.3631 1240.8835 2362.2951000000003 1326.7876 2359.694 1328.7438 2424.2983 1242.8396 2426.8994000000002
640 0.2467 1264.9203 3077.8121 1341.4387000000002 3079.3404 1340.1354000000001 3144.592 1263.617 3143.0637
640 0.1038 1357.3139 1673.3759 1437.3245 1673.7803 1436.9694 1744.0406 1356.9587999999999 1743.6362
640 0.0794 2711.7833 2554.9477 2777.8947 2578.0602 2757.4773999999998 2636.4623 2691.3659 2613.3498
640 0.0781 2689.0923 2495.0831 2765.3943 2486.4879 2772.4178 2548.8381 2696.1159 2557.4333
640 0.0765 1355.9099 1537.1745 1442.6719 1537.9395 1442.3345 1576.2014 1355.5725 1575.4363
640 0.0717 1261.6132 2892.1428 1340.3581 2890.8789 1341.6599999999999 2971.9933 1262.9151000000002 2973.2572
640 0.0708 1252.3375 1274.0327 1285.159 1277.0646000000002 1281.5754 1315.8586 1248.7539 1312.8267
640 0.0601 1333.3856 2907.6008 1408.8097 2880.515 1435.5633 2955.014 1360.1390999999999 2982.0998
640 0.0572 2770.5142 1421.6425 2802.4626 1429.6441 2793.5091 1465.3928 2761.5607 1457.3912
457 0.6627 635.604 1412.1431 705.6601 1419.7435 697.5706 1494.3084 627.5145 1486.7080999999998
457 0.4124 1903.1794 267.2364 1937.8261 258.9048 1944.7547 287.7171 1910.108 296.0487
457 0.2039 2084.898 1030.789 2163.0805 1031.9399 2162.2306 1089.6728 2084.0481 1088.5219
457 0.1212 2012.653 281.4319 2038.8917000000001 283.3763 2037.0657 308.0169 2010.8271 306.0725
457 0.1009 718.8676 1071.5799 803.1741999999999 1067.9605 805.7807 1128.6732 721.4741 1132.2926
457 0.0733 2084.2076 4067.3123 2146.5877 4045.432 2158.5995 4079.6774 2096.2194 4101.5576
457 0.0624 2091.2282 3766.3141 2175.604 3764.7068 2177.013 3838.6701000000003 2092.6372 3840.2775
418 0.9875 1433.1689999999999 1964.9395 1453.3877 1965.1145000000001 1453.2787 1977.7001 1433.06 1977.5251
418 0.9718 1467.4192 1964.3835 1486.8282 1964.9893 1486.4166 1978.1770999999999 1467.0076 1977.5714
418 0.4675 1814.4795 2890.424 1829.5858 2882.7994 1838.5199 2900.5003 1823.4135999999999 2908.1248
418 0.4273 1504.5742 1337.5074 1540.1652 1336.6372000000001 1540.9631 1369.2733 1505.3722 1370.1435000000001
418 0.1784 1508.3904 1952.8116 1537.377 1961.0679 1528.2272 1993.1915 1499.2406 1984.9351000000001
418 0.1334 2201.4826 1223.1144 2236.0041 1220.2031 2238.8064 1253.4317 2204.285 1256.3431
178 0.9907 2552.3893 2319.5827 2603.4214 2300.8918 2624.0391 2357.1848 2573.007 2375.8756
178 0.9871 2759.1763 2920.8225 2810.5868 2904.9163 2827.3541999999998 2959.1106 2775.9437 2975.0168
178 0.9845 2899.6017 3318.1540999999997 2967.2365 3300.5097 2980.5243 3351.4449 2912.8895 3369.0893
178 0.9614 2596.759 2774.3992 2646.7839 2760.0583 2662.8454 2816.0853 2612.8205 2830.4262
178 0.8885 2834.1255 2385.1843 2892.6064 2415.2501 2864.3192 2470.2713 2805.8383 2440.2055
178 0.8874 2780.568 2758.3514 2842.0464 2737.3454 2859.6857 2788.9703 2798.2073 2809.9763000000003
178 0.8534 3336.4705 1210.0365000000002 3391.3282 1238.7069000000001 3365.6606 1287.819 3310.8029 1259.1486
178 0.834 3361.7234 1185.4744 3422.6765 1169.3494 3439.3405000000002 1232.3405 3378.3874 1248.4654
178 0.4152 2749.5441 2412.8817 2805.5626 2410.2036 2808.9929 2481.9572 2752.9744 2484.6352
178 0.3916 2677.408 2433.8685 2738.1149 2447.6357 2725.6768 2502.4816 2664.9700000000003 2488.7144
178 0.1813 2971.5483 3300.5582 3036.1946 3280.7874 3051.8165 3331.8676 2987.1701000000003 3351.6384
178 0.0749 2585.1063 2722.621 2617.0912 2736.5654 2597.5691 2781.3441000000003 2565.5841 2767.3997
276 0.9927 1787.5169 817.7069 1810.7496999999998 819.5917 1809.1246 839.6241 1785.8917999999999 837.7393
276 0.9885 4037.9012000000002 883.5642 4057.2075 885.0711 4055.2003 910.7876 4035.8939 909.2807
276 0.988 1763.2732 816.0903000000001 1784.6461 819.3592 1781.6601 838.8822 1760.2873 835.6133
276 0.9861 1981.0136 1282.3665 2013.7433 1281.5410000000002 2014.6451 1317.2966000000001 1981.9155 1318.1221
276 0.9816 1823.3749 822.0758000000001 1845.4326999999998 828.348 1840.4146 845.9959 1818.3567 839.7238
276 0.9769 1803.6417999999999 780.371 1825.5272 785.1985 1821.821 802.0001 1799.9357 797.1726
276 0.9686 2209.72 1515.2253 2239.2016 1526.8781 2224.9629 1562.9022 2195.4812 1551.2493
276 0.9532 3626.0902 1925.7755 3643.4507 1932.3795 3633.4543 1958.6576 3616.0939 1952.0536
276 0.9525 1834.9596000000001 784.5346999999999 1856.4086 789.3222000000001 1853.1342 803.9922 1831.6852 799.2047
276 0.9415 2226.0306 1349.6967 2266.6201 1357.2685000000001 2258.5995000000003 1400.2631999999999 2218.0101 1392.6913
276 0.9327 2130.8671 1450.0996 2163.13 1464.4137 2150.1568 1493.6543 2117.8939 1479.3402
276 0.9127 3607.0469000000003 1916.5118 3621.5323 1926.0271 3607.3504000000003 1947.6167 3592.8651 1938.1014
276 0.9029 1994.6069 1243.8361 2017.1374 1253.7501 2008.2341999999999 1273.9835 1985.7037 1264.0695
276 0.8556 1802.3999 457.9121 1831.659 459.1804 1830.2671 491.2929 1801.008 490.0247
276 0.8125 1339.3719 232.0988 1362.1249 233.9945 1359.8478 261.3245 1337.0948 259.4287
276 0.7968 1801.8897 499.9625 1831.8507 497.1472 1835.0082 530.7498 1805.0472 533.5651
276 0.7832 2296.2128000000002 1217.746 2331.723 1228.0801999999999 2316.0425999999998 1281.9612 2280.5323 1271.6269
276 0.7596 3995.3735 884.0776 4027.8585000000003 886.2047 4025.6232 920.3432 3993.1382 918.2161
276 0.7306 2198.3602 1389.2979 2256.0759 1409.133 2235.8237 1468.0621 2178.108 1448.2269999999999
276 0.7245 2112.2742 1558.8316 2155.7475 1565.2849 2149.7164 1605.9147 2106.243 1599.4615
276 0.6271 2243.0191 1254.3233 2281.6575 1260.3248 2274.5361 1306.1729 2235.8978 1300.1714
276 0.5349 1944.1816 1511.4317999999998 1965.1023 1514.6455999999998 1963.1733 1527.2028 1942.2526 1523.989
276 0.4032 2117.5736 1527.0911 2129.2581 1526.7283 2129.4803 1533.8839 2117.7958 1534.2466
276 0.171 1947.7328 1494.9215 1967.8779 1497.219 1966.5043 1509.2635 1946.3591000000001 1506.966
276 0.1127 1781.6102 782.2139999999999 1792.475 775.394 1800.7274 788.5407 1789.8626 795.3607
276 0.1077 2650.8364 2258.27 2673.6642 2274.0459 2654.2839 2302.0894 2631.456 2286.3135
276 0.1047 2142.7293 1534.1632 2151.2173 1530.3371 2155.8995 1540.7241 2147.4115 1544.5502000000001
276 0.0752 1309.8071 232.5759 1333.3908999999999 221.9471 1346.5475000000001 251.1397 1322.9637 261.7685
276 0.0682 1860.2289 846.638 1868.6519 848.4666 1866.4642 858.5434 1858.0412999999999 856.7148
276 0.0622 3096.4848 2166.7831 3106.2152 2175.1581 3096.1857 2186.8109 3086.4552 2178.4359
276 0.0548 1820.826 785.7933 1836.6826999999998 790.3252 1833.7978 800.4192 1817.9411 795.8873
609 0.9592 1600.3217 1476.6087 1621.5363 1455.7053 1644.3977 1478.9072 1623.1831 1499.8105
609 0.9234 2273.8846 2062.8856 2297.147 2076.9898 2286.9444 2093.8171 2263.682 2079.7129
609 0.8216 1446.8101000000001 3342.4687 1480.0005 3356.2527 1467.8161 3385.5912 1434.6257 3371.8072
609 0.7526 2070.9482 1840.7529 2089.9542 1856.6680000000001 2072.2253 1877.8400000000001 2053.2194 1861.9249
609 0.6877 1957.5648 1102.4796000000001 1980.2337 1114.9106000000002 1969.5434 1134.4053 1946.8744 1121.9742999999999
609 0.4753 2601.3334 2601.7913 2624.0343 2601.5568 2624.2576 2623.1751 2601.5567 2623.4096
609 0.3351 1481.6468 1269.3935999999999 1536.0468 1299.8469 1507.7613000000001 1350.3746 1453.3612 1319.9213
609 0.2528 1657.1449 1403.9667 1678.6352000000002 1423.932 1661.3397 1442.5484999999999 1639.8494 1422.5833
609 0.1899 2629.3903 1535.549 2707.0673 1549.3529 2698.0183 1600.2729 2620.3414 1586.4691
609 0.1482 2043.1153 769.8231000000001 2069.1974 753.4571 2092.2344 790.1707 2066.1523 806.5367
609 0.1428 1901.0699 0.3329 1920.3219 16.4148 1887.0511999999999 56.2438 1867.7992 40.1619
609 0.0962 1302.3658 3524.1227 1365.0682000000002 3534.7821 1352.7912999999999 3606.999 1290.0889 3596.3396000000002
609 0.085 1927.1077 503.5176 1992.0758 526.1954 1971.6677 584.6613 1906.6996 561.9836
609 0.0824 1330.4092 1553.2898 1345.2997 1549.839 1349.5869 1568.3386 1334.6964 1571.7894000000001
609 0.0611 1336.1682 1805.473 1370.5421000000001 1808.6661 1367.5711000000001 1840.6479 1333.1972 1837.4547
609 0.0607 1391.0642 565.7836 1436.5778 553.2736 1449.7783 601.2991 1404.2647 613.8091
609 0.0583 1541.653 1208.845 1574.9399 1209.0949 1574.5038 1267.1736 1541.2169 1266.9236
609 0.0575 1917.0696 939.8375 1967.8011000000001 956.4395 1952.5454 1003.0571 1901.8138 986.455
609 0.0531 1547.7543 2690.8163 1557.1429 2698.7162 1544.3126 2713.9643 1534.924 2706.0645
609 0.0511 2958.3641 1030.7743 3034.7097 1032.5765 3033.4417 1086.2922 2957.0960999999998 1084.49
609 0.0508 1310.6476 1479.5248000000001 1392.7730999999999 1491.5225 1385.458 1541.5957 1303.3325 1529.5981000000002
337 0.9897 445.893 3611.2875 468.6898 3621.0565 461.2892 3638.3265 438.4924 3628.5575
337 0.9881 429.7203 3656.3597 448.1508 3671.082 436.3646 3685.837 417.9341 3671.1147
337 0.9713 2377.2689 2094.2185 2396.4921 2091.9319 2398.4222 2108.158 2379.1991 2110.4447
337 0.959 18.1454 3088.3383 59.612 3097.3956 49.4114 3144.0963 7.9448 3135.0389
337 0.9583 2353.8251 2093.6116 2372.0927 2094.0574 2371.7219999999998 2109.2444 2353.4545 2108.7986
337 0.9485 449.729 3715.0245999999997 471.2419 3726.9375 461.5945 3744.3594000000003 440.0815 3732.4465
337 0.9452 492.0555 3637.6638000000003 509.1222 3651.5503 498.4101 3664.7155000000002 481.3434 3650.8289999999997
337 0.9257 668.9756 3528.6936 692.7204 3532.0332 690.0306 3551.158 666.2858 3547.8184
337 0.8596 37.0014 3036.348 73.4004 3051.1883 54.2528 3098.1519 17.8538 3083.3116
337 0.8519 2610.8353 2004.8625 2627.2006 2001.4886999999999 2631.2445 2021.1041 2614.8792 2024.478
337 0.8515 2650.5178 1999.1918 2668.592 2002.6590999999999 2665.3597 2019.5084000000002 2647.2855 2016.0411
337 0.8325 1582.22 3686.3736 1599.7541999999999 3692.8074 1589.6271000000002 3720.4066000000003 1572.0929999999998 3713.9727000000003
337 0.8194 2017.3368 2597.518 2046.609 2602.5322 2039.9801 2641.2311 2010.7078999999999 2636.217
337 0.8141 2618.3401 2024.9255 2632.9852 2018.0745 2641.33 2035.9128 2626.6849 2042.7637
337 0.7994 1559.6144 3676.8104 1571.3289 3683.3403 1555.3186 3712.0629 1543.6041 3705.533
337 0.7588 2665.5722 1992.8402999999998 2684.2413 1983.9835 2696.4763000000003 2009.7735 2677.8072 2018.6302
337 0.6994 2057.1889 2601.6806 2078.3729 2600.2094 2080.1631 2625.9874 2058.9791 2627.4586
337 0.4587 491.4529 4046.2748 512.5323 4060.7923 491.2772 4091.6547 470.1978 4077.1371
337 0.419 40.1635 2992.8671 75.3425 2994.7358 72.9904 3039.0125 37.8115 3037.1437
337 0.3793 2643.6725 2019.0909000000001 2659.8675 2015.3326 2664.5124 2035.3483999999999 2648.3174 2039.1067
337 0.3458 3124.0281 2342.1147 3138.0313 2338.1185 3143.0558 2355.7249 3129.0526 2359.7210999999998
337 0.3118 117.893 2979.7971 131.712 2987.1423 121.5243 3006.309 107.7053 2998.9638
337 0.2163 2336.083 2112.7242 2352.629 2121.9511 2342.7029 2139.7507 2326.157 2130.5238
337 0.1138 111.8736 2917.4557 159.3524 2922.2653 154.6695 2968.4943 107.1907 2963.6848
240 0.9328 2475.8162 1234.6041 2497.348 1250.3354 2480.3523999999998 1273.5977 2458.8206 1257.8663000000001
240 0.0775 2826.1531 928.0779 2835.4972 926.7881 2838.1127 945.7366999999999 2828.7687 947.0264999999999
240 0.0657 2808.4683999999997 888.9802999999999 2820.7528 884.5049 2826.0992 899.1801 2813.8148 903.6555000000001
410 0.4062 3684.745 3571.3752 3743.0275 3559.5692 3756.7134 3627.1316 3698.4308 3638.9377
410 0.1869 1958.4144999999999 3157.1294 2030.1145999999999 3152.9683 2036.3121 3259.7576 1964.6118999999999 3263.9186
410 0.1718 3602.0256 4028.6767 3660.7653 4045.7228 3644.8102 4100.7029999999995 3586.0705 4083.6569
410 0.0936 2581.0191 3462.2978000000003 2652.3371 3477.5513 2634.969 3558.7562 2563.651 3543.5027
410 0.0832 2564.4361 3656.7812 2614.2478 3665.822 2600.1702 3743.3859 2550.3585 3734.3451999999997
410 0.0634 2535.6484 3837.9882 2578.9272 3859.2239 2543.3475 3931.7363 2500.0686 3910.5005
410 0.0581 2570.028 3569.3109 2628.7798 3578.6741 2618.0464 3646.024 2559.2945 3636.6609
345 0.6975 618.5119 351.2151 651.0902 361.1678 640.6086 395.4774 608.0303 385.5247
345 0.0663 2291.6375 1187.1790999999998 2305.2358 1191.8326 2299.6691 1208.0991 2286.0709 1203.4456
507 0.9078 2293.9286 1375.0193 2341.033 1372.6206 2343.0613 1412.4514 2295.9569 1414.8501
507 0.905 2212.8199 1009.4746 2236.9121999999998 1009.254 2237.0554 1024.893 2212.9631 1025.1136000000001
507 0.5662 3039.2524 2466.1223 3072.5086 2442.912 3097.7678 2479.1039 3064.5117 2502.3142
507 0.3177 2295.2921 1469.2703000000001 2346.5843 1465.5358 2349.2003 1501.4645 2297.9081 1505.1991
507 0.2847 2307.2672000000002 815.4513999999999 2352.7237999999998 814.3564 2353.5898 850.3036999999999 2308.1332 851.3987999999999
507 0.2623 3067.9426 2333.9439 3094.0528 2331.4396 3097.6198 2368.6288 3071.5096 2371.1331
507 0.2111 3058.9189 2376.2057999999997 3096.9478 2393.2502 3078.6693 2434.0323 3040.6405 2416.9880000000003
507 0.199 2250.9147000000003 908.9448 2294.6753 906.3682 2297.0875 947.3368 2253.3269 949.9134
507 0.1929 3038.2568 1773.3225 3074.8182 1775.655 3071.8677 1821.9018 3035.3064 1819.5693
507 0.1573 3069.543 2288.648 3093.4263 2285.7232 3098.1188 2324.0407999999998 3074.2355 2326.9657
507 0.1007 3140.2059 798.2098 3174.5458 787.097 3185.224 820.094 3150.884 831.2067999999999
507 0.0533 3074.6889 945.0417 3089.8632 945.1928 3089.6642 965.181 3074.4899 965.03
527 0.2198 3439.7877 2769.9572 3471.0272999999997 2743.6432999999997 3499.3174 2777.2290000000003 3468.0778 2803.5428
527 0.1675 2661.5626 1286.1345999999999 2705.376 1286.1429 2705.3686 1325.2437 2661.5552 1325.2354
527 0.1015 3455.6364 1164.1088 3496.3748 1164.5322 3495.9996 1200.6375 3455.2612 1200.2142
527 0.0515 2706.4414 1944.8521 2748.7876 1948.7735 2745.4083 1985.2658999999999 2703.0621 1981.3445
509 0.8758 2000.5535 664.0524 2014.5378 677.9403 2001.6168 690.9511 1987.6324 677.0632
509 0.8739 2028.9184 683.6599 2051.5908 683.7961 2051.4785 702.4713 2028.8061 702.335
509 0.5972 2144.7141 998.2036 2183.9746 995.5063 2185.6208 1019.4687 2146.3604 1022.1659
509 0.5956 2069.967 588.6564 2111.8333 585.3286 2114.7804 622.4051 2072.9141 625.7329
509 0.3326 2868.2804 1806.317 2912.0654 1808.8384999999998 2909.8446 1847.4032 2866.0596 1844.8817
509 0.0753 2937.9922 1885.3237 2952.0043 1894.0931 2944.4649 1906.1398 2930.4529 1897.3704
509 0.0723 2112.8839 1244.312 2162.7547 1245.3692999999998 2161.8103 1289.9158 2111.9395 1288.8585
509 0.0647 2009.3809999999999 676.5664 2019.1693 674.5353 2022.175 689.0199 2012.3867 691.051
509 0.0545 2136.9117 1084.7491 2148.301 1082.1215 2151.855 1097.527 2140.4658 1100.1545999999998
678 0.9393 1251.4497999999999 1975.4247 1288.3384 1978.3624 1286.4359 2002.2534 1249.5472 1999.3158
678 0.2568 2783.3511 3439.1842 2848.2723 3447.7911 2839.3231 3515.2942 2774.4019 3506.6873
678 0.2241 2989.2205 1994.2688 3055.1529 1977.8600000000001 3069.4813 2035.433 3003.5489 2051.8418
678 0.2175 1296.6351 1585.0167000000001 1386.4473 1591.705 1381.7357 1654.9751 1291.9234000000001 1648.2869
678 0.165 1252.1736 2291.8895 1321.3102 2323.3629 1291.7413000000001 2388.316 1222.6047 2356.8427
678 0.0862 1321.2359999999999 2305.2745999999997 1393.0304999999998 2311.3568999999998 1387.4403 2377.3419 1315.6458 2371.2596
678 0.0806 1234.6108 2124.1775 1306.8235 2131.3991 1299.3872000000001 2205.7582 1227.1745 2198.5366
17 0.9949 2729.0288 3006.4976 2776.9584 2988.9524 2796.0664 3041.1515 2748.1368 3058.6966
17 0.966 3246.9799000000003 1282.2355 3291.938 1254.2134 3325.7056000000002 1308.3896 3280.7475 1336.4117
17 0.5141 2808.59 3406.9971 2871.9183000000003 3394.1281 2882.4651 3446.0293 2819.1369 3458.8983
17 0.2105 2676.7949 2351.5231 2733.6862 2342.9467 2741.5262000000002 2394.9543 2684.635 2403.5306
17 0.0969 2611.1065 2364.6065 2669.3734 2371.7428 2661.1249 2439.091 2602.858 2431.9547000000002
17 0.0749 2475.9329 2259.9935 2520.3615 2226.9943 2558.4944 2278.3345 2514.0659 2311.3337
17 0.0639 2742.1077 3065.6287 2769.5188 3039.2468 2806.6053 3077.7803 2779.1942 3104.1621
17 0.0635 2169.8048 3465.0587 2185.9184 3462.2287 2187.4119 3470.7327999999998 2171.2983 3473.5627
17 0.0622 3516.3925 697.1878 3530.381 693.6216 3533.0698 704.1683 3519.0813 707.7345
17 0.0551 2410.0832 2263.6358 2461.3636 2243.2666 2485.7028 2304.5416 2434.4224 2324.9108
401 0.8729 2264.1325 3476.6530000000002 2331.6804 3525.0099 2288.4327 3585.4210000000003 2220.8848 3537.0642
401 0.2592 2163.9938 3846.2016 2243.1761 3841.7084999999997 2247.6278 3920.1621999999998 2168.4455 3924.6553
401 0.2464 2928.886 3196.379 3000.3129 3167.1517 3031.4948 3243.3553 2960.068 3272.5826
401 0.1894 2498.2880999999998 3353.0196 2549.8331 3350.5396 2554.1879 3441.0542 2502.6429 3443.5341
645 0.6057 1949.5884 2014.8182000000002 1972.8948 2018.9279999999999 1969.2599 2039.5419000000002 1945.9533999999999 2035.4321
645 0.2648 1446.9874 1593.1471999999999 1525.2047 1642.8854999999999 1482.1948 1710.5217 1403.9776000000002 1660.7834
645 0.2361 1973.2816 2036.4029 1993.6273 2042.1189 1988.6660000000002 2059.7780000000002 1968.3204 2054.062
645 0.2039 2193.7204 1542.9721 2268.4326 1543.1066 2268.3234 1603.7754 2193.6112 1603.6409
645 0.1973 1786.4436 1465.1534000000001 1804.6942 1474.656 1796.217 1490.9373 1777.9664 1481.4347
645 0.191 2341.476 739.7814 2399.241 744.9433 2392.9413 815.4407 2335.1763 810.2787
645 0.1305 2092.3155 1626.9867 2146.6368 1609.3208 2169.7713 1680.4581 2115.45 1698.1239
645 0.1301 2172.9219 1916.7658000000001 2192.4512 1908.8946 2199.4793 1926.3318 2179.9499 1934.203
645 0.1127 1897.3501 1409.8128 1965.8854999999999 1421.9270999999999 1952.0119 1500.4153999999999 1883.4765 1488.3011000000001
645 0.1107 1446.6321 1982.3394 1551.9801 2019.7232 1509.638 2139.0436 1404.2901000000002 2101.6599
645 0.0929 103.2543 2113.3716 192.1759 2158.5465 155.8745 2230.0018 66.9529 2184.8269
645 0.0723 2049.8017 1581.7557000000002 2075.9684 1569.5814 2095.3506 1611.2401 2069.1839 1623.4144999999999
645 0.067 2060.7588 1210.0722 2184.6549 1165.9281 2233.4645 1302.9186 2109.5684 1347.0627
645 0.0649 1543.7563 2648.5449 1552.5766 2648.0106 1553.3791 2661.2572 1544.5587 2661.7915
645 0.0643 944.5786 -1.5586 1088.4126999999999 38.3162 1055.9296 155.4868 912.0956 115.612
645 0.0643 832.062 3089.344 967.336 3105.1347 954.4572 3215.4635 819.1832 3199.6729
645 0.0581 508.8506 850.5789 617.9768 820.3492 655.2348 954.8467 546.1086 985.0765
645 0.0543 898.5236 2908.3001 1046.141 2951.3789 1009.6066000000001 3076.5708999999997 861.9891 3033.4921
196 0.9922 3505.9939 1231.2303000000002 3572.379 1212.1496 3587.7847 1265.7485000000001 3521.3996 1284.8292999999999
196 0.9564 3595.3658 1252.7498 3620.9698 1240.5515 3629.7372 1258.9539 3604.1332 1271.1523
196 0.0519 758.8288 510.835 795.4706 519.0742 792.3726 532.852 755.7308 524.6129
662 0.2942 2021.0304999999998 25.2314 2043.4989 28.012 2038.8503 65.5743 2016.3818 62.7937
662 0.2778 2980.658 440.184 3041.2285 480.7482 3003.1474 537.6109 2942.5769 497.0466
662 0.0963 2312.6877 -8.342 2442.4236 50.9845 2384.2666 178.1631 2254.5307000000003 118.8366
662 0.0798 785.8852 3404.6554 904.8679 3450.16 861.4457 3563.6978 742.463 3518.1932
662 0.0789 3060.4838 956.5095 3206.364 999.3796 3173.3526 1111.7121 3027.4724 1068.842
662 0.0768 3566.8848 1161.4704 3579.2811 1163.001 3577.3835 1178.3692 3564.9872 1176.8386
662 0.0641 2655.9472 8.9071 2817.6345 23.3939 2808.9485 120.3382 2647.2612 105.8514
467 0.0647 854.4081 1533.2418 922.4651 1566.0098 887.1159 1639.4279 819.0589 1606.6599
467 0.0593 329.4991 966.3251 403.2271 966.7173 402.958 1017.3233 329.2299 1016.9312
467 0.0581 744.1901 1535.7425 827.5521 1544.4392 822.6526 1591.4031 739.2906 1582.7065
467 0.0522 3176.9844 6.3874 3318.7798 17.1845 3310.5643 125.0755 3168.7689 114.2784
467 0.0517 526.8154 1400.7465 584.5914 1418.1249 561.4462 1495.0735 503.6702 1477.6952
685 0.1167 1079.7565 1142.2581 1216.302 1204.3004 1163.7806 1319.8917000000001 1027.2352 1257.8494
685 0.1149 2634.1105 1047.1999 2770.0651 1036.1286 2781.3396 1174.5796 2645.385 1185.6508
685 0.1077 2552.3742 531.1058 2608.018 506.4559 2635.0804 567.5455 2579.4366 592.1954000000001
685 0.0904 436.6848 3097.2587 571.5699 3086.3303 581.7211 3211.6216 446.836 3222.5501
685 0.0842 703.4768 1582.4781 825.4751 1549.721 855.6078 1661.9451 733.6095 1694.7021
685 0.0821 3086.149 283.0985 3189.4831 302.098 3161.0712 456.6238 3057.7371 437.6243
685 0.0808 2117.7214 1574.5009 2223.5955 1641.3883 2156.1411 1748.1599 2050.267 1681.2725
685 0.0752 2555.6295 2044.358 2661.3361999999997 2113.9949 2585.8687 2228.5522 2480.162 2158.9154
685 0.0676 2707.3029 503.9514 2806.2108 585.0652 2726.9221 681.7475 2628.0143 600.6337
685 0.0661 508.4352 2558.2375 647.3867 2615.0969 591.9274 2750.6264 452.976 2693.7669
685 0.0659 32.8866 2426.1096 140.8912 2455.2367 103.2885 2594.6687 -4.7161 2565.5415000000003
685 0.062 1876.7474 3060.7907 2000.3483999999999 3148.2404 1914.1665 3270.0495 1790.5656 3182.5999
282 0.6251 2208.254 2910.8043 2228.7599 2890.7338 2246.1144 2908.4647999999997 2225.6085 2928.5353
282 0.2466 1184.2135 469.0866 1201.0293 469.2865 1200.8507 484.3123 1184.0349 484.1124
282 0.144 4049.8231 3467.3993 4062.4748 3474.7048 4054.2403 3488.9653 4041.5886 3481.6599
282 0.0572 1059.3344 1320.1276 1081.5598 1332.1451 1072.1480000000001 1349.5516 1049.9225999999999 1337.5340999999999
31 0.9179 2680.0977000000003 1016.1009 2729.8732 1043.6757 2697.4064 1102.2817 2647.6309 1074.7068
31 0.9172 357.3035 2897.5002 401.0204 2889.0568 409.1756 2931.2814 365.4587 2939.7249
31 0.856 2379.0427 1377.6001 2402.9171 1357.2086 2426.6955 1385.0484999999999 2402.821 1405.4398999999999
31 0.8502 505.0957 2742.7296 534.7306 2770.1019 507.8479 2799.2066999999997 478.213 2771.8343999999997
31 0.1524 1933.9421 1771.42 1996.4142 1728.1163 2040.7589 1792.0903 1978.2867 1835.3939
31 0.0998 2333.8654 2357.3441000000003 2345.8758 2361.3779 2340.8381 2376.3771 2328.8277 2372.3433
31 0.0563 2700.3217 2406.6396 2710.2993 2406.8801 2709.9996 2419.313 2700.022 2419.0726
448 0.9834 1974.6547 2374.6440000000002 2021.6289 2368.3327 2026.8908999999999 2407.4966 1979.9166 2413.8079
448 0.8936 1342.2427 1884.2881 1371.1559 1882.7863 1372.2753 1904.3353 1343.3621 1905.8371
448 0.7497 1427.1081 1033.4793 1499.3122 1020.0878 1507.5244 1064.3663999999999 1435.3202999999999 1077.7579
448 0.5365 2875.309 3761.7097 2926.9457 3717.2579 2966.3004 3762.9736000000003 2914.6636 3807.4253
448 0.493 2885.8196 3541.6072 2944.935 3527.8534 2955.9904 3575.3708 2896.8751 3589.1246
448 0.2146 1410.3818999999999 1682.8067 1497.0384 1682.5247 1497.2391 1744.1974 1410.5826 1744.4793
448 0.1903 1516.6333 995.6339 1607.1127000000001 994.3612 1608.1219 1066.1097 1517.6425 1067.3824
448 0.1175 1531.5213 2215.0728 1587.1502 2216.3476 1585.3519000000001 2294.8201 1529.723 2293.5452999999998
448 0.0938 1428.3861000000002 2392.648 1509.0565000000001 2396.7506 1505.3999 2468.6501 1424.7296000000001 2464.5475
448 0.0866 1525.771 844.6033 1602.5649 835.3805 1609.0627 889.4847 1532.2688 898.7075
448 0.0558 1516.4638 2244.4119 1540.1315 2245.7518 1538.5566 2273.5678 1514.8890000000001 2272.2278
681 0.8952 1177.7429 1756.2842 1214.0861 1756.7368999999999 1213.7286 1785.4321 1177.3854999999999 1784.9794
681 0.7299 1256.1823 1738.6093 1332.501 1743.0618 1328.2487 1815.9505 1251.9299 1811.4981
681 0.34 1327.8573999999999 2590.3873 1412.0229 2592.727 1410.2276000000002 2657.3104 1326.0621 2654.9708
681 0.0689 2809.7880999999998 1963.2328 2839.9307 1945.9638 2858.9269 1979.1213 2828.7844 1996.3903
681 0.0614 2906.1533 1953.3802 2919.2443 1950.0942 2923.4628000000002 1966.9002 2910.3718 1970.1862
676 0.0727 3159.6805 1773.2571 3193.9087 1781.0738000000001 3186.7111 1812.5912 3152.4829 1804.7745
676 0.072 3037.0081 1712.0671 3063.9804 1693.8558 3079.1179 1716.2755 3052.1455 1734.4868
419 0.9762 1377.2156 4047.6597 1395.9923 4047.4533 1396.1309999999999 4060.0666 1377.3543 4060.273
419 0.9056 1344.055 4047.1166 1362.7626 4047.1761 1362.7263 4058.5622 1344.0187 4058.5027
419 0.5188 1417.048 3420.5164 1453.622 3419.4296 1454.6406 3453.7067 1418.0666 3454.7934999999998
419 0.1641 2123.9965 3297.182 2154.2186 3309.194 2141.3613 3341.5429 2111.1392 3329.5308
419 0.0792 1411.3759 4042.3128 1440.6196 4039.8505999999998 1443.0121 4068.2661 1413.7684 4070.7282999999998
419 0.0676 3062.77 2556.9279 3068.4263 2553.2627 3073.1862 2560.6082 3067.5298000000003 2564.2734
204 0.0751 600.9648 1916.8351 739.4449 1941.6144 718.1576 2060.5797000000002 579.6776 2035.8004
583 0.0805 1527.452 2214.8721 1567.209 2202.1232 1582.5285 2249.8965 1542.7715 2262.6454
583 0.068 1993.6968 1530.5955 2055.4788 1576.7329 2005.4261000000001 1643.7575 1943.6443 1597.6201
583 0.0592 1757.1226 2051.9916 1833.5603 2065.708 1822.7398 2126.0077 1746.3020999999999 2112.2913
655 0.3196 1229.5654 552.5997 1290.296 508.2391 1334.1582 568.2873 1273.4277 612.6479
655 0.2752 521.5817 2880.6094000000003 579.4562 2883.1684999999998 576.1659 2957.5795 518.2915 2955.0204
655 0.1463 390.6768 2469.9013999999997 477.6882 2389.0375 562.8891 2480.7155000000002 475.8777 2561.5795
655 0.1186 670.7718 1691.9499 734.657 1664.7608 761.085 1726.8578 697.1998 1754.0469
655 0.1136 756.1569 1553.5695 891.0418 1568.0355 878.1101 1688.6136999999999 743.2252 1674.1477
655 0.1055 563.2924 1720.4003 585.3075 1713.8467 590.8939 1732.6125 568.8788 1739.1661
655 0.1043 218.9083 3094.3134 361.6737 3094.5595 361.447 3226.0981 218.6816 3225.852
655 0.0913 396.6159 3164.6761 456.6891 3205.6768 410.2924 3273.6562 350.2191 3232.6555
655 0.0861 966.9378 1790.5999000000002 1015.9806 1779.7148 1031.3308 1848.8749 982.2881 1859.7601
655 0.0802 563.179 2090.4099 651.4009 2021.4808 729.4371 2121.3586999999998 641.2152 2190.2879
655 0.0721 1078.4871 925.7013999999999 1189.6406 988.8799 1131.0844 1091.9011 1019.9309 1028.7226
655 0.0657 882.3998 1862.8052 954.0795 1863.9009 953.0437 1931.6628 881.364 1930.5671
655 0.0644 500.6912 2705.4812 594.621 2691.5904 613.9047 2821.9874 519.9748 2835.8781
655 0.0635 588.2832 1052.4939 725.7538 1104.2543 679.6579 1226.6806 542.1873 1174.9201
655 0.0621 594.1447000000001 100.4182 737.3967 119.7559 718.9685 256.2703 575.7165 236.9326
655 0.0607 170.9837 2922.3749 325.7404 2922.1357 325.9438 3053.7893 171.1871 3054.0284
364 0.971 1358.513 2863.9065 1398.2105999999999 2891.5124 1372.791 2928.0659 1333.0935 2900.4601000000002
364 0.3759 1267.7386000000001 1908.9005 1421.7512000000002 1875.4147 1453.7629 2022.6480000000001 1299.7504 2056.1337000000003
364 0.0964 1511.0322 2589.0432 1623.3385 2552.978 1665.0932 2683.0014 1552.787 2719.0666
364 0.0562 1287.5641 2065.2875 1465.238 2045.1562 1480.6395 2181.0863 1302.9656 2201.2177
491 0.1943 2593.8348 1239.1702 2607.3434 1242.4329 2602.8948 1260.8519999999999 2589.3862 1257.5893999999998
491 0.1871 3444.8806 1616.0275000000001 3459.2934999999998 1615.0457000000001 3460.0447 1626.0726 3445.6318 1627.0544
390 0.9779 165.3422 1415.1129 192.9674 1400.612 203.1242 1419.9613 175.4989 1434.4623000000001
390 0.9365 79.5 1389.3691 151.4988 1369.5436 167.7224 1428.4615 95.7236 1448.2871
390 0.6651 104.7495 1575.4472 124.4011 1581.5663 115.7974 1609.1970999999999 96.1458 1603.0779
683 0.0835 52.5289 1697.621 187.7672 1744.2595999999999 144.9237 1868.4932 9.6854 1821.8545
683 0.0664 746.889 538.8832 893.6151 535.4319 897.0383 680.9662 750.3122 684.4174
683 0.0526 263.894 2114.4256 285.2025 2108.8842 289.8548 2126.7736999999997 268.5463 2132.3152
37 0.091 612.6629 2353.3936 644.9366 2341.3677 656.1996 2371.5945 623.926 2383.6203
37 0.0766 557.0477 2642.2686 581.1269 2619.5038 608.6861 2648.6544 584.6069 2671.4191
666 0.8102 2942.791 596.2597 2981.2452 587.7676 2988.1047 618.8289 2949.6505 627.321
666 0.1713 1758.9368 2965.3904 1835.5381 2970.4891 1831.1570000000002 3036.3096 1754.5557 3031.2108
666 0.0719 3199.9059 3648.716 3280.2895 3659.0421 3270.397 3736.0505000000003 3190.0134 3725.7244
666 0.0628 3131.2066999999997 1350.2588 3205.5052 1353.9645 3202.3073 1418.0810000000001 3128.0089 1414.3753
666 0.062 1966.3400000000001 3188.8662 1980.2089 3191.0583 1977.6226000000001 3207.4218 1963.7537 3205.2297
666 0.0594 3104.7073 2562.2475 3169.6922 2558.6687 3172.6728 2612.7925 3107.6879 2616.3712
511 0.1904 2823.0101 804.0724 2869.2110000000002 806.5464 2867.6462 835.7688 2821.4454 833.2949
511 0.0875 3358.4109 2032.8351 3366.9606 2032.9549 3366.8072 2043.9022 3358.2575 2043.7824
511 0.0864 3672.1553 1774.6108 3704.7924000000003 1762.2402 3717.5289000000002 1795.8424 3684.8918 1808.213
511 0.0605 3684.1578 1608.4560000000001 3724.7783 1609.9542000000001 3723.5191999999997 1644.0906 3682.8986999999997 1642.5925
87 0.9674 46.3112 3468.4579 62.8035 3467.1166 64.8135 3491.8311 48.3212 3493.1724
87 0.9627 247.4033 2329.9524 284.5046 2355.5863 258.5753 2393.1153 221.4739 2367.4815
87 0.899 380.5237 2198.2966 414.405 2230.9298 383.8144 2262.6905 349.933 2230.0573
87 0.1986 2270.6091 789.6395 2317.7543 752.447 2357.5726 802.9208 2310.4273 840.1132
87 0.0945 1612.2834 1420.0497 1673.8572 1374.7078999999999 1720.2871 1437.7591 1658.7133 1483.101
87 0.0863 1738.0819999999999 1293.8483 1806.019 1241.8096 1854.7026 1305.3665 1786.7655 1357.4052000000001
87 0.0663 1911.9504 1191.9576 1934.074 1194.8953999999999 1929.9464 1225.9793 1907.8228 1223.0415
87 0.0543 1624.4998 1107.4452999999999 1698.8416 1149.3875 1656.5004 1224.4362999999998 1582.1587 1182.4941
360 0.1309 1258.2627 2068.5536 1310.7264 2084.6063 1285.7789 2166.14 1233.3152 2150.0873
360 0.1081 1032.2554 2331.3311 1080.2795 2332.9604 1077.5878 2412.2982 1029.5636 2410.6688
360 0.0822 1105.0728 2038.6345000000001 1121.0735 2039.6158 1120.3065000000001 2052.1223 1104.3058 2051.141
18 0.9949 681.0287 958.4975999999999 728.9584 940.9525 748.0663 993.1515999999999 700.1367 1010.6967
18 0.6234 1415.0612 2225.0714 1436.4817 2218.6353 1441.6010999999999 2235.6738 1420.1807 2242.1099
18 0.5141 760.59 1358.9971 823.9183 1346.1281 834.4651 1398.0293000000001 771.1369 1410.8982999999998
18 0.2105 628.7949 303.5231 685.6862 294.9467 693.5262 346.9543 636.635 355.5306
18 0.0969 563.1065 316.6065 621.3734 323.7428 613.1249 391.091 554.858 383.9547
18 0.0639 694.1076 1017.6285 721.5189 991.2468 758.6052999999999 1029.7804 731.194 1056.1622
18 0.0635 121.8039 1417.0588 137.9187 1414.2285000000002 139.4123 1422.7323999999999 123.2975 1425.5627
100 0.147 127.8694 2319.1693999999998 157.5549 2295.1385 178.0179 2320.4166999999998 148.3324 2344.4475
100 0.1368 1989.6741 1087.6503 2022.3464 1071.7269000000001 2035.4484 1098.6102 2002.7761 1114.5336
100 0.0655 2072.9895 1015.6133 2085.0992 1015.5024 2085.1935 1025.7939 2073.0837 1025.9048
100 0.0654 170.2497 2381.0253000000002 199.5121 2360.5378 219.0058 2388.3807 189.7434 2408.8682
245 0.0982 2224.7608 2312.5788000000002 2236.8364 2324.2181 2223.7954 2337.7481 2211.7197 2326.1088
245 0.0563 2239.3773 2450.5072 2256.265 2446.4905 2261.839 2469.9254 2244.9513 2473.942
245 0.053 2547.4165000000003 2106.6109 2555.3442999999997 2105.6046 2556.5407999999998 2115.0312 2548.6130000000003 2116.0375
399 0.9947 2378.7384 1099.3609999999999 2446.8416 1084.4153000000001 2459.0149 1139.8862 2390.9117 1154.8318
399 0.9384 2460.3508 1124.3355999999999 2487.804 1109.5388 2498.0505000000003 1128.5496 2470.5972 1143.3464
304 0.6212 3343.6812 2100.36 3352.9155 2097.3371 3356.9652 2109.7083 3347.7308000000003 2112.7312
304 0.5625 2841.6157 3358.0809 2855.7777 3370.318 2841.0167 3387.401 2826.8546 3375.1639
304 0.4132 2855.4135 3324.7177 2868.9051 3334.2916999999998 2859.9241 3346.9474 2846.4326 3337.3734
304 0.2369 3029.7237999999998 3218.9503999999997 3055.3845 3233.0091 3037.2927 3266.0314 3011.632 3251.9727000000003
304 0.1474 2839.1905 3351.5087 2849.3097 3348.087 2853.444 3360.3135 2843.3249 3363.7353000000003
304 0.1365 2850.7655999999997 3338.3181 2860.6226 3348.0116 2852.497 3356.2742 2842.64 3346.5806000000002
304 0.1115 4023.8728 3462.8992 4049.1819 3459.9499 4051.494 3479.7905 4026.1849 3482.7398
304 0.0524 1658.0724 3996.828 1680.6273 3994.9434 1682.1873 4013.6128 1659.6323 4015.4974
74 0.1456 2557.0824000000002 3314.8845 2570.4521 3302.9024 2584.3478 3318.4072 2570.9781000000003 3330.3893
74 0.1385 1537.7067 3738.1238 1560.4784 3733.9127 1567.3097 3770.8536 1544.5381 3775.0647
74 0.0542 1791.9449 3563.7864 1824.1069 3540.0165 1850.6462000000001 3575.9256 1818.4841999999999 3599.6955
290 0.1159 520.079 3070.3209 547.7173 3083.8901 537.104 3105.5075 509.4658 3091.9383
290 0.0646 1442.4024 3267.0314 1471.8254 3276.1047 1463.0004 3304.7227000000003 1433.5774000000001 3295.6494000000002
480 0.0819 2551.9043 1885.5241999999998 2558.1729 1887.5237 2555.7633 1895.0777 2549.4948 1893.0782
408 0.9907 504.3893 271.5827 555.4214 252.8919 576.0391 309.1848 525.007 327.8757
408 0.9871 711.1763 872.8224 762.5869 856.9163 779.3542 911.1107 727.9437 927.0168
408 0.9845 851.6016999999999 1270.1541 919.2365 1252.5097 932.5243 1303.4449 864.8895 1321.0893
408 0.9614 548.759 726.3992000000001 598.7839 712.0583 614.8454 768.0853 564.8205 782.4262
408 0.8885 786.1255 337.1843 844.6064 367.2501 816.3192 422.2713 757.8383 392.2055
408 0.8874 732.568 710.3514 794.0464 689.3454 811.6857 740.9703 750.2073 761.9763
408 0.4152 701.5441 364.8817 757.5626 362.2036 760.9929 433.9572 704.9744000000001 436.6352
408 0.3916 629.408 385.8685 690.1149 399.6357 677.6768 454.4816 616.97 440.7144
408 0.1813 923.5537 1252.5655 988.1954 1232.785 1003.8242 1283.8593 939.1826 1303.6398
408 0.0749 537.1063 674.621 569.0912 688.5654 549.5691 733.3441 517.5841 719.3997
248 0.2272 1676.6956 2105.3104 1693.7004 2096.5484 1701.2208 2111.1436 1684.216 2119.9056
248 0.1844 2454.7021999999997 2293.9291 2466.9547000000002 2281.7144 2476.9887 2291.7793 2464.7362000000003 2303.9941
248 0.0597 1550.8117 2616.3242 1561.8718 2612.9285 1567.4133 2630.9778 1556.3532 2634.3735
248 0.0543 2487.3223 2226.4615 2505.6197 2228.6799 2504.0886 2241.3085 2485.7912 2239.0902
376 0.1524 2442.853 2799.8958000000002 2478.2345 2807.2517 2470.166 2846.0605 2434.7844999999998 2838.7047000000002
692 0.1808 729.2174 2260.9082 769.5584 2277.1507 759.8555 2301.2496 719.5144 2285.0071
654 0.2101 1968.4161 955.863 1981.8796 948.5223 1987.9693 959.6916 1974.5057000000002 967.0322
654 0.0895 1666.224 375.5726 1750.0129 372.1992 1752.7315 439.7245 1668.9426 443.0979
654 0.0814 3124.8327 2063.2681000000002 3185.8142 2019.9314 3233.1948 2086.6032999999998 3172.2133 2129.94
654 0.0659 1685.2585 722.3081 1767.4435 722.7649 1767.0064 801.4105999999999 1684.8214 800.9539
654 0.0528 1765.8643 366.5129 1853.9178000000002 377.1768 1845.7231000000002 444.8414 1757.6696 434.1775
444 0.9811 911.6295 263.7383 943.8857 262.1377 945.1502 287.6213 912.894 289.2219
444 0.8917 876.8134 260.3251 910.7158 265.8505 907.1851 287.5137 873.2827 281.9883
444 0.0622 2448.3919 2046.9622 2508.0316000000003 2063.4258 2499.0614 2095.9208 2439.4217 2079.4572
46 0.2188 1353.0743 349.4686 1393.3542 325.7066 1436.3465999999999 398.585 1396.0666999999999 422.347
46 0.1735 1219.2885999999999 208.6138 1255.8863000000001 185.838 1293.835 246.8167 1257.2372 269.5924
46 0.1031 1576.23 295.8868 1609.48 273.6341 1659.0017 347.6295 1625.7517 369.8821
128 0.064 2565.5659 1126.3815 2596.5703 1104.5475 2625.5825 1145.745 2594.5781 1167.579
576 0.1461 270.95 2036.2581 280.6436 2028.2067 289.2827 2038.608 279.5891 2046.6594
576 0.1296 387.9393 1090.6954 402.8685 1093.5167999999999 400.2291 1107.4829 385.3 1104.6615000000002
576 0.1036 801.1623 520.8521 876.7987 522.7591 875.1320000000001 588.8621 799.4956999999999 586.9551
576 0.0962 1047.5965999999999 586.5803 1059.2884 586.3718 1059.533 600.0849000000001 1047.8411 600.2934
576 0.0825 514.2388 738.2914000000001 532.231 738.4888 531.9581000000001 763.3684000000001 513.9658 763.171
576 0.0725 539.1958 530.0204 610.7855 581.6571 571.6844 635.8672 500.0948 584.2305
576 0.0696 1120.4016000000001 813.3039 1148.0031 826.8881 1130.2682 862.9234 1102.6667 849.3392
576 0.0649 406.2152 2459.8992 437.0773 2432.5013 460.9263 2459.3658 430.0642 2486.7637
10 0.2752 2950.6331 2074.733 2989.1838 2040.449 3046.599 2105.0096 3008.0482 2139.2936
10 0.1244 2727.395 2132.4094 2768.4795 2103.3354 2817.1168 2172.0651 2776.0323 2201.139
10 0.116 932.3885 3128.3755 1010.5203 3112.6833 1027.2279 3195.8707 949.0961 3211.5629
10 0.1047 1028.7059 3518.1187 1075.9732 3511.6998 1087.7378 3598.3322 1040.4705 3604.751
10 0.1016 512.5874 3926.8471 532.4133 3930.527 527.9337 3954.6616 508.1078 3950.9817000000003
10 0.0794 3357.7463 2858.8386 3379.5338 2857.3298 3380.7834000000003 2875.3754 3358.996 2876.8842
10 0.0722 1033.4074 3435.4636 1067.6866 3439.4831 1062.5888 3482.9582 1028.3096 3478.9387
10 0.0705 950.5251 3221.9847 1013.5716 3215.1324 1022.0107 3292.7777 958.9643 3299.6301
598 0.0896 1899.9625 3796.4013999999997 1914.56 3796.5004 1914.4308 3815.5513 1899.8334 3815.4523
382 0.9385 2905.7754999999997 2589.1356 2928.5362 2577.3669 2940.627 2600.7504 2917.8663 2612.5191
382 0.5403 3027.5211 2820.3940000000002 3075.0312 2829.3361 3062.8527 2894.0416 3015.3426 2885.0994
382 0.3838 3182.7738 2927.8566 3245.3376 2936.927 3236.1608 3000.2253 3173.5969999999998 2991.1549
382 0.1997 3216.8961 2788.7381 3275.9588 2788.94 3275.7253 2857.288 3216.6625 2857.0862
382 0.1991 1772.0963000000002 2605.454 1830.7433 2617.7109 1812.8109 2703.5145 1754.1638 2691.2575
382 0.1829 2992.6059999999998 2973.9556000000002 3060.744 2973.8787 3060.8118 3034.0314 2992.6738 3034.1082
382 0.1678 2977.869 3068.4685 3028.3173 3084.9576 3021.3096 3106.3975 2970.8614 3089.9084
382 0.1524 1953.6494 2559.6544 2014.3156 2566.1633 2006.6601 2637.5161 1945.9939 2631.0072
382 0.1287 1929.3528999999999 2730.3102 1981.6392 2742.0293 1963.1763 2824.4040999999997 1910.8899999999999 2812.6851
382 0.1169 1993.9637 2350.1515 2046.6702 2355.053 2038.2086 2446.0424000000003 1985.502 2441.1408
382 0.0937 3783.4984 3210.1381 3820.0295 3226.3792 3799.3555 3272.8817 3762.8243 3256.6405999999997
382 0.0865 1949.1721 2635.6074 2001.4063999999998 2653.1192 1974.8572 2732.3102 1922.6228999999998 2714.7984
382 0.0734 2661.6047 2961.1212 2672.1697 2966.0769 2666.0132 2979.2018 2655.4482 2974.246
382 0.0718 2191.0206 2947.1871 2217.0793 2955.3318 2207.3611 2986.4245 2181.3024 2978.2797
649 0.0571 2056.3652 2717.0751 2082.591 2725.8856 2069.693 2764.2788 2043.4671 2755.4683
649 0.0557 2058.6249 2567.4412 2085.8105 2562.7209 2089.8698 2586.1 2062.6843 2590.8203
620 0.1183 3116.6775 3398.5875 3135.5028 3408.1434 3122.2057 3434.3391 3103.3803 3424.7832
30 0.0805 2391.0964 3330.826 2420.6625 3310.5316000000003 2438.1393 3335.9928 2408.5732 3356.2871999999998
30 0.0802 2276.105 3359.3352 2302.1003 3334.1710000000003 2324.495 3357.3053 2298.4997 3382.4695
30 0.0749 2299.2835999999998 3392.0874 2328.7966 3370.1627 2346.6149 3394.1481 2317.102 3416.0728
30 0.0724 2236.9593 3488.925 2265.8577 3468.3416 2284.4781 3494.4838 2255.5797000000002 3515.0673
30 0.0703 2420.2554 3362.4114 2448.1064 3346.3924 2463.2783 3372.7707 2435.4273 3388.7896
30 0.0685 2344.6152 3432.6443 2364.0845 3421.9028 2368.7999 3430.4496 2349.3306000000002 3441.1911
30 0.0586 2217.2544 3437.0443 2252.3677 3435.9471 2253.5104 3472.5196 2218.3971 3473.6167
639 0.0998 1595.6836 1034.7182 1633.9113 1025.9645 1639.5941 1050.7816 1601.3663999999999 1059.5352
118 0.9462 667.6483 317.2319 701.2051 327.0882 690.6486 363.029 657.0917 353.1726
118 0.9406 711.4016 321.6608 744.3397 321.9058 744.0926 355.12 711.1545 354.8749
