344__1__3072___2560 0.9828 619.5981 69.1699 682.3226 42.1541 707.2125 99.9429 644.4880 126.9586
344__1__0___512 0.9814 756.2871 934.2049 816.9711 963.5887 790.6644 1017.9178 729.9804 988.5339
344__1__0___512 0.9661 546.3162 859.2000 609.9698 888.5167 582.8735 947.3495 519.2198 918.0328
344__1__0___512 0.8193 555.8054 651.7023 620.3275 668.7826 602.4239 736.4148 537.9018 719.3345
344__1__0___512 0.1769 870.4534 978.6323 909.9636 1006.6318 886.4298 1039.8405 846.9196 1011.8409
342__1__512___512 0.9851 246.4987 933.2880 305.7762 964.5013 277.3704 1018.4472 218.0928 987.2339
342__1__512___512 0.9526 35.0170 861.8799 98.5380 889.9804 73.3557 946.9051 9.8346 918.8046
342__1__512___512 0.9054 53.4110 647.9296 112.7037 676.1198 82.2402 740.1938 22.9475 712.0037
342__1__512___512 0.1470 359.8681 978.9044 398.0201 1008.2996 372.6576 1041.2174 334.5056 1011.8223
94__1__512___0 0.0567 971.3579 597.6447 1031.9874 652.8472 984.5387 704.9607 923.9091 649.7582
344__1__512___512 0.9814 244.2871 934.2049 304.9712 963.5887 278.6645 1017.9178 217.9804 988.5339
344__1__512___512 0.9504 36.0066 859.6031 98.6975 889.4515 71.1150 947.3834 8.4241 917.5351
344__1__512___512 0.8501 52.6996 648.4880 111.8263 675.9517 82.6731 738.7159 23.5464 711.2523
344__1__512___512 0.1769 358.4703 978.6298 397.9632 1006.6526 374.4099 1039.8466 334.9170 1011.8237
231__1__1024___1024 0.2144 444.3084 424.3078 493.3264 395.5807 519.3430 439.9737 470.3250 468.7008
392__1__1536___0 0.0740 629.7155 880.4952 665.9739 867.4041 680.2382 906.9117 643.9797 920.0028
461__1__1536___3072 0.0598 622.2601 791.0376 662.7028 765.2081 693.1470 812.8765 652.7043 838.7059
344__1__1024___1024 0.9660 274.0765 817.2208 341.9626 848.2881 314.9686 907.2734 247.0826 876.2062
344__1__1024___1024 0.9548 39.8585 539.5791 104.8172 565.5278 82.2169 622.1042 17.2582 596.1556
344__1__1024___1024 0.8691 378.4061 857.5389 433.9624 891.0429 403.2055 942.0441 347.6492 908.5401
344__1__1024___1024 0.7457 72.3155 744.3660 134.0862 772.6451 108.5685 828.3842 46.7977 800.1050
344__1__1024___1024 0.5067 146.8499 819.7542 195.8880 779.8552 237.0599 830.4580 188.0218 870.3569
94__1__1024___0 0.0607 851.1354 -1.4822 924.4780 7.0021 915.5911 83.8246 842.2486 75.3403
94__1__1024___0 0.0600 413.3463 646.7028 470.7817 593.3077 528.8309 655.7494 471.3956 709.1445
231__1__512___1024 0.1250 954.6620 426.6959 999.4148 397.4202 1024.4446 435.6824 979.6919 464.9581
345__1__512___0 0.8641 602.6760 874.3942 664.0735 893.8560 641.4133 965.3436 580.0158 945.8818
300__1__512___1536 0.2872 527.3997 142.2825 550.9135 149.9156 541.2131 179.7983 517.6993 172.1653
342__1__0___1024 0.9835 757.5158 421.5603 818.3464 451.3818 790.9001 507.3674 730.0695 477.5459
342__1__0___1024 0.9769 860.2531 463.1221 923.7993 494.8674 896.1544 550.2056 832.6082 518.4603
342__1__0___1024 0.9653 547.6911 348.1415 610.2869 376.7854 583.7193 434.8439 521.1235 406.2000
342__1__0___1024 0.9497 673.8351 591.6324 742.9570 626.9713 712.7210 686.1121 643.5992 650.7733
342__1__0___1024 0.9082 871.6942 676.8991 944.8627 685.3055 937.3166 750.9858 864.1481 742.5794
342__1__0___1024 0.8962 556.6094 138.6727 621.2330 157.0059 601.7524 225.6738 537.1288 207.3406
342__1__0___1024 0.7315 570.8792 564.5883 631.6401 580.6987 614.1118 646.8066 553.3509 630.6962
342__1__0___1024 0.4869 763.5759 643.9512 837.3721 646.5239 835.2618 707.0573 761.4656 704.4846
342__1__0___1024 0.3633 979.4730 723.6299 1015.8839 724.3367 1014.7073 784.9414 978.2964 784.2346
342__1__1024___1024 0.9658 278.8222 814.9183 344.7980 852.2137 312.6551 909.0748 246.6793 871.7794
342__1__1024___1024 0.9652 40.1185 538.8194 105.8244 566.8839 81.8104 623.1068 16.1044 595.0422
342__1__1024___1024 0.8911 368.2303 862.8388 432.0744 881.9141 415.9873 935.7569 352.1432 916.6816
342__1__1024___1024 0.6987 70.8389 746.0204 133.1276 772.5821 109.5275 827.9257 47.2389 801.3641
342__1__1024___1024 0.4621 189.1054 779.9481 237.7170 825.2108 194.5546 871.5667 145.9431 826.3040
231__1__1536___3072 0.0627 733.8544 974.6596 767.2902 961.6995 783.0031 1002.2374 749.5672 1015.1974
337__1__0___2560 0.1028 117.0415 351.3658 160.6779 358.8633 151.8002 410.5319 108.1639 403.0344
345__1__1024___0 0.8620 91.0062 874.3322 152.1559 893.9966 129.1640 965.4942 68.0142 945.8298
128__1__3072___512 0.0529 151.1649 137.9615 183.9295 114.5569 210.6274 151.9319 177.8628 175.3365
344__1__512___1024 0.9791 244.4242 421.9667 305.9844 451.1433 279.5675 506.8808 218.0073 477.7042
344__1__512___1024 0.9783 348.9559 462.4232 411.0733 494.0372 383.7004 547.8212 321.5830 516.2072
344__1__512___1024 0.9660 786.0766 817.2208 853.9626 848.2881 826.9686 907.2734 759.0826 876.2062
344__1__512___1024 0.9552 552.5416 539.2225 617.0139 566.0259 593.5504 622.4643 529.0782 595.6609
344__1__512___1024 0.9505 36.1450 347.5711 98.7642 377.5178 71.0693 435.4283 8.4501 405.4817
344__1__512___1024 0.9481 162.6779 592.5949 229.0246 626.9744 198.8989 685.1122 132.5521 650.7328
344__1__512___1024 0.9209 476.6682 707.3030 538.7884 731.9495 515.7038 790.1329 453.5836 765.4865
344__1__512___1024 0.8698 890.3945 857.5391 945.9557 891.0342 915.2096 942.0355 859.6484 908.5403
344__1__512___1024 0.8668 367.9784 673.3452 433.9180 694.7781 414.1941 755.4594 348.2545 734.0264
344__1__512___1024 0.8499 52.7053 136.4893 111.8269 163.9581 82.6675 226.7185 23.5459 199.2497
344__1__512___1024 0.7753 251.6126 644.1725 319.1302 647.3359 316.3718 706.2111 248.8541 703.0477
344__1__512___1024 0.7325 585.0865 744.0890 646.3716 773.2928 619.9614 828.7155 558.6763 799.5116
344__1__512___1024 0.6522 41.7035 577.7625 102.1826 564.3317 117.2116 632.0073 56.7324 645.4381
344__1__512___1024 0.5066 658.8541 819.7488 707.9033 779.8538 749.0610 830.4554 700.0118 870.3505
239__1__1024___512 0.0759 154.1095 460.6975 179.9150 468.8626 169.6610 501.2699 143.8555 493.1048
576__1__0___0 0.1929 537.6559 583.3416 578.3372 577.7537 584.6490 623.7049 543.9678 629.2928
342__1__3072___2560 0.9812 620.2362 68.5882 683.2343 42.6913 707.0771 100.6926 644.0790 126.5895
300__1__1024___1024 0.3224 14.5916 655.1702 39.1002 662.2894 30.6498 691.3807 6.1412 684.2615
94__1__0___1024 0.0633 766.4954 320.2255 853.8383 323.8252 850.2244 411.5131 762.8814 407.9134
94__1__0___1024 0.0585 518.7509 128.2964 601.3080 155.5771 573.0553 241.0763 490.4981 213.7956
30__1__2560___2560 0.0503 565.9924 410.8737 596.5315 385.1730 620.7146 413.9088 590.1755 439.6094
344__1__1024___1536 0.9660 274.0741 305.2218 341.9619 336.2866 314.9708 395.2717 247.0831 364.2069
344__1__1024___1536 0.9357 39.5245 27.8733 104.5046 55.3526 80.8482 111.2926 15.8681 83.8133
344__1__1024___1536 0.8692 378.4077 345.5380 433.9637 379.0430 403.2049 430.0453 347.6490 396.5403
344__1__1024___1536 0.7457 72.3155 232.3659 134.0862 260.6451 108.5685 316.3841 46.7977 288.1049
344__1__1024___1536 0.5067 146.8498 307.7542 195.8879 267.8553 237.0599 318.4580 188.0219 358.3570
304__1__2560___2048 0.1073 939.2228 725.4491 1002.2183 698.4253 1023.8449 748.8392 960.8495 775.8630
74__1__1024___3072 0.0663 809.1259 554.1734 844.2883 531.5840 867.7133 568.0472 832.5510 590.6365
231__1__1536___1536 0.0588 4.7623 213.4155 35.6322 210.5026 38.8612 244.7221 7.9914 247.6351
290__1__1024___2560 0.1589 419.9600 704.2622 448.8627 719.3433 435.2967 745.3424 406.3940 730.2614
290__1__1024___2560 0.0791 433.2194 554.2387 458.9195 565.9172 449.3111 587.0618 423.6110 575.3834
290__1__1024___2560 0.0661 430.4055 609.9321 452.6460 618.0771 445.7042 637.0320 423.4636 628.8870
339__1__1536___512 0.0616 16.1793 935.4756 42.1562 944.1372 31.5590 975.9193 5.5821 967.2577
94__1__512___1024 0.0814 11.5890 138.6821 83.1164 144.5429 76.2734 228.0562 4.7461 222.1953
94__1__512___1024 0.0632 254.5202 320.1998 341.8649 323.8510 338.1995 411.5368 250.8547 407.8856
94__1__512___1024 0.0535 -4.2418 387.6957 58.5707 357.1203 92.6712 427.1745 29.8587 457.7499
477__1__512___512 0.0606 920.3892 447.1998 991.0392 462.2369 974.2070 541.3215 903.5569 526.2844
87__1__2048___512 0.0739 360.5644 130.6685 407.6033 95.6388 444.6159 145.3405 397.5770 180.3701
344__1__3072___1536 0.8888 649.8154 954.9733 702.5439 923.9276 739.0587 985.9447 686.3301 1016.9904
477__1__0___512 0.0534 983.5278 513.8300 1027.1387 522.8091 1009.1666 610.0974 965.5557 601.1182
686__1__2560___2560 0.0979 107.5235 5.1756 210.8017 5.1344 210.8287 72.8566 107.5505 72.8978
686__1__2560___2560 0.0919 231.0810 59.4562 330.6118 -1.7176 398.3937 108.5647 298.8629 169.7385
231__1__1024___0 0.0796 323.3151 963.1437 367.7034 989.9244 344.5764 1028.2567 300.1881 1001.4761
344__1__0___1024 0.9791 756.4243 421.9667 817.9844 451.1433 791.5674 506.8808 730.0073 477.7042
344__1__0___1024 0.9782 860.9474 462.4258 923.0663 494.0295 895.7012 547.8169 833.5824 516.2131
344__1__0___1024 0.9663 546.3098 347.1962 609.9927 376.5031 582.9109 435.3510 519.2280 406.0440
344__1__0___1024 0.9481 674.6790 592.5949 741.0248 626.9752 710.8983 685.1125 644.5524 650.7322
344__1__0___1024 0.8674 879.9938 673.3461 945.9242 694.8020 926.1831 755.4631 860.2527 734.0072
344__1__0___1024 0.8192 555.8056 139.7042 620.3266 156.7844 602.4233 224.4151 537.9023 207.3349
344__1__0___1024 0.7753 763.6125 644.1725 831.1302 647.3359 828.3718 706.2111 760.8541 703.0478
344__1__0___1024 0.6656 565.1804 568.5746 626.5949 575.6367 618.9002 642.5526 557.4857 635.4905
344__1__0___1024 0.4532 977.7377 722.8049 1013.7660 721.7802 1015.5203 783.4650 979.4921 784.4897
662__1__1536___0 0.0836 445.7635 688.8269 606.5673 711.6797 588.7744 836.8792 427.9707 814.0264
128__1__2560___512 0.0993 487.5537 160.1256 525.3403 145.9078 541.7233 189.4485 503.9366 203.6663
128__1__2560___512 0.0529 663.1649 137.9615 695.9294 114.5570 722.6273 151.9319 689.8628 175.3365
94__1__512___512 0.0813 11.5961 650.6915 83.1332 656.5477 76.2973 740.0515 4.7602 734.1953
94__1__512___512 0.0597 255.3696 831.8107 342.7315 836.1158 338.4227 923.5510 251.0609 919.2458
94__1__512___512 0.0567 971.5222 85.5953 1031.9686 140.8995 984.3311 192.9664 923.8847 137.6622
394__1__2048___0 0.0702 841.0836 504.7210 880.2206 485.6446 919.6672 566.5734 880.5303 585.6497
477__1__1024___512 0.0657 411.0305 446.2305 481.0096 465.4895 459.6764 543.0054 389.6974 523.7465
477__1__1024___512 0.0576 -7.7468 407.3391 50.4560 399.5479 61.2308 480.0383 3.0279 487.8295
290__1__512___3072 0.1572 931.7435 192.2610 960.8152 207.1018 947.5010 233.1831 918.4293 218.3422
290__1__512___3072 0.0900 945.4391 42.0748 970.9326 53.7612 961.3025 74.7689 935.8090 63.0825
290__1__512___3072 0.0778 942.3462 97.9966 964.8472 105.8227 958.1875 124.9703 935.6865 117.1441
87__1__1536___512 0.0747 872.5782 130.5257 919.6938 95.6354 956.5867 145.4553 909.4711 180.3456
314__1__0___2560 0.2072 501.4293 457.1889 552.9695 451.9858 558.0517 502.3278 506.5114 507.5309
314__1__0___2560 0.0972 298.1845 414.1467 345.3530 442.0117 319.8642 485.1578 272.6957 457.2928
314__1__0___2560 0.0626 692.3148 272.4393 740.5375 300.4840 713.5883 346.8231 665.3655 318.7784
461__1__2048___3072 0.0598 110.2576 791.0396 150.6993 765.2065 181.1481 812.8740 140.7064 838.7071
34__1__512___3072 0.1224 452.2193 737.2713 485.8276 719.2502 504.7995 754.6318 471.1912 772.6529
34__1__512___3072 0.0647 640.3834 818.7485 662.7364 800.7916 689.2528 833.7993 666.8998 851.7563
304__1__2560___2560 0.1073 939.2228 213.4489 1002.2184 186.4253 1023.8449 236.8393 960.8494 263.8630
231__1__1536___1024 0.0588 4.7624 725.4155 35.6322 722.5026 38.8612 756.7222 7.9914 759.6351
345__1__512___512 0.8859 922.9646 914.6215 987.9813 940.9473 964.1823 999.7235 899.1656 973.3976
345__1__512___512 0.8638 602.5889 362.4036 663.9114 381.6756 641.3597 453.4341 580.0372 434.1622
345__1__512___512 0.8318 695.0476 837.5277 772.8330 843.8575 767.4200 910.3761 689.6346 904.0463
345__1__512___512 0.8049 820.3283 869.5464 888.3607 907.6325 855.6458 966.0706 787.6134 927.9846
345__1__512___512 0.0565 979.6729 943.8727 1030.8905 927.7934 1052.9695 998.1218 1001.7518 1014.2011
337__1__0___2048 0.1033 117.0552 863.3527 160.6858 870.8525 151.8020 922.5351 108.1714 915.0353
342__1__0___512 0.9851 758.4987 933.2880 817.7762 964.5012 789.3704 1018.4472 730.0928 987.2340
342__1__0___512 0.9653 547.6816 860.1533 610.2752 888.7937 583.7099 946.8524 521.1163 918.2120
342__1__0___512 0.8962 556.6064 650.6728 621.2321 669.0031 601.7548 737.6728 537.1291 719.3425
342__1__0___512 0.1469 871.8527 978.9064 910.0214 1008.2831 884.6762 1041.2137 846.5075 1011.8371
94__1__1536___0 0.0607 339.1081 -1.4548 412.4436 6.9822 403.6056 83.8036 330.2701 75.3666
339__1__1536___1024 0.0634 16.4036 423.5227 42.1794 432.3761 31.3634 463.8659 5.5876 455.0124
231__1__512___0 0.0796 835.3151 963.1438 879.7033 989.9244 856.5764 1028.2567 812.1882 1001.4761
576__1__512___0 0.2387 32.1421 577.8321 76.3325 587.9122 67.2532 627.7150 23.0628 617.6349
477__1__1024___0 0.0596 -6.4892 918.1476 52.0480 912.3462 60.0120 992.7038 1.4749 998.5052
342__1__3072___2048 0.9784 618.3077 583.4774 679.2387 551.7648 708.6721 608.3166 647.7411 640.0292
342__1__3072___2048 0.8985 649.6464 445.5044 701.1487 412.8806 739.1957 472.9446 687.6934 505.5683
344__1__512___1536 0.9660 786.0742 305.2218 853.9619 336.2867 826.9708 395.2717 759.0831 364.2069
344__1__512___1536 0.9477 162.8927 80.6109 229.0364 115.1158 198.7641 173.1458 132.6204 138.6408
344__1__512___1536 0.9470 552.1886 27.6470 616.7717 56.0969 592.2638 111.7314 527.6807 83.2815
344__1__512___1536 0.9209 476.6682 195.3030 538.7883 219.9494 515.7039 278.1329 453.5837 253.4865
344__1__512___1536 0.8699 890.3967 345.5381 945.9565 379.0353 915.2078 430.0366 859.6479 396.5394
344__1__512___1536 0.8669 367.9789 161.3452 433.9174 182.7793 414.1925 243.4600 348.2539 222.0259
344__1__512___1536 0.7749 251.6479 132.1337 319.1632 135.3737 316.3376 194.2540 248.8223 191.0140
344__1__512___1536 0.7325 585.0865 232.0891 646.3716 261.2929 619.9614 316.7155 558.6763 287.5116
344__1__512___1536 0.6309 38.3317 70.6896 96.5651 49.7707 119.9986 115.0044 61.7652 135.9233
344__1__512___1536 0.5066 658.8541 307.7489 707.9031 267.8538 749.0611 318.4554 700.0120 358.3505
314__1__512___2048 0.0626 180.3147 784.4393 228.5376 812.4839 201.5884 858.8231 153.3656 830.7785
392__1__2048___0 0.0739 117.7128 880.4988 153.9697 867.4044 168.2373 906.9098 131.9805 920.0042
582__1__512___1024 0.1010 775.4565 987.5358 831.0518 951.3920 861.2637 997.8632 805.6684 1034.0070
314__1__512___2560 0.0794 27.2842 456.6375 50.5178 473.9978 21.5384 512.7812 -1.6952 495.4209
314__1__512___2560 0.0626 180.3147 272.4393 228.5376 300.4839 201.5884 346.8231 153.3656 318.7785
304__1__3072___2048 0.1942 432.7045 713.1332 504.1910 696.8226 518.5387 759.7061 447.0522 776.0167
34__1__1024___3072 0.0647 128.3843 818.7403 150.7427 800.7908 177.2503 833.8093 154.8919 851.7588
94__1__1024___512 0.0601 413.3600 134.7544 470.7666 81.3233 528.8419 143.7197 471.4353 197.1508
34__1__0___3072 0.1417 964.5969 735.6039 998.1558 721.2325 1013.6292 757.3644 980.0703 771.7359
342__1__0___1536 0.9495 674.0343 79.6904 742.9444 115.0712 712.6222 174.1288 643.7121 138.7480
342__1__0___1536 0.9092 871.6058 164.9351 944.7941 173.1990 937.3766 238.8909 864.1884 230.6270
342__1__0___1536 0.7140 563.6089 57.1810 626.3072 61.9287 621.1454 130.0947 558.4472 125.3470
342__1__0___1536 0.4926 763.5004 132.0001 837.3575 134.4149 835.3743 195.0721 761.5172 192.6573
342__1__0___1536 0.3633 979.4729 211.6299 1015.8838 212.3367 1014.7073 272.9414 978.2964 272.2346
344__1__0___1536 0.9477 674.8941 80.6109 741.0366 115.1170 710.7631 173.1463 644.6206 138.6402
344__1__0___1536 0.8675 879.9939 161.3464 945.9236 182.8030 926.1818 243.4637 860.2521 222.0071
344__1__0___1536 0.7749 763.6480 132.1336 831.1633 135.3737 828.3376 194.2540 760.8223 191.0140
344__1__0___1536 0.6465 558.5131 62.3476 620.0122 57.5696 625.2197 124.5973 563.7206 129.3753
344__1__0___1536 0.4532 977.7377 210.8048 1013.7661 209.7802 1015.5203 271.4650 979.4920 272.4896
686__1__2560___2048 0.1281 235.6072 556.1871 352.6404 519.6534 389.3055 637.1078 272.2723 673.6415
686__1__2560___2048 0.1264 106.3418 467.3069 228.8979 486.4417 211.4955 597.9020 88.9394 578.7672
128__1__3072___0 0.0527 151.1664 649.9659 183.9337 626.5585 210.6295 663.9291 177.8622 687.3365
686__1__2048___2560 0.0977 619.7040 4.9729 722.8104 5.0969 722.7289 72.8634 619.6225 72.7394
686__1__2048___2560 0.0919 743.0804 59.4583 842.6097 -1.7180 910.3945 108.5626 810.8652 169.7390
94__1__0___512 0.0597 767.3565 831.8247 854.7149 836.0978 850.4382 923.5319 763.0798 919.2588
94__1__0___512 0.0586 518.7369 640.3350 601.2917 667.5616 573.0976 753.0498 490.5428 725.8231
394__1__2560___512 0.1058 342.3589 17.9710 369.5734 1.0588 406.1156 59.8611 378.9011 76.7734
342__1__512___1024 0.9835 245.5158 421.5603 306.3464 451.3818 278.9001 507.3675 218.0695 477.5460
342__1__512___1024 0.9769 348.2470 463.1221 411.8007 494.8637 384.1605 550.2054 320.6068 518.4639
342__1__512___1024 0.9681 551.6913 538.7729 617.8483 566.5433 594.0372 623.2680 527.8802 595.4976
342__1__512___1024 0.9658 790.8221 814.9184 856.7980 852.2139 824.6550 909.0749 758.6792 871.7794
342__1__512___1024 0.9524 35.0254 349.8339 98.5563 377.9611 73.3379 434.9220 9.8069 406.7948
342__1__512___1024 0.9497 161.8331 591.6323 230.9569 626.9691 200.7225 686.1118 131.5987 650.7750
342__1__512___1024 0.9334 476.8056 706.5324 539.8464 732.1460 516.1273 790.5240 453.0865 764.9104
342__1__512___1024 0.9094 361.2721 676.3580 434.2498 686.0678 425.5269 751.6284 352.5491 741.9186
342__1__512___1024 0.9053 53.4109 135.9310 112.7028 164.1200 82.2403 228.1940 22.9484 200.0051
342__1__512___1024 0.8920 880.1803 862.8749 944.0339 881.8658 928.0193 935.7122 864.1657 916.7214
342__1__512___1024 0.7186 43.9886 573.5114 106.8578 565.8058 115.4498 635.9073 52.5806 643.6129
342__1__512___1024 0.6938 583.4189 745.7721 645.3870 773.1331 621.0528 828.2462 559.0847 800.8853
342__1__512___1024 0.4835 251.4720 644.0363 325.3088 646.4047 323.3661 706.9691 249.5294 704.6007
342__1__512___1024 0.4620 701.1046 779.9473 749.7190 825.2014 706.5562 871.5692 657.9418 826.3151
239__1__512___512 0.0759 666.1129 460.6960 691.9162 468.8618 681.6599 501.2712 655.8565 493.1055
344__1__3072___2048 0.9788 618.0080 583.6957 679.4775 552.1160 708.6934 608.9843 647.2239 640.5641
344__1__3072___2048 0.8810 649.2343 446.5797 700.8647 412.7567 740.0978 472.6458 688.4673 506.4687
300__1__1024___1536 0.3224 14.5917 143.1701 39.1002 150.2894 30.6497 179.3808 6.1412 172.2615
327__1__3072___0 0.0769 377.5653 193.4815 420.7963 171.0673 441.1295 210.2845 397.8985 232.6987
345__1__1536___1024 0.5543 59.3710 295.9445 110.7120 255.7990 161.3831 320.6007 110.0421 360.7463
345__1__1536___1024 0.5436 97.8538 520.8820 142.1348 487.9298 171.2663 527.0766 126.9854 560.0287
231__1__512___512 0.1291 954.8022 938.4811 999.5673 909.3474 1024.4204 947.5350 979.6553 976.6688
231__1__512___512 0.0914 836.7369 450.7224 882.2666 478.3852 856.7945 520.3093 811.2648 492.6464
18__1__0___512 0.1186 456.6621 11.5377 505.0775 3.0451 514.7453 58.1600 466.3299 66.6525
345__1__1024___1024 0.9078 411.9683 401.4166 476.8275 429.6451 451.4681 487.9122 386.6089 459.6837
345__1__1024___1024 0.8346 182.7820 325.7679 260.6605 331.6951 255.6002 398.1827 177.7217 392.2554
345__1__1024___1024 0.8066 308.3364 357.5354 376.3220 395.6565 343.5491 454.1040 275.5635 415.9829
345__1__1024___1024 0.5920 571.9734 297.2848 623.5465 256.4146 673.3745 319.2913 621.8014 360.1615
345__1__1024___1024 0.5430 609.8519 520.8818 654.1283 487.9215 683.2686 527.0663 638.9922 560.0266
345__1__1024___1024 0.4838 472.2913 258.1838 550.3066 236.5143 566.1318 293.4887 488.1165 315.1582
128__1__2560___0 0.0993 487.5545 672.1232 525.3419 657.9082 541.7216 701.4502 503.9342 715.6652
128__1__2560___0 0.0527 663.1664 649.9659 695.9337 626.5585 722.6295 663.9291 689.8622 687.3365
87__1__2048___0 0.0738 360.5614 642.6616 407.6072 607.6341 444.6158 657.3407 397.5699 692.3682
345__1__1024___512 0.9155 412.6092 912.9230 477.2375 942.2545 450.7949 1000.5176 386.1666 971.1861
345__1__1024___512 0.8614 90.9183 362.3350 152.0203 381.8465 129.1029 453.6147 68.0008 434.1032
345__1__1024___512 0.8316 183.0550 837.5143 260.8388 843.8746 255.4009 910.3776 177.6171 904.0173
345__1__1024___512 0.8048 308.3277 869.5471 376.3605 907.6322 343.6463 966.0706 275.6136 927.9855
345__1__1024___512 0.5929 572.0008 809.3525 623.5124 768.4772 673.3005 831.2208 621.7889 872.0961
345__1__1024___512 0.4838 472.2913 770.1838 550.3066 748.5142 566.1318 805.4887 488.1165 827.1583
345__1__1024___512 0.0520 408.0628 1002.1724 444.8432 979.8585 474.2236 1028.2865 437.4432 1050.6005
300__1__512___1024 0.2871 527.3996 654.2825 550.9126 661.9149 541.2125 691.7976 517.6995 684.1652
686__1__2048___2048 0.1271 618.3898 467.2604 740.9015 486.4458 723.4423 597.9346 600.9305 578.7493
686__1__2048___2048 0.1059 745.6940 561.1555 861.6573 518.2759 904.1429 633.1741 788.1796 676.0536
394__1__2048___512 0.1057 854.4528 17.8753 881.7065 1.1059 917.9638 60.0316 890.7101 76.8009
582__1__1024___1024 0.1010 263.4565 987.5356 319.0520 951.3921 349.2637 997.8633 293.6682 1034.0068
342__1__1024___1536 0.9658 278.8206 302.9194 344.7979 340.2122 312.6565 397.0757 246.6792 359.7828
342__1__1024___1536 0.9494 40.6299 26.7854 105.8027 57.1643 80.0308 112.4537 14.8580 82.0747
342__1__1024___1536 0.8912 368.2302 350.8401 432.0716 369.9164 415.9843 423.7545 352.1429 404.6781
342__1__1024___1536 0.6987 70.8389 234.0205 133.1276 260.5821 109.5276 315.9257 47.2389 289.3641
342__1__1024___1536 0.4621 189.1054 267.9481 237.7170 313.2108 194.5546 359.5667 145.9430 314.3040
609__1__1536___0 0.0617 430.4814 206.6001 487.7111 209.9729 484.4081 266.0181 427.1783 262.6453
304__1__3072___2560 0.1942 432.7045 201.1333 504.1910 184.8227 518.5388 247.7062 447.0522 264.0168
314__1__0___2048 0.2873 500.7765 976.0252 547.7110 961.6763 559.4540 1000.0867 512.5195 1014.4357
314__1__0___2048 0.0810 297.8427 926.2453 344.9629 953.6537 320.0294 996.5189 272.9093 969.1104
314__1__0___2048 0.0626 692.3149 784.4393 740.5375 812.4841 713.5882 858.8232 665.3655 830.7784
392__1__2048___512 0.0739 117.7139 368.4969 153.9723 355.4052 168.2368 394.9116 131.9784 408.0034
576__1__512___512 0.2374 32.6427 65.7372 76.4120 76.3956 66.8035 115.8539 23.0342 105.1956
327__1__2560___0 0.0755 889.6710 193.7358 932.7432 171.1646 953.1750 210.1544 910.1029 232.7255
10__1__2560___2048 0.0529 394.7822 29.1319 432.0151 0.2174 479.1767 60.9471 441.9438 89.8615
394__1__3072___0 0.0669 47.0163 454.4516 79.2901 428.0137 133.0533 493.6447 100.7794 520.0826
394__1__2560___0 0.0707 323.7563 516.9003 357.1111 489.4041 414.1977 558.6539 380.8430 586.1501
394__1__2560___0 0.0662 558.7963 454.5580 591.3221 427.8295 645.1483 493.3305 612.6225 520.0589
74__1__1536___3072 0.0663 297.1259 554.1735 332.2883 531.5841 355.7133 568.0472 320.5509 590.6366
342__1__512___1536 0.9658 790.8205 302.9194 856.7978 340.2123 824.6564 397.0757 758.6791 359.7829
342__1__512___1536 0.9616 553.0226 26.0310 618.0902 55.5840 592.5873 111.7345 527.5198 82.1816
342__1__512___1536 0.9495 162.0334 79.6892 230.9446 115.0700 200.6222 174.1289 131.7110 138.7481
342__1__512___1536 0.9333 476.8056 194.5324 539.8464 220.1459 516.1274 278.5240 453.0866 252.9105
342__1__512___1536 0.9103 361.1505 164.4179 434.1518 173.9352 425.6023 239.5134 352.6009 229.9961
342__1__512___1536 0.8921 880.1790 350.8770 944.0298 369.8668 928.0167 423.7089 864.1659 404.7192
342__1__512___1536 0.6970 38.5497 68.7296 98.8407 49.5372 120.2564 116.8124 59.9654 136.0048
342__1__512___1536 0.6938 583.4189 233.7721 645.3870 261.1330 621.0528 316.2462 559.0847 288.8852
342__1__512___1536 0.4891 251.4051 132.0820 325.2999 134.3089 323.4711 194.9965 249.5762 192.7697
342__1__512___1536 0.4620 701.1044 267.9472 749.7191 313.2014 706.5563 359.5692 657.9417 314.3151
576__1__0___512 0.1891 539.5153 69.5360 580.4654 67.5221 582.7322 113.6139 541.7820 115.6279
342__1__3072___1536 0.9059 650.5225 954.1141 703.2880 924.1125 738.7078 986.4075 685.9424 1016.4091
345__1__512___1024 0.8912 923.2808 402.3568 988.1877 429.0137 964.1665 487.5029 899.2596 460.8459
345__1__512___1024 0.8347 694.7670 325.7880 772.6486 331.6708 767.6252 398.1747 689.7437 392.2919
345__1__512___1024 0.8066 820.3368 357.5349 888.3222 395.6565 855.5488 454.1040 787.5634 415.9823
345__1__512___1024 0.0589 976.5211 410.6720 1028.0369 388.8313 1056.3617 455.6411 1004.8459 477.4818
392__1__1536___512 0.0740 629.7167 368.4929 665.9764 355.4048 680.2373 394.9139 643.9775 408.0019
609__1__1024___0 0.0864 939.7267 210.1105 997.7811 209.0251 998.7899 262.9803 940.7355 264.0658
17__1__2048___2560 0.1186 456.6621 11.5377 505.0775 3.0451 514.7453 58.1600 466.3299 66.6525
290__1__1024___3072 0.1589 419.9601 192.2621 448.8628 207.3434 435.2965 233.3427 406.3938 218.2614
290__1__1024___3072 0.0896 433.3419 42.1199 458.9109 53.6015 449.4199 74.7375 423.8509 63.2559
290__1__1024___3072 0.0722 430.4976 97.8390 452.7714 106.0115 445.7838 125.0560 423.5099 116.8836
290__1__512___2560 0.1572 931.7433 704.2610 960.8151 719.1015 947.5013 745.1827 918.4295 730.3422
290__1__512___2560 0.0837 945.1694 554.2811 970.9567 565.8950 961.4066 587.1000 935.6193 575.4861
290__1__512___2560 0.0727 942.3039 610.0616 964.7589 617.9001 958.1038 636.9648 935.6489 629.1263
87__1__1536___0 0.0747 872.5742 642.5242 919.6921 607.6306 956.5873 657.4512 909.4694 692.3449
345__1__1536___512 0.5543 59.4054 807.9982 110.7129 767.8562 161.3281 832.5500 110.0207 872.6920
662__1__1536___512 0.0848 445.5930 176.9187 607.2408 200.3430 589.1480 325.1994 427.5001 301.7751
231__1__2048___3072 0.0627 221.8544 974.6596 255.2903 961.6996 271.0031 1002.2374 237.5671 1015.1974
231__1__1024___512 0.2070 444.3218 936.2648 493.3275 907.4713 519.3439 951.7502 470.3381 980.5438
231__1__1024___512 0.0914 324.7368 450.7224 370.2666 478.3851 344.7946 520.3093 299.2648 492.6465
