344__1__3072___2560 0.1018 614.3194 72.3264 680.5316 39.3368 708.3825 95.2353 642.1703 128.2249
344__1__0___512 0.5638 538.3508 858.6526 611.0453 883.0872 590.3586 944.6319 517.6640 920.1974
344__1__0___512 0.3992 865.1011 975.4574 909.3105 998.2734 890.5370 1034.6500 846.3275 1011.8340
344__1__0___512 0.2450 562.9789 645.5409 623.6194 669.8569 596.0055 738.7218 535.3650 714.4058
344__1__0___512 0.0755 752.8785 932.4500 820.8806 963.7661 795.4561 1018.9747 727.4540 987.6586
342__1__512___512 0.5070 21.2778 862.6035 96.2900 879.3135 82.3050 942.0927 7.2929 925.3827
342__1__512___512 0.3244 63.9282 643.6823 116.2426 676.6886 74.0824 743.5117 21.7679 710.5054
342__1__512___512 0.3216 356.6654 975.1085 399.1684 1004.5848 374.9286 1039.5370 332.4256 1010.0607
342__1__512___512 0.1201 246.5562 930.5464 309.9409 968.9280 277.7537 1022.0830 214.3690 983.7014
670__1__2048___2048 0.0597 46.2102 74.0277 104.6714 95.2541 82.2770 156.9323 23.8157 135.7059
670__1__2048___2048 0.0594 -8.7708 210.6303 36.6075 171.9106 82.2798 225.4371 36.9015 264.1568
23__1__512___2048 0.0529 890.9198 678.1921 955.3692 661.8009 968.8080 714.6415 904.3586 731.0327
446__1__2560___512 0.2874 176.8939 12.7451 204.3293 26.3405 193.3379 48.5210 165.9025 34.9256
446__1__2560___512 0.1138 414.3136 104.2323 445.9325 109.4723 440.6209 141.5233 409.0020 136.2833
94__1__512___0 0.9896 205.5508 744.7880 277.0364 795.5865 228.9102 863.3116 157.4246 812.5131
94__1__512___0 0.8958 927.0412 636.0930 983.1245 597.3856 1028.9996 663.8543 972.9163 702.5616
94__1__512___0 0.8340 63.9949 946.3661 144.8857 982.9958 128.3212 1019.5760 47.4304 982.9463
94__1__512___0 0.6581 370.0638 932.9098 443.8156 985.0480 410.9229 1031.5763 337.1711 979.4380
94__1__512___0 0.5098 339.0126 509.4955 374.7786 491.3625 389.8983 521.1848 354.1323 539.3178
94__1__512___0 0.3359 836.5715 37.3512 882.1044 74.7278 836.7129 130.0247 791.1800 92.6482
94__1__512___0 0.1379 75.2027 1015.1973 121.5575 994.9558 129.8570 1013.9625 83.5022 1034.2040
94__1__512___0 0.0537 369.0749 418.7810 403.8025 429.2720 394.0873 461.4312 359.3598 450.9402
94__1__512___0 0.0521 895.2765 80.6535 931.8530 60.7300 947.7262 89.8708 911.1497 109.7943
94__1__512___0 0.0521 990.1089 616.5533 1026.6738 593.0842 1060.2783 645.4399 1023.7134 668.9090
681__1__2560___2560 0.0621 149.6557 -1.1160 210.5389 26.4396 184.9889 82.8915 124.1057 55.3359
392__1__1536___1024 0.1484 657.7736 26.8588 694.6217 13.9240 707.9644 51.9343 671.1163 64.8691
344__1__512___512 0.5534 21.2748 862.2788 96.5238 879.9526 81.7081 943.0323 6.4592 925.3585
344__1__512___512 0.3993 353.1246 975.4429 397.3156 998.3057 378.5015 1034.6710 334.3105 1011.8082
344__1__512___512 0.3185 66.3201 643.3596 116.1489 679.4738 70.3525 742.6618 20.5237 706.5476
344__1__512___512 0.0755 240.8875 932.4461 308.8833 963.7755 283.4489 1018.9771 215.4531 987.6478
670__1__2048___1536 0.0590 -8.7781 722.7056 36.5442 683.9335 82.2902 737.4078 36.9678 776.1799
670__1__2048___1536 0.0551 46.5367 586.0024 104.8113 607.5614 82.1508 668.8134 23.8762 647.2544
231__1__1024___1024 0.0597 443.8006 426.3243 490.6261 394.2271 519.5060 436.3590 472.6806 468.4562
586__1__2048___3072 0.0720 406.6152 150.1969 477.8273 134.7675 494.2431 210.5319 423.0310 225.9613
392__1__1536___0 0.3997 642.0765 960.9537 680.9014 953.0699 689.8896 997.3342 651.0648 1005.2179
392__1__1536___0 0.2323 631.1132 879.6334 667.4753 867.8322 680.3044 907.3614 643.9423 919.1625
363__1__1024___2560 0.1143 519.6080 -16.4989 657.6578 55.1290 592.2622 181.1673 454.2124 109.5394
120__1__0___3072 0.0887 379.6823 -2.9901 436.3925 32.4479 403.5352 85.0284 346.8250 49.5905
100__1__2560___0 0.1006 937.0253 3.4746 989.4077 -4.3153 993.5685 23.6631 941.1860 31.4530
616__1__2560___512 0.0623 7.8504 794.7216 47.6360 796.1428 44.9667 870.8732 5.1811 869.4521
327__1__2560___512 0.0583 516.3456 41.8808 533.0399 42.0536 532.8445 60.9216 516.1502 60.7488
470__1__512___512 0.0556 8.8234 903.8065 69.6831 911.3415 60.5587 985.0384 -0.3010 977.5034
461__1__1536___3072 0.1903 360.4814 699.7935 394.5976 681.0784 417.3344 722.5258 383.2183 741.2408
461__1__1536___3072 0.0711 622.2601 791.0376 662.7028 765.2081 693.1470 812.8765 652.7043 838.7059
461__1__1536___3072 0.0510 565.3224 10.7521 612.1180 2.9047 616.5847 29.5408 569.7891 37.3882
344__1__1024___1024 0.3800 372.3629 855.6960 443.3203 881.3527 421.2700 942.3363 350.3126 916.6797
344__1__1024___1024 0.2953 177.7912 778.8981 236.4544 818.8769 201.2888 870.4775 142.6255 830.4987
344__1__1024___1024 0.2857 35.5297 537.9857 105.5913 560.8832 86.5295 619.2084 16.4679 596.3109
344__1__1024___1024 0.2505 66.1712 744.2991 133.9072 767.5953 113.6675 826.4443 45.9315 803.1481
344__1__1024___1024 0.2187 271.4731 815.4645 345.6031 845.4695 320.8513 906.6213 246.7213 876.6163
274__1__1024___512 0.2877 802.6336 362.3567 832.4490 346.0769 847.5989 373.8232 817.7836 390.1029
274__1__1024___512 0.0780 351.7592 876.7240 392.5400 849.4042 416.1503 884.6478 375.3696 911.9676
274__1__1024___512 0.0717 811.2759 943.9291 845.5696 926.7041 861.2025 957.8278 826.9088 975.0529
274__1__1024___512 0.0573 789.8438 375.2819 827.4691 385.2949 819.2440 416.2018 781.6187 406.1888
314__1__1536___2560 0.3060 875.3557 624.7530 898.6646 629.2511 895.4713 645.7991 872.1623 641.3010
314__1__1536___2560 0.1577 524.5687 389.8213 572.6432 414.5078 551.1932 456.2797 503.1187 431.5933
314__1__1536___2560 0.0620 850.9819 4.2879 889.1227 9.1687 884.6282 44.2901 846.4874 39.4092
94__1__1024___0 0.9812 662.0795 916.9867 732.1742 856.9261 792.6294 927.4814 722.5347 987.5420
94__1__1024___0 0.9486 464.0362 593.4149 530.1158 648.5547 480.7810 707.6776 414.7014 652.5378
94__1__1024___0 0.7115 851.6018 683.9512 925.4100 624.0632 986.5394 699.4012 912.7313 759.2892
94__1__1024___0 0.3383 325.1935 37.3342 370.2111 75.1335 324.2277 129.8980 279.2101 92.0987
94__1__1024___0 0.3018 638.9223 486.0751 711.0262 427.8453 768.8853 499.4903 696.7814 557.7201
94__1__1024___0 0.0906 8.2850 51.4617 28.7278 57.3995 19.8929 87.8168 -0.5500 81.8790
434__1__1024___2560 0.1185 954.1344 324.1941 1013.6395 328.4390 1008.6996 397.6863 949.1945 393.4413
434__1__1024___2560 0.1001 883.6778 226.9848 952.5594 237.6498 941.7106 307.7178 872.8290 297.0527
434__1__1024___2560 0.0797 829.1616 959.4559 886.6965 987.1700 862.9473 1036.4735 805.4124 1008.7593
434__1__1024___2560 0.0592 698.6852 15.7859 758.2838 16.1672 757.7527 99.1570 698.1542 98.7756
253__1__1536___2048 0.0766 2.2055 16.5966 18.4189 17.0546 17.8322 37.8214 1.6189 37.3634
178__1__2560___2048 0.0568 220.6411 710.1176 278.8178 691.3596 295.6269 743.4917 237.4502 762.2497
670__1__512___1024 0.0579 923.2342 72.7194 998.8761 45.8165 1022.0507 110.9760 946.4088 137.8788
314__1__2048___2560 0.3061 363.3552 624.7537 386.6644 629.2507 383.4718 645.7987 360.1625 641.3016
314__1__2048___2560 0.2143 22.6890 389.7390 64.0285 424.9962 35.6452 458.2761 -5.6944 423.0190
314__1__2048___2560 0.0919 2.7458 28.0320 35.6528 29.2348 34.2786 66.8309 1.3716 65.6281
314__1__2048___2560 0.0620 338.9821 4.2919 377.1230 9.1689 372.6319 44.2925 334.4910 39.4155
94__1__1536___512 0.9831 149.9118 405.7249 219.4805 344.9650 280.5890 414.9329 211.0203 475.6928
94__1__1536___512 0.7084 339.8077 171.9232 413.1207 112.1824 474.3521 187.3247 401.0392 247.0655
410__1__1024___2560 0.1605 951.3213 589.9889 1023.0792 601.9667 1006.1412 703.4401 934.3833 691.4622
418__1__512___1536 0.0512 996.3602 416.9745 1025.2493 425.0160 1016.3226 457.0851 987.4335 449.0437
125__1__512___1024 0.9720 -1.9618 231.1667 68.2819 178.5205 121.5049 249.5337 51.2612 302.1799
125__1__512___1024 0.0707 -24.7826 239.5194 16.5067 227.7867 30.4989 277.0276 -10.7904 288.7603
345__1__512___0 0.2910 604.1872 871.5065 667.7075 898.5334 638.1201 968.0718 574.5997 941.0450
507__1__3072___1536 0.0764 4.5841 746.8062 26.4088 748.7761 22.4836 792.2637 0.6589 790.2939
507__1__3072___1536 0.0640 -4.0575 797.9439 22.0529 795.4395 25.6199 832.6287 -0.4904 835.1331
527__1__3072___2048 0.0687 367.2093 722.3558 400.2349 692.7407 430.4739 726.4620 397.4483 756.0771
678__1__512___1536 0.1006 807.7592 769.3275 878.2251 770.5175 877.0670 839.0963 806.6011 837.9064
678__1__512___1536 0.0749 721.6401 592.7066 792.9569 594.5668 791.0696 666.9222 719.7528 665.0620
678__1__512___1536 0.0513 752.0417 753.8238 809.2311 795.6286 765.4390 855.5364 708.2496 813.7316
645__1__1024___1024 0.0772 655.8692 722.0515 773.9807 767.3396 724.6884 895.8940 606.5769 850.6060
662__1__2560___512 0.0936 504.0089 429.1088 653.3325 494.2528 601.3502 613.4072 452.0265 548.2632
662__1__2560___512 0.0712 452.2663 568.9370 589.0056 615.0158 545.7158 743.4788 408.9765 697.4000
467__1__0___0 0.0515 329.4991 966.3251 403.2271 966.7173 402.9580 1017.3233 329.2299 1016.9312
235__1__2560___1536 0.0507 55.1139 1014.8996 62.2319 1010.6740 68.3017 1020.8985 61.1836 1025.1241
684__1__2560___0 0.0687 479.9642 577.7684 526.2987 557.8380 541.2010 592.4830 494.8664 612.4135
676__1__1536___512 0.1632 471.2183 631.3513 500.5109 618.8597 510.0972 641.3394 480.8046 653.8310
676__1__1536___512 0.1089 654.9238 558.2405 688.3415 546.6005 698.5591 575.9347 665.1414 587.5747
685__1__2048___1536 0.0525 69.7214 38.5009 175.5955 105.3883 108.1411 212.1599 2.2670 145.2725
31__1__2560___512 0.2006 254.1585 694.2259 315.6224 644.0720 364.6982 704.2148 303.2343 754.3687
31__1__2560___512 0.0563 35.8641 41.3951 69.3108 22.2335 84.7431 49.1707 51.2965 68.3323
434__1__1024___2048 0.1179 954.2862 836.1205 1013.7407 840.5496 1008.5848 909.7606 949.1302 905.3315
434__1__1024___2048 0.1001 883.6774 738.9851 952.5591 749.6494 941.7111 819.7174 872.8295 809.0531
676__1__3072___1024 0.1643 85.1971 750.2971 121.0423 756.9481 115.4087 787.3102 79.5635 780.6592
676__1__3072___1024 0.0753 40.0101 434.9785 69.9637 450.4674 56.4572 476.5873 26.5036 461.0983
676__1__3072___1024 0.0670 86.5964 256.8209 111.7921 278.5572 96.2253 296.6014 71.0296 274.8651
31__1__1536___1024 0.0601 994.5928 131.3863 1021.7232 145.5085 1001.5674 184.2303 974.4370 170.1081
678__1__2560___1024 0.0647 434.4097 962.2493 499.7088 950.9296 509.7512 1008.8603 444.4521 1020.1800
678__1__2560___1024 0.0608 202.4822 527.6915 259.3572 546.5162 240.7630 602.6951 183.8880 583.8704
609__1__2560___1536 0.0516 69.3903 -0.4510 147.0673 13.3529 138.0183 64.2729 60.3414 50.4691
204__1__0___1024 0.0844 582.8448 910.1412 715.6254 901.2766 723.1991 1014.7186 590.4185 1023.5833
655__1__0___1536 0.1450 733.5641 38.3732 844.8848 -5.9072 891.8364 112.1288 780.5157 156.4092
364__1__1024___1024 0.1568 248.9445 877.4725 400.3202 854.7018 422.2890 1000.7465 270.9134 1023.5172
298__1__1536___2560 0.0593 467.8786 174.7794 484.2903 181.9630 478.6373 194.8779 462.2256 187.6944
298__1__1536___2560 0.0547 713.2131 244.6011 731.8209 246.3882 730.2780 262.4543 711.6702 260.6673
470__1__1024___512 0.0525 950.0120 651.6461 983.4371 648.4844 987.2696 689.0020 953.8445 692.1636
30__1__3072___2560 0.3964 143.8504 231.8098 183.4167 224.5847 190.8144 265.0958 151.2481 272.3210
30__1__3072___2560 0.2831 53.8971 410.7542 84.5253 385.0006 108.8172 413.8904 78.1889 439.6440
30__1__3072___2560 0.1929 157.4386 332.4215 199.2229 301.9740 228.7214 342.4560 186.9371 372.9035
30__1__3072___2560 0.1067 98.0954 176.6997 131.7122 154.1961 155.6124 189.8992 121.9955 212.4028
30__1__3072___2560 0.0888 410.3444 59.3393 440.5859 33.5425 465.4559 62.6976 435.2144 88.4943
342__1__0___1024 0.5089 538.5229 347.0630 610.9448 370.4899 591.3552 431.0491 518.9334 407.6222
342__1__0___1024 0.4178 771.4144 637.7669 838.8004 653.5765 824.8109 713.2042 757.4250 697.3945
342__1__0___1024 0.4169 573.2932 561.5193 634.6593 584.1586 612.1050 645.2941 550.7389 622.6548
342__1__0___1024 0.3025 883.0212 670.8674 951.1411 697.7695 927.2592 758.2415 859.1393 731.3394
342__1__0___1024 0.2352 576.0496 131.1328 628.7599 168.8899 585.1238 229.8075 532.4135 192.0503
342__1__0___1024 0.2023 665.8561 595.9608 741.5181 622.8215 720.0940 683.1697 644.4319 656.3090
342__1__0___1024 0.1475 978.7264 718.9563 1017.7794 720.0909 1015.9456 783.2140 976.8926 782.0794
342__1__0___1024 0.0973 864.7738 459.2516 925.7324 498.1109 892.7307 549.8807 831.7721 511.0215
342__1__0___1024 0.0778 752.3430 421.8018 816.6544 448.4102 792.6678 506.3845 728.3565 479.7761
681__1__2048___1536 0.1824 763.0512 427.9015 793.8616 411.9023 810.4185 443.7869 779.6082 459.7860
683__1__0___512 0.0527 746.8890 26.8832 893.6151 23.4319 897.0383 168.9662 750.3122 172.4174
691__1__1024___512 0.0610 -0.8828 271.4568 98.1301 225.0157 151.8862 339.6245 52.8734 386.0656
691__1__2560___512 0.0969 377.1834 -4.6650 429.8114 41.0816 388.7467 88.3234 336.1187 42.5767
582__1__512___3072 0.1195 947.3770 -10.9027 1013.5983 12.7693 987.7575 85.0579 921.5362 61.3860
582__1__512___3072 0.0627 999.2017 1.6357 1044.9768 1.8403 1044.7094 61.6975 998.9342 61.4929
418__1__1536___1536 0.0503 658.2866 607.1704 689.8740 610.1927 685.6356 654.4905 654.0482 651.4682
394__1__512___512 0.0519 488.6623 441.6083 558.4061 418.2085 585.3320 498.4621 515.5882 521.8619
357__1__2560___2560 0.0812 382.4030 17.0799 549.8865 44.6796 522.9485 208.1479 355.4650 180.5482
649__1__1536___512 0.0595 979.3610 771.1759 1008.1828 790.9496 990.6720 816.4731 961.8502 796.6994
342__1__1024___1024 0.4123 371.8373 857.2668 442.8717 881.1146 422.3374 942.2792 351.3030 918.4314
342__1__1024___1024 0.2939 178.5928 779.7238 236.9250 819.5708 201.9785 870.7290 143.6463 830.8820
342__1__1024___1024 0.2558 37.1509 536.3546 108.0290 562.9717 85.9816 621.6811 15.1035 595.0639
342__1__1024___1024 0.2508 74.3435 741.6494 136.4417 775.5923 106.7435 829.9249 44.6453 795.9819
342__1__1024___1024 0.1827 284.0917 811.5334 347.7347 858.2922 309.1909 910.7540 245.5478 863.9951
274__1__1536___512 0.2877 290.6336 362.3567 320.4489 346.0769 335.5989 373.8232 305.7835 390.1029
274__1__1536___512 0.0717 299.2759 943.9292 333.5696 926.7041 349.2024 957.8278 314.9087 975.0529
274__1__1536___512 0.0573 277.8438 375.2819 315.4691 385.2949 307.2440 416.2018 269.6187 406.1888
337__1__0___2560 0.0564 102.1706 405.1732 126.5257 412.7558 114.7562 450.5593 90.4011 442.9767
345__1__1024___0 0.2745 91.8455 870.4505 155.6337 897.1645 126.1557 967.5527 62.3675 940.8387
676__1__1536___1024 0.1629 471.2199 119.3471 500.5214 106.8595 510.1028 129.3419 480.8013 141.8295
676__1__1536___1024 0.1174 654.9497 54.2978 680.2021 32.3565 701.1368 56.4505 675.8845 78.3918
448__1__512___1536 0.0585 914.2753 855.3343 994.4359 853.8461 995.8315 929.0207 915.6709 930.5089
128__1__3072___512 0.0657 105.1053 80.5779 134.5602 51.4770 165.0871 82.3752 135.6321 111.4761
360__1__512___2048 0.0578 746.2614 20.5506 798.7255 36.6038 773.7776 118.1363 721.3136 102.0831
344__1__512___1024 0.5433 21.6901 350.1016 96.6919 368.3114 81.3605 431.4578 6.3587 413.2480
344__1__512___1024 0.5337 263.2803 637.6550 326.8655 659.1346 308.1613 714.5041 244.5760 693.0244
344__1__512___1024 0.5255 481.1273 704.6587 542.0685 736.7593 512.4965 792.9000 451.5553 760.7994
344__1__512___1024 0.4601 371.7701 670.6119 437.8311 698.9280 412.5237 757.9697 346.4628 729.6536
344__1__512___1024 0.3746 40.9178 573.1712 105.7624 564.7469 114.6808 633.3946 49.8361 641.8189
344__1__512___1024 0.3661 882.5679 856.5392 954.8009 880.1293 934.7723 941.4570 862.5393 917.8669
344__1__512___1024 0.3179 66.4341 131.3591 116.1683 167.5630 70.2359 230.6615 20.5016 194.4575
344__1__512___1024 0.3007 689.7830 778.8511 748.4272 818.8627 713.2234 870.4604 654.5791 830.4488
344__1__512___1024 0.2452 595.0327 739.6311 650.8726 784.5490 612.8826 831.7765 557.0427 786.8586
344__1__512___1024 0.2181 783.4712 815.4473 857.6100 845.4754 832.8411 906.6295 758.7022 876.6014
344__1__512___1024 0.2118 154.3164 596.0513 228.5774 623.1096 206.7283 683.0741 132.4673 656.0157
344__1__512___1024 0.1363 549.7563 538.7510 618.0965 563.1418 597.6483 620.4352 529.3080 596.0444
344__1__512___1024 0.0609 352.5570 459.0708 413.0798 498.3792 380.6021 548.3847 320.0793 509.0764
688__1__2560___2560 0.1139 607.7391 607.3889 663.9626 564.6898 719.8762 638.3132 663.6526 681.0123
645__1__1536___1024 0.1853 528.5294 203.8884 648.3759 146.3452 705.1412 264.5718 585.2946 322.1149
645__1__1536___1024 0.0772 143.8607 722.0542 261.9787 767.3395 212.6935 895.8904 94.5755 850.6050
645__1__1536___1024 0.0531 386.7756 306.8656 488.2851 232.3604 582.6462 360.9224 481.1367 435.4277
609__1__2048___1536 0.0501 582.3763 0.1226 658.6825 13.0095 650.0311 64.2364 573.7249 51.3495
616__1__1536___1024 0.1260 1004.0554 304.3053 1020.2515 305.9730 1017.2433 335.1881 1001.0472 333.5204
100__1__1536___512 0.2227 429.7413 543.2537 462.0950 521.4265 479.3670 547.0281 447.0133 568.8553
100__1__1536___512 0.0725 455.2850 574.5309 486.9297 562.2674 497.5156 589.5833 465.8709 601.8467
100__1__1024___512 0.1724 941.1439 543.3138 974.7604 521.0999 991.7125 546.7536 958.0959 568.9675
100__1__1024___512 0.0563 966.7344 574.9905 1002.3263 560.3277 1013.5826 587.6509 977.9907 602.3138
87__1__512___1024 0.2524 658.8458 96.6544 710.8975 93.0374 713.6623 132.8250 661.6106 136.4420
596__1__1536___512 0.0586 -2.3899 88.3734 45.2693 87.0009 47.1170 151.1609 -0.5422 152.5334
586__1__2048___2560 0.0711 405.0008 664.6099 475.4030 645.3235 495.8850 720.0900 425.4828 739.3763
586__1__2048___2560 0.0603 528.1251 225.5979 594.2252 214.2668 606.6661 286.8412 540.5660 298.1724
670__1__2560___1024 0.0568 277.8487 4.4265 332.7113 36.7137 296.8885 97.5840 242.0258 65.2967
245__1__2048___1536 0.0513 207.5571 867.2980 220.3526 873.4115 215.4954 883.5776 202.6999 877.4641
94__1__2048___0 0.8848 179.5962 452.4036 253.9651 420.4778 289.3106 502.8127 214.9417 534.7385
596__1__0___1536 0.0636 974.3349 247.7224 1025.6235 244.4925 1030.1724 316.7253 978.8837 319.9551
239__1__1024___512 0.8088 154.1095 460.6975 179.9150 468.8626 169.6610 501.2699 143.8555 493.1048
392__1__2560___1024 0.0659 1.4119 709.2429 17.9963 709.0087 18.4980 744.5375 1.9136 744.7717
274__1__1536___1024 0.1244 213.5293 939.9077 245.0605 938.5776 246.3833 969.9343 214.8521 971.2645
274__1__1536___1024 0.0838 85.7107 690.6577 115.0815 676.8680 128.4524 705.3469 99.0816 719.1366
274__1__1536___1024 0.0665 299.2198 432.0235 333.5356 414.6647 349.2857 445.8003 314.9699 463.1591
586__1__1536___2560 0.0846 934.8273 645.4709 1006.1258 660.4713 989.8810 737.6852 918.5825 722.6849
676__1__3072___512 0.0676 39.1298 947.5587 69.3078 962.8727 56.5909 987.9330 26.4128 972.6190
676__1__3072___512 0.0670 86.5963 768.8209 111.7921 790.5572 96.2253 808.6014 71.0296 786.8652
688__1__3072___2560 0.1139 95.4192 607.1238 151.7951 564.3950 207.8658 638.3739 151.4898 681.1027
274__1__1024___1536 0.1202 725.9294 426.8185 757.6327 427.0041 757.4518 457.9011 725.7485 457.7155
274__1__1024___1536 0.0838 597.7273 178.6288 627.1165 164.8886 640.4399 193.3862 611.0508 207.1264
511__1__2560___0 0.0598 265.5320 802.9642 308.4190 808.3229 305.1675 834.3458 262.2805 828.9872
688__1__3072___3072 0.1133 95.1903 96.5757 150.7940 52.9908 207.8963 125.8393 152.2927 169.4242
688__1__3072___3072 0.0516 382.9712 -6.2228 462.6152 69.9840 388.1028 147.8573 308.4587 71.6505
576__1__0___0 0.0734 543.0793 533.2862 621.7164 573.5712 587.8171 639.7432 509.1801 599.4583
527__1__2560___2560 0.0688 879.2081 210.3600 912.2309 180.7396 942.4747 214.4574 909.4518 244.0778
30__1__3072___2048 0.3964 143.8504 743.8098 183.4167 736.5847 190.8144 777.0958 151.2481 784.3210
30__1__3072___2048 0.2750 53.8968 923.1974 84.0962 897.0142 108.8838 925.6039 78.6843 951.7871
30__1__3072___2048 0.1929 157.4386 844.4216 199.2228 813.9739 228.7215 854.4560 186.9372 884.9036
30__1__3072___2048 0.1397 366.1284 502.6172 402.5182 480.0605 424.0043 514.7230 387.6145 537.2797
30__1__3072___2048 0.1067 98.0951 688.7003 131.7116 666.1959 155.6125 701.8985 121.9960 724.4028
30__1__3072___2048 0.1028 410.1248 572.7357 438.9874 545.7314 465.2058 573.7541 436.3432 600.7584
30__1__3072___2048 0.0567 738.9171 236.8564 786.3712 211.2758 810.2793 255.6272 762.8253 281.2078
616__1__2560___1024 0.0622 7.8534 282.7208 47.6376 284.1435 44.9651 358.8740 5.1810 357.4513
394__1__1024___512 0.1185 2.1738 429.5306 54.7535 422.4094 66.1049 506.2224 13.5251 513.3436
448__1__1024___1536 0.0530 442.2414 838.4090 499.8497 891.0334 448.0147 947.7774 390.4065 895.1530
507__1__3072___2048 0.0764 4.5841 234.8062 26.4088 236.7760 22.4836 280.2638 0.6589 278.2939
507__1__3072___2048 0.0640 -4.0574 285.9439 22.0528 283.4396 25.6198 320.6288 -0.4904 323.1331
477__1__1536___512 0.0538 552.0278 5.9269 626.5652 16.8809 617.2363 80.3603 542.6989 69.4063
691__1__2048___512 0.0975 888.5720 -4.6895 941.5291 40.2732 900.9771 88.0354 848.0200 43.0726
640__1__1024___3072 0.0559 240.9237 5.8077 317.4479 7.3388 316.1422 72.5945 239.6181 71.0634
676__1__2560___1024 0.1637 596.9415 750.4816 632.9575 756.6768 627.7320 787.0556 591.7159 780.8605
676__1__2560___1024 0.0710 554.2712 434.6475 582.7711 452.7166 567.3463 477.0457 538.8464 458.9766
676__1__2560___1024 0.0681 598.5496 256.8295 623.8011 278.5911 608.2368 296.6514 582.9853 274.8898
342__1__3072___2560 0.0916 616.3970 67.5395 685.6140 41.7783 707.4002 100.3152 638.1833 126.0764
314__1__3072___2048 0.0634 120.3949 -3.5887 156.8501 9.3983 147.7843 34.8467 111.3290 21.8597
527__1__2048___1024 0.0522 614.1547 260.8283 657.5588 261.9116 656.5342 302.9643 613.1302 301.8810
527__1__2560___512 0.0521 102.1483 772.8345 145.5617 773.9117 144.5435 814.9522 101.1300 813.8751
120__1__0___1536 0.1975 981.7126 3.7611 1013.2994 9.9224 1006.5358 44.5965 974.9490 38.4352
120__1__0___1536 0.1325 327.4133 831.1743 365.0483 828.1321 368.3254 868.6722 330.6905 871.7145
120__1__0___1536 0.0577 294.7983 960.6758 367.2155 984.3923 347.8176 1043.6227 275.4005 1019.9062
363__1__512___1536 0.1325 752.2913 380.7307 898.5952 334.2386 943.4454 475.3759 797.1415 521.8679
401__1__2048___2560 0.0721 215.3581 915.9462 280.3735 963.4011 236.4957 1023.5156 171.4804 976.0607
94__1__0___1024 0.9920 485.7611 174.5020 558.6301 123.2149 609.6421 195.6928 536.7731 246.9800
94__1__0___1024 0.9749 501.3191 377.7117 582.6948 359.8095 600.9095 442.6062 519.5339 460.5084
94__1__0___1024 0.9726 793.8367 306.3612 865.7456 352.8261 819.1591 424.9232 747.2501 378.4583
511__1__2048___0 0.0598 777.5320 802.9642 820.4190 808.3229 817.1675 834.3458 774.2805 828.9872
245__1__1536___1536 0.0513 719.5570 867.2980 732.3527 873.4114 727.4956 883.5776 714.7000 877.4642
30__1__2560___2560 0.3964 655.8499 231.8105 695.4157 224.5840 702.8149 265.0951 663.2491 272.3216
30__1__2560___2560 0.2676 565.9924 410.8737 596.5315 385.1730 620.7146 413.9088 590.1755 439.6094
30__1__2560___2560 0.1929 669.4385 332.4214 711.2229 301.9740 740.7214 342.4561 698.9370 372.9035
30__1__2560___2560 0.1291 192.8638 452.7833 238.6551 424.0868 266.5215 468.5534 220.7302 497.2499
30__1__2560___2560 0.1209 474.1350 273.1643 508.1977 251.0187 529.1001 283.1693 495.0374 305.3149
30__1__2560___2560 0.1066 610.0986 176.6925 643.7204 154.1973 667.6116 189.9056 633.9898 212.4008
30__1__2560___2560 0.1010 922.3336 57.9534 953.8588 33.5774 977.3652 63.9780 945.8401 88.3540
507__1__2560___1536 0.0602 498.9630 838.5952 538.8956 858.7252 519.2983 897.6009 479.3657 877.4708
609__1__2048___0 0.0622 -4.8847 769.8231 21.1974 753.4572 44.2344 790.1707 18.1523 806.5366
344__1__1024___1536 0.4361 37.1455 24.7324 106.2041 47.7331 85.3538 110.3354 16.2952 87.3348
344__1__1024___1536 0.3917 372.7381 343.7883 443.4285 370.0793 420.8742 430.7225 350.1838 404.4315
344__1__1024___1536 0.2955 177.7765 266.9065 236.4612 306.8704 201.3122 358.4846 142.6276 318.5207
344__1__1024___1536 0.2505 66.1669 232.3026 133.9047 255.5930 113.6701 314.4433 45.9323 291.1528
344__1__1024___1536 0.2193 271.2670 303.7154 345.6462 333.2039 321.3336 394.5281 246.9543 365.0396
304__1__2560___2048 0.4337 939.2228 725.4491 1002.2183 698.4253 1023.8449 748.8392 960.8495 775.8630
87__1__512___512 0.2549 658.7252 608.7647 710.8058 604.7886 713.8478 644.6330 661.7672 648.6091
125__1__0___1536 0.9491 52.6913 300.7853 125.4678 250.3911 172.0122 317.6078 99.2357 368.0021
274__1__1536___1536 0.1202 213.9294 426.8185 245.6327 427.0041 245.4518 457.9011 213.7485 457.7155
274__1__1536___1536 0.0838 85.7107 178.6575 115.0818 164.8682 128.4523 193.3474 99.0813 207.1367
74__1__1024___3072 0.2490 809.1259 554.1734 844.2883 531.5840 867.7133 568.0472 832.5510 590.6365
74__1__1024___3072 0.0860 674.0080 639.6370 711.6995 623.7385 729.6727 666.3484 691.9812 682.2469
74__1__1024___3072 0.0750 767.8625 491.0024 800.6771 467.4847 826.8605 504.0190 794.0459 527.5367
74__1__1024___3072 0.0580 553.4793 723.1713 593.6357 730.4222 587.2242 765.9304 547.0677 758.6795
582__1__1024___1536 0.0689 35.3010 8.9970 109.7909 63.6115 59.4152 132.3200 -15.0747 77.7054
582__1__1024___1536 0.0595 284.5384 438.8502 350.7587 468.0551 320.4673 536.7388 254.2471 507.5339
231__1__1536___1536 0.1149 4.7623 213.4155 35.6322 210.5026 38.8612 244.7221 7.9914 247.6351
290__1__1024___2560 0.2146 419.9600 704.2622 448.8627 719.3433 435.2967 745.3424 406.3940 730.2614
290__1__1024___2560 0.0963 430.1503 554.4520 458.8308 562.3069 452.5639 585.1889 423.8835 577.3340
339__1__1536___512 0.0973 16.1793 935.4756 42.1562 944.1372 31.5590 975.9193 5.5821 967.2577
125__1__0___512 0.9866 507.1595 739.4304 582.6884 690.2968 632.2546 766.4907 556.7257 815.6243
125__1__0___512 0.9856 449.1969 802.4221 532.3225 791.2632 543.3233 873.2113 460.1978 884.3702
125__1__0___512 0.1078 478.5995 37.4504 541.3869 -5.7880 589.9562 64.7404 527.1688 107.9788
125__1__0___512 0.0571 564.8472 169.8249 620.0438 120.0012 673.7798 179.5320 618.5831 229.3557
681__1__512___2560 0.0577 815.8574 30.3873 900.0229 32.7270 898.2276 97.3104 814.0621 94.9708
681__1__512___2560 0.0521 752.0249 745.5862 823.7870 755.1014 814.5914 824.4536 742.8293 814.9384
448__1__512___2048 0.0586 914.2838 343.2751 994.4807 341.8974 995.7709 417.0024 915.5740 418.3801
94__1__512___1024 0.9876 6.4236 141.9325 76.3132 138.8888 80.1651 227.3363 10.2755 230.3800
94__1__512___1024 0.9788 -1.1288 380.1807 68.7144 360.9646 90.0200 438.4020 20.1767 457.6181
94__1__512___1024 0.9727 281.7287 306.3751 353.7254 352.7118 307.2739 424.8870 235.2772 378.5503
94__1__512___1024 0.0971 -33.9921 413.0002 -0.3256 391.6540 28.9630 437.8467 -4.7035 459.1930
94__1__512___1024 0.0501 -28.6470 382.9112 -5.5848 361.9098 23.5376 393.8899 0.4753 414.8913
274__1__1024___0 0.2877 802.6340 874.3561 832.4496 858.0773 847.5987 885.8235 817.7830 902.1024
274__1__1024___0 0.0572 789.8259 887.2724 827.4542 897.2753 819.2413 928.1703 781.6129 918.1674
582__1__1536___0 0.0774 105.9854 -3.3863 198.0809 23.8418 170.8310 116.0108 78.7355 88.7827
408__1__512___1024 0.3748 939.1080 892.7463 975.0206 905.4506 963.0181 939.3795 927.1055 926.6751
408__1__512___1024 0.0884 987.4395 918.1405 1018.8843 937.6035 996.1072 974.4028 964.6623 954.9399
410__1__2048___3072 0.0517 339.5787 546.6480 391.3587 559.5647 371.6486 638.5782 319.8686 625.6615
376__1__2048___2048 0.0568 390.8682 756.6310 429.2943 756.0371 429.8943 794.8699 391.4683 795.4637
235__1__2048___2048 0.0871 573.4358 431.2872 618.8918 475.1008 565.2871 530.7148 519.8311 486.9011
446__1__3072___0 0.3789 528.0042 255.3531 550.4302 241.3507 561.8861 259.6982 539.4600 273.7006
446__1__1536___2048 0.0701 120.7815 784.0039 140.9417 781.6263 144.1611 808.9244 124.0010 811.3021
670__1__2048___1024 0.0568 789.8489 4.4264 844.7113 36.7140 808.8882 97.5840 754.0258 65.2965
363__1__1024___1536 0.1329 240.1430 380.7522 386.3527 334.1044 431.3845 475.2490 285.1747 521.8968
410__1__1024___3072 0.1604 951.3343 77.9815 1023.0685 89.9445 1006.1450 191.4237 934.4108 179.4607
87__1__2048___512 0.2727 360.5644 130.6685 407.6033 95.6388 444.6159 145.3405 397.5770 180.3701
87__1__2048___512 0.0821 217.8879 278.1104 263.8815 234.3857 311.0288 283.9795 265.0352 327.7042
364__1__512___1536 0.1325 752.2913 380.7307 898.5952 334.2386 943.4454 475.3759 797.1415 521.8679
344__1__3072___1536 0.6004 646.7209 956.4341 699.6621 919.7647 742.6564 981.8375 689.7152 1018.5069
527__1__2560___1024 0.0521 102.1483 260.8345 145.5618 261.9117 144.5435 302.9522 101.1300 301.8750
470__1__512___1536 0.0683 7.7118 924.9288 61.6189 932.2944 52.5916 998.3631 -1.3156 990.9974
376__1__2048___2560 0.0568 390.8681 244.6310 429.2942 244.0371 429.8943 282.8699 391.4683 283.4637
477__1__2048___1536 0.0532 217.4572 -5.4099 296.1572 21.9250 266.0828 108.5125 187.3827 81.1776
670__1__1536___512 0.1284 -14.0122 5.5743 48.9068 -0.7946 55.8439 67.7375 -7.0750 74.1064
681__1__2048___2560 0.0620 661.0927 -0.9599 722.3154 25.9538 697.3751 82.6874 636.1524 55.7738
686__1__2560___2560 0.9429 229.7963 82.1206 320.0251 1.6949 400.2852 91.7379 310.0564 172.1636
686__1__2560___2560 0.8941 106.5259 1.0684 216.6258 14.4093 209.0142 77.2265 98.9143 63.8856
670__1__1024___512 0.1450 503.9827 6.2426 566.1315 6.7052 565.6450 72.0599 503.4962 71.5972
448__1__1536___1536 0.1680 -4.4734 679.0775 51.1542 680.3557 49.3514 758.8166 -6.2762 757.5384
231__1__1024___0 0.6723 323.3151 963.1437 367.7034 989.9244 344.5764 1028.2567 300.1881 1001.4761
596__1__1536___0 0.0595 -2.3849 602.0529 43.1727 599.0414 47.2842 661.2391 1.7265 664.2505
596__1__1536___0 0.0529 145.3899 22.9762 205.1658 52.7379 168.2055 126.9722 108.4295 97.2105
128__1__2560___1024 0.1530 8.2397 101.1096 41.4202 82.9113 65.0244 125.9483 31.8439 144.1466
344__1__0___1024 0.5717 537.9001 346.8139 610.8623 370.6539 590.6943 432.3780 517.7322 408.5381
344__1__0___1024 0.5337 775.2809 637.6548 838.8657 659.1356 820.1606 714.5042 756.5758 693.0235
344__1__0___1024 0.4601 883.7771 670.6105 949.8374 698.9302 924.5251 757.9753 858.4648 729.6556
344__1__0___1024 0.3787 569.1353 564.7635 630.1653 581.0835 612.7109 646.3557 551.6808 630.0356
344__1__0___1024 0.2408 563.7659 133.2512 623.9382 158.5620 595.1644 226.9668 534.9921 201.6560
344__1__0___1024 0.2126 666.2471 596.0787 740.5636 623.0238 718.8055 683.0343 644.4890 656.0892
344__1__0___1024 0.1352 979.6300 717.7293 1017.4287 719.1524 1015.0358 782.7115 977.2371 781.2884
344__1__0___1024 0.0611 864.5903 459.0610 925.0763 498.4089 892.5689 548.3796 832.0829 509.0316
408__1__512___0 0.0568 220.6411 710.1176 278.8178 691.3596 295.6269 743.4917 237.4502 762.2497
125__1__0___1024 0.9866 507.1594 227.4303 582.6884 178.2968 632.2546 254.4908 556.7255 303.6244
125__1__0___1024 0.9856 449.1883 290.4286 532.3140 279.2546 543.3299 361.2043 460.2042 372.3783
125__1__0___1024 0.9491 52.6910 812.7853 125.4678 762.3909 172.0123 829.6080 99.2356 880.0024
662__1__1536___1024 0.0736 172.7061 106.4474 303.6502 69.8587 341.6520 205.8605 210.7080 242.4491
448__1__1536___2048 0.1679 -4.4787 167.0728 51.1502 168.3476 49.3519 246.8201 -6.2770 245.5453
662__1__1536___0 0.0685 475.9876 670.3121 619.3673 734.5640 562.2938 861.9252 418.9141 797.6733
314__1__2560___2048 0.0634 632.3879 -3.5851 668.8492 9.3940 659.7901 34.8431 623.3288 21.8639
128__1__2560___512 0.1524 8.2171 613.1495 41.4097 594.9149 65.0344 637.9191 31.8418 656.1537
128__1__2560___512 0.0657 617.1031 80.5796 646.5475 51.4734 677.0861 82.3668 647.6417 111.4730
128__1__2560___512 0.0601 122.4856 516.4935 154.8279 486.9685 186.0736 521.1956 153.7313 550.7206
128__1__2560___512 0.0528 484.8785 165.6476 519.7991 144.1890 544.5084 184.3995 509.5877 205.8581
94__1__512___512 0.9941 67.5545 426.1669 147.4529 457.8859 117.8974 532.3344 37.9991 500.6153
94__1__512___512 0.9896 205.5498 232.7882 277.0363 283.5858 228.9111 351.3114 157.4247 300.5138
94__1__512___512 0.9876 6.4234 653.9329 76.3134 650.8893 80.1649 739.3363 10.2749 742.3798
94__1__512___512 0.9769 -1.1397 892.0363 68.7740 873.2609 89.6091 950.8439 19.6954 969.6194
94__1__512___512 0.9727 282.9815 818.1300 353.9600 865.8174 306.0923 937.0643 235.1138 889.3770
94__1__512___512 0.9596 326.2894 469.9550 384.4866 416.1349 449.4617 486.3941 391.2645 540.2143
94__1__512___512 0.8955 927.0435 124.0876 983.1229 85.3814 1029.0056 151.8584 972.9261 190.5646
94__1__512___512 0.0863 -33.5696 923.8074 -0.6982 902.6400 30.1834 950.5966 -2.6879 971.7641
94__1__512___512 0.0644 -33.7657 445.1393 14.6217 425.4208 41.4098 491.1567 -6.9775 510.8751
94__1__512___512 0.0525 990.3558 104.6819 1026.6793 81.3659 1060.0298 133.3218 1023.7062 156.6378
23__1__1536___2560 0.0567 15.1838 137.5019 60.5106 118.0497 80.2711 164.0950 34.9443 183.5472
470__1__512___2048 0.0958 10.3473 592.1423 67.6050 597.3246 61.6100 663.5615 4.3523 658.3792
470__1__512___2048 0.0735 8.7122 412.7863 61.3299 420.4571 51.6595 486.7910 -0.9582 479.1202
470__1__512___2048 0.0593 -15.3078 74.5028 26.6608 43.2577 65.7682 95.7871 23.7996 127.0322
470__1__512___2048 0.0555 2.4981 770.5243 68.9984 767.1985 72.5865 838.9448 6.0862 842.2706
30__1__2048___2048 0.1253 704.9808 966.1955 749.1517 935.7075 778.8419 978.7225 734.6711 1009.2105
235__1__2560___2048 0.0523 7.3074 485.8992 64.4978 435.2058 102.8431 478.4655 45.6527 529.1589
363__1__1536___2560 0.1533 -24.9678 29.0432 87.3385 -7.0220 129.0932 123.0014 16.7870 159.0666
679__1__3072___2048 0.0905 7.1109 123.7389 36.6450 126.2637 31.7831 183.1363 2.2490 180.6115
120__1__0___2048 0.1325 327.4135 319.1743 365.0483 316.1321 368.3253 356.6723 330.6905 359.7145
120__1__0___2048 0.0908 260.0482 650.2332 299.1984 646.7764 302.4560 683.6714 263.3058 687.1281
477__1__1024___512 0.1104 2.1346 403.6355 51.6913 402.0732 54.3639 486.8534 4.8073 488.4157
689__1__2560___0 0.0697 -2.1761 816.2045 48.2726 801.0137 69.6953 872.1583 19.2466 887.3491
616__1__1536___512 0.1260 1004.0554 816.3052 1020.2515 817.9730 1017.2433 847.1880 1001.0472 845.5203
298__1__2048___2560 0.0547 201.2131 244.6011 219.8209 246.3882 218.2780 262.4543 199.6702 260.6673
100__1__512___2048 0.2762 54.9829 49.7778 87.3495 23.4810 115.3712 57.9707 83.0046 84.2674
290__1__512___3072 0.2170 931.7435 192.2610 960.8152 207.1018 947.5010 233.1831 918.4293 218.3422
290__1__512___3072 0.0943 944.4903 40.9376 971.2941 53.3832 961.4059 74.6792 934.6021 62.2336
290__1__512___3072 0.0513 942.3462 97.9966 964.8472 105.8227 958.1875 124.9703 935.6865 117.1441
87__1__1536___512 0.2736 872.5782 130.5257 919.6938 95.6354 956.5867 145.4553 909.4711 180.3456
87__1__1536___512 0.0821 729.8879 278.1104 775.8815 234.3857 823.0288 283.9795 777.0352 327.7042
87__1__1536___512 0.0600 55.5607 624.4590 137.9714 603.2051 158.9559 684.5717 76.5452 705.8255
676__1__2560___512 0.0681 598.5496 768.8295 623.8011 790.5911 608.2368 808.6514 582.9853 786.8898
676__1__2560___512 0.0636 555.5553 946.4988 583.4279 966.9146 566.9730 989.3795 539.1005 968.9637
662__1__1024___2048 0.1084 98.0060 335.7519 139.8769 311.9175 158.4943 344.6235 116.6234 368.4579
461__1__1024___0 0.0702 960.7573 912.4883 1012.5126 937.6987 981.1414 1002.1019 929.3860 976.8915
394__1__512___0 0.0853 426.2955 459.1909 494.1508 451.1969 503.7194 532.4185 435.8641 540.4124
394__1__512___0 0.0849 158.7648 71.0825 193.3363 63.3539 203.0756 106.9197 168.5041 114.6483
30__1__2560___2048 0.3964 655.8499 743.8105 695.4157 736.5839 702.8149 777.0950 663.2491 784.3216
30__1__2560___2048 0.2637 566.0305 923.2460 596.1639 897.2302 620.7502 925.7079 590.6167 951.7237
30__1__2560___2048 0.1929 669.4385 844.4215 711.2228 813.9740 740.7215 854.4561 698.9372 884.9036
30__1__2560___2048 0.1397 878.1287 502.6160 914.5200 480.0605 936.0042 514.7233 899.6128 537.2788
30__1__2560___2048 0.1253 192.9809 966.1955 237.1517 935.7075 266.8419 978.7225 222.6711 1009.2105
30__1__2560___2048 0.1209 474.1350 785.1642 508.1978 763.0187 529.1001 795.1694 495.0374 817.3149
30__1__2560___2048 0.1115 922.1112 571.9813 951.7178 545.6891 977.2518 574.4419 947.6452 600.7341
30__1__2560___2048 0.1066 610.0984 688.6930 643.7198 666.1971 667.6117 701.9050 633.9902 724.4009
678__1__512___2048 0.1006 807.7594 257.3273 878.2253 258.5174 877.0670 327.0966 806.6011 325.9065
678__1__512___2048 0.0759 721.6591 80.6979 792.9664 82.5987 791.0383 154.9283 719.7310 153.0275
678__1__512___2048 0.0513 752.1245 241.8141 809.2433 283.7107 765.3541 343.5459 708.2354 301.6492
470__1__1024___1024 0.0524 950.0082 139.6544 983.4294 136.4847 987.2718 176.9978 953.8506 180.1675
87__1__1024___512 0.2549 146.7259 608.7632 198.8065 604.7902 201.8462 644.6347 149.7656 648.6078
87__1__1024___512 0.0577 568.2853 620.5045 652.2590 604.7383 667.8400 687.7266 583.8664 703.4927
245__1__2560___512 0.1064 865.8082 260.3748 882.3981 254.0977 888.3367 269.7930 871.7468 276.0701
314__1__0___2560 0.9735 494.3568 536.8710 534.0104 568.7861 502.7341 607.6461 463.0804 575.7310
314__1__0___2560 0.9557 293.9846 415.3165 344.2490 436.8758 324.0839 483.8895 273.8195 462.3302
314__1__0___2560 0.9357 701.7029 270.2275 740.6787 306.7274 702.5765 347.4141 663.6007 310.9142
314__1__0___2560 0.9354 494.8773 469.5391 545.1617 446.8118 565.8495 492.5837 515.5651 515.3110
314__1__0___2560 0.1373 202.0934 161.8643 248.8256 204.1684 210.0997 246.9478 163.3675 204.6437
314__1__0___2560 0.1362 560.1323 419.9785 592.2506 441.4775 563.2750 484.7654 531.1567 463.2664
31__1__2560___1024 0.2006 254.1610 182.2265 315.6147 132.0753 364.6928 192.2140 303.2390 242.3652
461__1__2048___3072 0.0711 110.2576 791.0396 150.6993 765.2065 181.1481 812.8740 140.7064 838.7071
461__1__2048___3072 0.0505 53.5310 10.7421 100.2232 2.8148 104.7463 29.4559 58.0540 37.3832
446__1__2048___512 0.2874 688.8939 12.7451 716.3293 26.3405 705.3379 48.5210 677.9025 34.9256
446__1__2048___512 0.1127 926.0795 104.4977 957.7476 109.2575 952.9297 141.3122 921.2615 136.5524
34__1__512___3072 0.1505 435.4393 852.5533 458.9599 835.5593 473.6898 855.9463 450.1692 872.9403
34__1__512___3072 0.0857 314.8652 837.7994 342.0996 813.6438 365.9427 840.5259 338.7083 864.6815
34__1__512___3072 0.0759 452.2193 737.2713 485.8276 719.2502 504.7995 754.6318 471.1912 772.6529
34__1__512___3072 0.0737 356.1187 898.4944 389.8482 876.2213 411.0138 908.2736 377.2843 930.5466
34__1__512___3072 0.0640 69.0042 1013.2108 94.9794 1002.9430 101.9569 1020.5945 75.9817 1030.8623
34__1__512___3072 0.0589 640.3834 818.7485 662.7364 800.7916 689.2528 833.7993 666.8998 851.7563
34__1__512___3072 0.0582 749.9718 624.9168 787.1455 594.0269 818.4210 631.6646 781.2473 662.5545
178__1__2560___2560 0.0568 220.6411 198.1177 278.8177 179.3595 295.6269 231.4916 237.4503 250.2498
655__1__0___1024 0.0907 714.6843 569.3392 828.6498 492.2290 907.0336 608.0769 793.0681 685.1871
100__1__0___2048 0.2806 566.9966 49.8346 599.3200 23.4510 627.4105 57.8656 595.0871 84.2492
100__1__0___2048 0.0788 398.6092 67.0414 439.4943 63.4149 442.8234 100.9472 401.9383 104.5737
100__1__0___2048 0.0716 260.6844 177.8755 294.2092 152.8595 316.2042 182.3358 282.6794 207.3518
100__1__0___2048 0.0665 308.3216 235.2724 341.6367 214.7070 361.1641 246.3405 327.8490 266.9059
448__1__1536___0 0.0653 -10.2290 844.6033 66.5649 835.3805 73.0627 889.4847 -3.7312 898.7075
418__1__512___1024 0.0507 996.3904 928.8116 1025.3770 937.0679 1016.2272 969.1915 987.2406 960.9351
10__1__1024___2560 0.0747 9.5392 875.4821 43.6847 879.5984 38.4680 922.8724 4.3225 918.7560
120__1__0___1024 0.1458 980.6695 512.7405 1014.0563 517.8903 1008.2460 555.5585 974.8593 550.4086
655__1__0___3072 0.0989 396.6159 92.6761 456.6891 133.6768 410.2924 201.6562 350.2191 160.6555
655__1__0___3072 0.0568 226.7461 14.8518 369.1579 28.5311 356.7424 157.7859 214.3306 144.1066
688__1__0___512 0.1304 877.3007 485.4816 995.9662 580.7228 907.8855 690.4669 789.2199 595.2257
274__1__512___512 0.0780 863.7594 876.7241 904.5403 849.4043 928.1506 884.6479 887.3697 911.9678
685__1__0___3072 0.0846 436.6848 25.2587 571.5699 14.3303 581.7211 139.6216 446.8360 150.5501
304__1__2560___2560 0.4338 939.2228 213.4489 1002.2184 186.4253 1023.8449 236.8393 960.8494 263.8630
392__1__2048___1536 0.0770 452.9396 182.3303 523.0833 173.0129 534.5193 259.1066 464.3757 268.4240
392__1__2048___1536 0.0546 564.4889 950.2075 635.0063 932.1675 654.0773 1006.7149 583.5599 1024.7549
645__1__1536___512 0.1853 528.5293 715.8884 648.3761 658.3452 705.1414 776.5715 585.2946 834.1148
645__1__1536___512 0.0543 386.7852 818.8636 488.3148 744.2874 582.6922 872.7746 481.1626 947.3508
231__1__1536___1024 0.1149 4.7624 725.4155 35.6322 722.5026 38.8612 756.7222 7.9914 759.6351
448__1__2048___2560 0.0920 831.5070 987.6871 900.9337 970.4514 910.7777 1010.1039 841.3510 1027.3396
446__1__1024___2560 0.0700 632.7760 272.0025 652.9396 269.6236 656.1604 296.9221 635.9968 299.3011
448__1__2560___2560 0.0920 319.5064 987.6884 388.9327 970.4526 398.7764 1010.1036 329.3501 1027.3394
582__1__1024___3072 0.0632 439.8009 2.0892 517.1527 25.5138 497.6998 89.7507 420.3479 66.3261
418__1__2048___1536 0.0504 146.2839 607.1727 177.8746 610.1946 173.6374 654.4911 142.0467 651.4692
298__1__1024___2048 0.0791 980.2255 686.1315 996.3713 693.7950 990.2916 706.6042 974.1458 698.9407
10__1__512___3072 0.0541 490.7923 451.9788 563.3972 444.6488 571.5406 525.3110 498.9357 532.6409
477__1__1536___1536 0.0532 729.4543 -5.4086 808.1554 21.9260 778.0820 108.5127 699.3809 81.1781
662__1__1024___1024 0.0715 680.8650 121.2915 803.5103 67.2867 858.8047 192.8605 736.1594 246.8653
685__1__3072___0 0.0530 14.1490 283.0985 117.4831 302.0980 89.0712 456.6238 -14.2629 437.6243
345__1__512___512 0.2627 815.3367 866.3467 890.2750 903.3641 860.2254 964.1967 785.2871 927.1793
345__1__512___512 0.2419 695.0476 837.5277 772.8330 843.8575 767.4200 910.3761 689.6346 904.0463
345__1__512___512 0.2351 603.0469 360.2892 666.1564 383.1787 640.3080 454.4461 577.1986 431.5566
345__1__512___512 0.1630 928.7091 905.7259 996.0449 943.7165 962.6187 1002.9622 895.2828 964.9716
120__1__0___2560 0.0909 260.0483 138.2350 299.1982 134.7778 302.4561 171.6713 263.3062 175.1285
461__1__1536___2048 0.0557 154.3427 6.3630 191.2675 -0.3593 196.7452 29.7295 159.8204 36.4517
392__1__2560___2048 0.0844 55.0395 435.7105 122.9490 422.7723 138.7962 505.9507 70.8868 518.8889
337__1__0___2048 0.0574 102.0899 917.2012 126.5632 924.7457 114.8953 962.5953 90.4220 955.0508
337__1__0___2048 0.0546 42.1206 942.9210 75.5864 946.9923 69.9374 993.4264 36.4716 989.3551
87__1__1536___1024 0.0601 55.8084 113.0189 137.8325 91.0533 159.4815 171.8949 77.4573 193.8605
342__1__0___512 0.5064 539.0368 858.7582 611.2256 883.0612 590.9200 943.3761 518.7312 919.0731
342__1__0___512 0.3215 868.6492 975.1114 911.1680 1004.5678 886.9453 1039.5320 844.4265 1010.0756
342__1__0___512 0.2359 576.0071 643.1180 628.7617 680.8641 585.1588 741.8041 532.4042 704.0580
342__1__0___512 0.1202 758.5502 930.5480 821.9386 968.9229 789.7561 1022.0825 726.3677 983.7076
10__1__512___2048 0.0616 108.6998 552.1950 172.8695 542.0673 186.1270 626.0672 121.9574 636.1949
94__1__1536___0 0.9812 150.0794 916.9869 220.1739 856.9261 280.6294 927.4812 210.5349 987.5420
94__1__1536___0 0.8848 691.5963 452.4105 765.9596 420.4767 801.3138 502.8053 726.9504 534.7390
94__1__1536___0 0.7083 339.8067 683.9318 413.1136 624.1835 474.3504 699.3167 401.0435 759.0650
94__1__1536___0 0.3017 126.9201 486.0657 199.0315 427.8472 256.8828 499.5038 184.7713 557.7222
125__1__2048___2560 0.1186 12.6021 325.6499 73.7831 326.2823 72.9650 405.4208 11.7840 404.7883
691__1__1024___0 0.0609 -1.0049 783.2661 98.0327 736.8197 151.8001 851.4678 52.7626 897.9142
446__1__3072___2048 0.6624 539.4736 30.5564 564.0352 47.1785 551.8110 65.2414 527.2495 48.6193
298__1__1024___2560 0.0791 980.2255 174.1315 996.3713 181.7949 990.2916 194.6042 974.1458 186.9408
645__1__2048___1024 0.2184 16.1501 207.3339 132.3016 144.6542 194.7038 260.2915 78.5523 322.9712
339__1__1536___1024 0.0978 16.4036 423.5227 42.1794 432.3761 31.3634 463.8659 5.5876 455.0124
231__1__512___0 0.6723 835.3151 963.1438 879.7033 989.9244 856.5764 1028.2567 812.1882 1001.4761
360__1__1024___1536 0.1595 8.2554 795.3311 56.2795 796.9604 53.5878 876.2982 5.5636 874.6688
360__1__1024___1536 0.1089 37.5430 601.0789 95.5870 612.2620 81.0923 687.4942 23.0483 676.3111
408__1__512___512 0.0568 220.6411 198.1177 278.8177 179.3595 295.6269 231.4916 237.4503 250.2498
576__1__512___0 0.0758 28.6209 540.5925 95.4390 558.5895 75.1414 633.9490 8.3233 615.9520
376__1__1536___2048 0.0578 902.8940 756.6070 941.2964 756.0482 941.8618 794.9056 903.4594 795.4644
477__1__1024___0 0.0966 1.2374 918.3236 50.9450 916.1571 54.6097 1000.2402 4.9022 1002.4067
245__1__1536___2048 0.0513 719.5576 355.2974 732.3533 361.4120 727.4950 371.5786 714.6993 365.4640
645__1__1024___1536 0.0772 655.8687 210.0553 773.9804 255.3392 724.6935 383.8918 606.5817 338.6078
511__1__2560___512 0.0598 265.5318 290.9646 308.4186 296.3224 305.1676 322.3455 262.2808 316.9877
342__1__3072___2048 0.4966 649.0417 443.6263 698.5383 411.7426 738.9014 474.4029 689.4048 506.2865
342__1__3072___2048 0.0891 616.8424 580.3782 685.4976 553.7391 708.0557 611.8764 639.4005 638.5155
344__1__512___1536 0.5333 263.2903 125.6506 326.8868 147.1599 308.1632 202.5199 244.5667 181.0106
344__1__512___1536 0.5255 481.1273 192.6587 542.0685 224.7593 512.4965 280.9000 451.5553 248.7994
344__1__512___1536 0.4602 371.7677 158.6149 437.8290 186.9243 412.5279 245.9656 346.4666 217.6562
344__1__512___1536 0.4322 36.0502 68.2656 97.5550 48.4666 118.9263 114.8560 57.4216 134.6550
344__1__512___1536 0.3706 882.9647 344.5967 954.9482 368.9387 934.3329 429.9019 862.3494 405.5599
344__1__512___1536 0.3010 689.7703 266.8585 748.4348 306.8560 713.2468 358.4663 654.5823 318.4688
344__1__512___1536 0.2452 595.0283 227.6323 650.8700 272.5464 612.8834 319.7753 557.0416 274.8612
344__1__512___1536 0.2225 151.6765 84.2648 227.7857 106.2100 209.6636 169.0602 133.5544 147.1150
344__1__512___1536 0.2188 783.2636 303.7005 857.6530 333.2079 833.3276 394.5334 758.9382 365.0261
344__1__512___1536 0.2132 552.0153 22.8206 619.6284 50.1834 594.8901 111.3112 527.2770 83.9484
314__1__512___2048 0.9357 189.7030 782.2275 228.6787 818.7275 190.5764 859.4141 151.6007 822.9141
314__1__512___2048 0.3105 0.0871 986.8943 21.7747 968.1376 48.4608 998.9937 26.7732 1017.7503
314__1__512___2048 0.0751 53.4565 930.0409 84.7896 953.8161 51.9587 997.0835 20.6257 973.3083
649__1__2048___2560 0.0874 10.6249 7.4412 37.8105 2.7209 41.8698 26.1000 14.6843 30.8203
364__1__1024___1536 0.1329 240.1430 380.7522 386.3527 334.1044 431.3845 475.2490 285.1747 521.8968
392__1__2048___0 0.3997 130.0738 960.9576 168.8966 953.0700 177.8898 997.3350 139.0670 1005.2226
392__1__2048___0 0.2324 119.1115 879.6351 155.4743 867.8318 168.3050 907.3599 131.9422 919.1632
392__1__2048___0 0.0778 0.3208 960.9792 27.4326 949.5701 42.9940 986.5490 15.8823 997.9581
582__1__512___1024 0.2799 786.3304 958.4147 852.4995 962.5339 848.8008 1021.9489 782.6317 1017.8297
204__1__0___1536 0.0642 608.5515 382.0483 728.2594 410.1689 698.7432 535.8182 579.0353 507.6976
382__1__1024___2048 0.0719 973.2516 296.0291 1028.7054 304.6271 1014.7346 394.7332 959.2808 386.1352
678__1__2560___1536 0.0727 195.7006 19.4369 254.6494 25.0579 248.6719 87.7448 189.7232 82.1238
314__1__512___2560 0.9357 189.7031 270.2275 228.6787 306.7275 190.5763 347.4141 151.6007 310.9141
314__1__512___2560 0.2704 27.2842 456.6375 50.5178 473.9978 21.5384 512.7812 -1.6952 495.4209
314__1__512___2560 0.1416 51.4030 419.0278 83.7280 443.2360 51.5409 486.2151 19.2159 462.0070
461__1__1024___2048 0.0557 666.3421 6.3627 703.2672 -0.3626 708.7475 29.7269 671.8224 36.4522
304__1__3072___2048 0.3714 432.7045 713.1332 504.1910 696.8226 518.5387 759.7061 447.0522 776.0167
620__1__3072___1024 0.0757 1001.8416 516.5064 1022.2745 526.9420 1009.6418 551.6768 989.2089 541.2412
34__1__1024___3072 0.5159 530.9581 418.0433 570.0623 422.1804 565.8642 461.8607 526.7600 457.7236
34__1__1024___3072 0.3125 605.3987 272.6175 655.3497 253.6178 671.2529 295.4284 621.3019 314.4281
34__1__1024___3072 0.1562 894.6838 171.9867 940.4926 146.3523 963.7186 187.8573 917.9097 213.4917
34__1__1024___3072 0.1143 845.7727 112.3166 890.3721 82.2227 917.6232 122.6089 873.0238 152.7029
34__1__1024___3072 0.0589 128.3843 818.7403 150.7427 800.7908 177.2503 833.8093 154.8919 851.7588
34__1__1024___3072 0.0582 237.9718 624.9169 275.1455 594.0269 306.4210 631.6646 269.2474 662.5545
94__1__1024___512 0.9831 661.9119 405.7244 731.4809 344.9651 792.5890 414.9334 723.0200 475.6928
94__1__1024___512 0.9485 464.0382 81.4279 530.1176 136.5602 480.7933 195.6784 414.7139 140.5462
94__1__1024___512 0.7115 851.6015 171.9437 925.4153 112.0616 986.5408 187.4081 912.7270 247.2902
670__1__1536___0 0.1230 -2.1407 510.0722 58.7767 518.1209 49.9702 584.7742 -10.9473 576.7255
461__1__2560___1024 0.0597 251.4377 954.4974 305.9588 927.6589 334.4077 985.4513 279.8865 1012.2899
688__1__512___1024 0.1756 354.3752 -13.1065 475.4997 56.5840 409.2399 171.7458 288.1154 102.0554
100__1__0___1024 0.1699 708.4794 977.8865 739.8900 958.4075 761.1297 992.6572 729.7191 1012.1362
662__1__2048___0 0.3445 929.1464 438.3477 993.1365 477.8129 956.3972 537.3831 892.4071 497.9179
274__1__512___1024 0.0784 863.7596 364.7092 904.5552 337.3992 928.1528 372.6493 887.3572 399.9593
446__1__2048___0 0.3299 687.9450 526.2982 716.1133 538.6182 706.5298 560.5297 678.3615 548.2097
446__1__2048___0 0.1127 926.0906 616.4739 957.7614 621.2670 952.9088 653.3304 921.2380 648.5373
446__1__2048___0 0.0758 892.7057 88.4654 920.1377 73.5304 931.3274 94.0833 903.8954 109.0182
34__1__0___3072 0.1856 945.4795 850.3560 971.2460 835.2232 984.6637 858.0694 958.8972 873.2022
34__1__0___3072 0.1300 977.2612 720.7924 1013.3156 733.4375 1000.7037 769.3970 964.6493 756.7518
34__1__0___3072 0.0857 826.8652 837.7995 854.0997 813.6438 877.9428 840.5259 850.7083 864.6816
34__1__0___3072 0.0738 868.1229 898.5097 901.8599 876.2289 923.0262 908.2785 889.2891 930.5593
34__1__0___3072 0.0634 580.9911 1013.3134 606.9327 1002.9366 613.9971 1020.5971 588.0554 1030.9739
274__1__1024___1024 0.1244 725.5294 939.9077 757.0605 938.5776 758.3832 969.9344 726.8521 971.2645
274__1__1024___1024 0.0838 597.7273 690.6289 627.1163 676.8884 640.4399 705.3859 611.0509 719.1263
274__1__1024___1024 0.0785 351.7595 364.7092 392.5548 337.3992 416.1525 372.6492 375.3572 399.9591
274__1__1024___1024 0.0665 811.2198 432.0235 845.5356 414.6647 861.2857 445.8004 826.9699 463.1592
342__1__0___1536 0.4432 573.4893 49.6464 634.5002 72.2788 611.8959 133.2139 550.8851 110.5815
342__1__0___1536 0.4159 771.4720 125.7423 838.8317 141.6251 824.7755 201.2380 757.4159 185.3553
342__1__0___1536 0.3025 883.0164 158.8700 951.1386 185.7621 927.2658 246.2358 859.1436 219.3437
342__1__0___1536 0.2094 665.7334 84.1099 741.4366 110.7260 720.2239 171.0606 644.5207 144.4445
342__1__0___1536 0.1475 978.7264 206.9563 1017.7794 208.0908 1015.9456 271.2139 976.8926 270.0794
681__1__512___3072 0.0521 752.0248 233.5863 823.7869 243.1013 814.5914 312.4535 742.8293 302.9385
340__1__2560___0 0.0774 3.0413 409.1471 45.5076 411.0005 42.9968 468.5312 0.5304 466.6778
344__1__0___1536 0.5333 775.2909 125.6504 838.8870 147.1608 820.1626 202.5200 756.5665 181.0096
344__1__0___1536 0.4601 883.7744 158.6136 949.8351 186.9262 924.5295 245.9710 858.4687 217.6584
344__1__0___1536 0.4295 562.3640 57.7292 624.9184 63.2369 619.0977 129.3458 556.5433 123.8381
344__1__0___1536 0.2230 663.6733 84.2732 739.7363 106.2743 721.5726 169.0707 645.5095 147.0696
344__1__0___1536 0.1352 979.6299 205.7294 1017.4286 207.1524 1015.0358 270.7114 977.2371 269.2884
298__1__1536___2048 0.0593 467.8786 686.7795 484.2903 693.9630 478.6373 706.8780 462.2256 699.6945
298__1__1536___2048 0.0547 713.2131 756.6011 731.8209 758.3881 730.2780 774.4543 711.6702 772.6673
10__1__0___3072 0.0543 958.8436 144.8809 1021.8348 144.5075 1022.3069 224.1509 959.3157 224.5243
676__1__2560___1536 0.1637 596.9415 238.4816 632.9575 244.6768 627.7320 275.0556 591.7159 268.8605
645__1__2048___512 0.2184 16.1500 719.3342 132.3015 656.6541 194.7040 772.2912 78.5525 834.9713
457__1__2048___1024 0.0688 36.8980 6.7890 115.0805 7.9399 114.2306 65.6728 36.0481 64.5219
448__1__1536___512 0.0797 -7.6646 493.7800 69.8686 487.9439 74.4179 548.3816 -3.1154 554.2177
448__1__1536___512 0.0655 -9.9356 332.8465 66.6962 323.3414 73.3957 377.3536 -3.2361 386.8587
686__1__2560___2048 0.9494 121.5715 455.5169 233.4185 498.1791 191.2032 608.8543 79.3563 566.1921
686__1__2560___2048 0.9476 314.6156 512.1268 401.9151 596.4262 316.6909 684.6835 229.3914 600.3841
100__1__1536___1024 0.2862 430.2077 34.3463 458.0651 10.1010 477.8373 32.8189 449.9799 57.0642
100__1__1536___1024 0.1142 454.8464 62.5221 486.5110 49.1380 498.2396 76.8858 466.5750 90.2699
685__1__2048___2048 0.0712 507.6295 -3.6420 613.3362 65.9949 537.8687 180.5522 432.1620 110.9154
655__1__512___1024 0.0860 206.0773 569.9117 311.8714 487.0384 395.6789 594.0249 289.8849 676.8983
128__1__3072___0 0.0573 134.0298 563.4112 165.0882 593.6551 136.1111 623.4125 105.0527 593.1686
364__1__1024___2048 0.0748 262.1180 20.4243 441.0024 -1.7192 457.3920 130.6828 278.5076 152.8263
125__1__3072___1024 0.0676 944.9962 612.3391 1022.0505 615.8043 1018.5054 694.6328 941.4511 691.1675
34__1__1024___2560 0.5456 521.5883 944.9342 555.5377 925.0152 575.6179 959.2393 541.6685 979.1583
34__1__1024___2560 0.3125 605.3986 784.6176 655.3495 765.6178 671.2530 807.4283 621.3021 826.4281
34__1__1024___2560 0.1562 894.6837 683.9869 940.4923 658.3522 963.7185 699.8570 917.9099 725.4916
34__1__1024___2560 0.1138 845.7671 624.3227 890.3710 594.2192 917.6295 634.6077 873.0256 664.7112
34__1__1024___2560 0.0572 996.0718 514.1516 1019.4033 513.8936 1019.8608 555.2778 996.5294 555.5357
662__1__0___3072 0.0894 736.5117 373.9259 860.3368 330.9314 902.2759 451.7173 778.4508 494.7118
527__1__3072___2560 0.0687 367.2093 210.3558 400.2349 180.7407 430.4739 214.4620 397.4483 244.0771
681__1__2048___1024 0.1763 762.9603 940.0297 793.7330 923.8292 810.4805 955.6406 779.7078 971.8411
100__1__512___1024 0.1699 196.4794 977.8865 227.8900 958.4074 249.1298 992.6572 217.7191 1012.1363
204__1__512___1024 0.0921 70.9547 910.9100 203.6928 901.4672 211.6713 1013.6214 78.9332 1023.0642
87__1__1024___1024 0.2524 146.8466 96.6526 198.8983 93.0395 201.6602 132.8272 149.6085 136.4404
87__1__1024___1024 0.0565 568.4279 108.8328 652.2495 92.6523 668.2097 175.3325 584.3881 191.5130
125__1__512___512 0.9720 -1.9618 743.1667 68.2820 690.5205 121.5049 761.5338 51.2612 814.1799
125__1__512___512 0.1801 -3.0481 24.0149 47.3528 0.4883 82.6303 76.0634 32.2294 99.5900
125__1__512___512 0.0707 -24.7826 751.5195 16.5067 739.7867 30.4989 789.0275 -10.7904 800.7603
125__1__512___512 0.0618 52.9881 169.4841 108.6398 119.8719 162.0765 179.8137 106.4247 229.4259
457__1__1536___1024 0.0544 549.4504 9.9031 624.1595 6.3910 626.9818 66.4254 552.2728 69.9376
686__1__2048___2560 0.9413 741.7408 81.9854 832.1334 1.7007 912.2127 91.8621 821.8201 172.1467
686__1__2048___2560 0.8940 618.5159 1.0710 728.6337 14.4046 721.0274 77.2226 610.9096 63.8890
376__1__1536___2560 0.0578 902.8940 244.6070 941.2964 244.0482 941.8618 282.9055 903.4594 283.4643
94__1__0___512 0.9939 579.4820 426.3078 659.4579 457.8430 630.0893 532.3243 550.1133 500.7891
94__1__0___512 0.9920 485.7590 686.5134 558.6186 635.2127 609.6442 707.6815 536.7846 758.9822
94__1__0___512 0.9896 717.5499 232.7882 789.0363 283.5858 740.9111 351.3114 669.4247 300.5138
94__1__0___512 0.9736 502.2476 888.0294 584.1794 872.5795 599.9183 956.0442 517.9865 971.4941
94__1__0___512 0.9725 795.1059 818.1184 865.9930 865.9529 817.9725 937.1157 747.0854 889.2812
94__1__0___512 0.9573 838.4153 469.0275 897.6410 416.1390 961.3163 487.4441 902.0907 540.3325
245__1__2560___0 0.1064 865.8082 772.3748 882.3981 766.0977 888.3367 781.7930 871.7468 788.0701
401__1__2048___3072 0.0606 209.7660 404.4084 281.0642 443.9744 244.2359 510.3392 172.9377 470.7732
525__1__2048___2048 0.0732 538.9038 583.8759 569.6938 565.0565 590.5105 599.1144 559.7205 617.9337
342__1__512___1024 0.4995 21.8300 350.3752 96.4867 367.7379 81.8930 430.4880 7.2364 413.1254
342__1__512___1024 0.4421 483.4889 703.0621 543.8759 738.9774 511.1591 793.9867 450.7720 758.0715
342__1__512___1024 0.4178 259.4143 637.7671 326.8003 653.5762 312.8113 713.2041 245.4253 697.3950
342__1__512___1024 0.4027 42.4957 570.1325 108.4140 565.3923 113.4645 635.6255 47.5463 640.3658
342__1__512___1024 0.3875 881.5728 858.2844 954.2698 879.4945 936.2947 941.1036 863.5977 919.8936
342__1__512___1024 0.3239 64.0738 131.6868 116.2931 164.8150 73.9520 231.5564 21.7327 198.4282
342__1__512___1024 0.3025 371.0225 670.8541 439.1482 697.7635 415.2608 758.2383 347.1351 731.3289
342__1__512___1024 0.2978 690.6736 779.6454 748.9296 819.5940 713.8677 870.7238 655.6117 830.7753
342__1__512___1024 0.2368 557.7990 781.2109 601.8138 739.6050 650.3591 790.9609 606.3443 832.5668
342__1__512___1024 0.2018 153.8923 595.9506 229.5156 622.8812 208.0361 683.1974 132.4128 656.2668
342__1__512___1024 0.1819 796.0908 811.5156 859.7446 858.2997 821.1863 910.7617 757.5325 863.9775
342__1__512___1024 0.1217 554.1528 534.5322 622.7877 568.4681 595.1021 624.4619 526.4672 590.5259
342__1__512___1024 0.0969 352.7372 459.2609 413.7321 498.0792 380.7641 549.8815 319.7692 511.0633
342__1__512___1024 0.0778 240.3427 421.8018 304.6543 448.4100 280.6680 506.3845 216.3564 479.7762
676__1__3072___1536 0.1643 85.1971 238.2971 121.0423 244.9481 115.4087 275.3102 79.5635 268.6592
239__1__512___512 0.8088 666.1129 460.6960 691.9162 468.8618 681.6599 501.2712 655.8565 493.1055
655__1__0___2560 0.0972 396.3639 604.7001 456.7095 645.5364 410.5787 713.7057 350.2332 672.8694
314__1__2048___2048 0.2208 22.7499 901.6584 64.1075 936.9910 35.6066 970.3521 -5.7510 935.0195
314__1__2048___2048 0.0936 17.4367 535.4903 42.1640 553.2889 19.4014 584.9125 -5.3259 567.1139
596__1__1024___0 0.0523 657.2921 22.9616 717.1303 52.6984 680.2107 126.9903 620.3725 97.2535
689__1__2560___512 0.0689 -2.4186 304.2993 48.1197 288.7826 69.9493 359.8825 19.4110 375.3991
662__1__2560___1024 0.0796 484.8857 51.1482 595.2532 147.4604 509.3576 245.8911 398.9901 149.5789
344__1__3072___2048 0.5501 647.7658 445.7996 696.5013 410.5914 740.4600 471.4395 691.7245 506.6476
344__1__3072___2048 0.0998 614.8912 583.8236 681.4579 551.7355 708.5113 607.8577 641.9445 639.9457
681__1__1024___3072 0.0521 240.0247 233.5863 311.7869 243.1012 302.5915 312.4535 230.8293 302.9385
434__1__1536___2048 0.1011 371.5894 739.0341 440.4773 749.5261 429.8023 819.6152 360.9145 809.1232
434__1__1536___2048 0.0740 442.4899 834.7487 500.2859 835.4615 499.3950 907.7036 441.5990 906.9907
470__1__2048___1024 0.0661 -0.8041 422.6355 26.8578 421.0465 29.4504 466.1776 1.7884 467.7666
360__1__1024___2048 0.1597 8.2830 283.3102 56.2899 284.9607 53.5621 364.3015 5.5553 362.6510
360__1__1024___2048 0.1038 38.0764 88.4301 96.1090 100.3767 80.6186 175.6241 22.5860 163.6775
360__1__1024___2048 0.0577 234.2627 20.5536 286.7264 36.6063 261.7789 118.1400 209.3152 102.0873
100__1__0___1536 0.2996 567.1296 561.4041 599.8066 535.5389 627.3777 570.3709 594.7007 596.2361
100__1__0___1536 0.1733 709.6005 465.9382 741.7963 447.2361 761.9618 481.9513 729.7659 500.6534
100__1__0___1536 0.0716 260.6814 689.8765 294.2064 664.8599 316.2029 694.3376 282.6779 719.3542
100__1__0___1536 0.0665 308.3216 747.2725 341.6367 726.7070 361.1641 758.3405 327.8490 778.9059
100__1__0___1536 0.0612 399.2705 578.6203 439.7347 576.5820 441.6345 614.2980 401.1703 616.3363
527__1__2048___512 0.0522 614.1548 772.8283 657.5588 773.9116 656.5342 814.9643 613.1302 813.8810
679__1__2560___2048 0.0892 346.7055 87.4405 387.9894 75.7984 403.1590 129.5911 361.8751 141.2333
679__1__2560___2048 0.0585 234.6700 150.6998 273.6039 129.9243 300.2897 179.9344 261.3558 200.7098
681__1__2560___1536 0.1824 251.0512 427.9015 281.8616 411.9024 298.4185 443.7869 267.6081 459.7860
125__1__0___0 0.0589 476.9581 554.7900 536.1317 504.8849 591.7396 570.8203 532.5661 620.7255
125__1__0___0 0.0579 564.8578 681.5692 620.2698 631.9551 673.7748 691.7125 618.3629 741.3267
691__1__1024___2048 0.0533 898.2000 929.8689 1005.4727 929.2816 1005.9540 1017.1896 898.6813 1017.7769
327__1__3072___0 0.1187 6.6496 552.6006 22.2954 555.3329 18.9056 574.7435 3.2599 572.0112
327__1__3072___0 0.0905 401.4940 172.0116 438.9981 189.9636 417.7595 234.3340 380.2553 216.3820
345__1__1536___1024 0.8126 102.8647 261.0908 158.9981 301.2069 121.3139 353.9376 65.1804 313.8215
345__1__1536___1024 0.4801 97.2869 510.1831 145.6164 484.5187 172.7693 535.6512 124.4398 561.3156
688__1__0___1024 0.1949 863.0882 -12.5685 987.7862 60.7531 922.3383 172.0603 797.6403 98.7387
23__1__512___1536 0.0829 579.7249 3.5637 640.3925 4.8790 638.9149 73.0352 578.2473 71.7200
678__1__2048___1536 0.0853 942.3085 456.2976 1007.0031 441.2994 1020.2901 498.6127 955.5955 513.6109
678__1__2048___1536 0.0727 707.7008 19.4368 766.6495 25.0581 760.6718 87.7449 701.7230 82.1236
676__1__2048___512 0.1089 142.9260 558.2382 176.3452 546.6033 186.5583 575.9385 153.1391 587.5734
231__1__512___512 0.6134 811.6293 483.4608 845.4114 451.0177 880.9012 487.9721 847.1191 520.4152
681__1__2560___1024 0.1763 250.9603 940.0297 281.7330 923.8291 298.4804 955.6406 267.7078 971.8412
18__1__0___512 0.0604 450.0125 29.6999 490.9208 0.4683 519.6954 40.7370 478.7871 69.9687
392__1__2560___1536 0.1387 2.9668 475.7269 59.9136 471.8874 65.6040 556.2864 8.6572 560.1259
392__1__2560___1536 0.0659 1.4119 197.2428 17.9963 197.0087 18.4980 232.5376 1.9136 232.7718
392__1__2560___1536 0.0554 52.6552 950.2073 123.0075 932.2451 142.0259 1006.7341 71.6736 1024.6963
655__1__1024___512 0.0562 205.5654 40.5997 266.2960 -3.7609 310.1582 56.2873 249.4277 100.6479
609__1__1536___512 0.0589 392.3672 -5.2694 456.3292 14.6335 438.0148 73.4906 374.0528 53.5877
345__1__1024___1024 0.8106 614.8386 261.0808 671.0190 301.1610 633.3498 353.9621 577.1693 313.8819
345__1__1024___1024 0.4801 609.2874 510.1775 657.6174 484.5182 684.7679 535.6569 636.4379 561.3161
345__1__1024___1024 0.2510 303.0918 354.7778 377.9783 391.4930 348.1891 452.2528 273.3026 415.5376
345__1__1024___1024 0.2403 182.7820 325.7679 260.6605 331.6951 255.6002 398.1827 177.7217 392.2554
345__1__1024___1024 0.1286 473.0557 261.5382 546.5912 234.9022 565.9203 288.2651 492.3848 314.9011
345__1__1024___1024 0.0611 415.0907 388.2907 484.1676 433.5497 446.4939 491.0495 377.4170 445.7905
408__1__0___0 0.0568 732.6411 710.1176 790.8179 691.3596 807.6269 743.4917 749.4501 762.2497
639__1__3072___512 0.0727 730.2256 173.4956 757.0931 177.5968 752.1281 210.1234 725.2606 206.0222
128__1__2560___0 0.0573 646.0295 563.4106 677.0876 593.6604 648.1115 623.4107 617.0534 593.1609
128__1__2560___0 0.0528 484.8788 677.6465 519.8000 656.1888 544.5084 696.4003 509.5872 717.8580
87__1__2048___0 0.2726 360.5614 642.6616 407.6072 607.6341 444.6158 657.3407 397.5699 692.3682
87__1__2048___0 0.0821 217.8879 790.1104 263.8814 746.3857 311.0287 795.9794 265.0351 839.7040
689__1__1536___0 0.0508 941.5131 677.2722 1012.1703 655.1719 1032.5823 720.4308 961.9250 742.5311
477__1__512___1024 0.0978 466.7942 4.8635 546.5197 17.8657 533.6877 96.5483 453.9621 83.5462
345__1__1024___512 0.8106 614.8381 773.0801 671.0192 813.1597 633.3504 865.9616 577.1693 825.8821
345__1__1024___512 0.2610 303.2832 866.3201 378.2796 903.3771 348.2235 964.2048 273.2271 927.1478
345__1__1024___512 0.2419 183.0550 837.5143 260.8388 843.8746 255.4009 910.3776 177.6171 904.0173
345__1__1024___512 0.2205 91.3416 359.4160 154.4395 382.2011 128.4806 454.0881 65.3828 431.3030
345__1__1024___512 0.1286 473.0557 773.5382 546.5912 746.9022 565.9203 800.2651 492.3849 826.9012
345__1__1024___512 0.1088 422.8831 901.6959 485.2909 955.7946 441.0540 1006.8259 378.6463 952.7272
30__1__1536___2560 0.0904 855.0974 770.8242 884.6662 750.5348 902.1393 775.9995 872.5705 796.2888
30__1__1536___2560 0.0758 763.2836 832.0874 792.7966 810.1627 810.6149 834.1481 781.1020 856.0728
30__1__1536___2560 0.0531 884.2554 802.4114 912.1064 786.3925 927.2783 812.7708 899.4273 828.7897
30__1__1536___2560 0.0528 739.7690 801.2151 765.4359 775.8126 787.0529 797.6547 761.3860 823.0571
685__1__2560___512 0.0768 -7.6258 19.1058 48.0180 -5.5441 75.0804 55.5455 19.4366 80.1954
253__1__1536___1536 0.0759 2.2496 528.9199 17.9395 529.1841 17.5960 549.5835 1.9061 549.3193
662__1__3072___512 0.1354 3.1769 432.8736 146.2876 496.2779 94.7361 612.6357 -48.3747 549.2314
686__1__2048___2048 0.9495 634.2315 455.2021 745.7084 498.8381 702.5184 609.1757 591.0414 565.5397
686__1__2048___2048 0.9468 826.1806 512.1120 913.9171 596.0653 829.0582 684.7482 741.3217 600.7949
655__1__512___0 0.0711 87.5950 100.2938 228.9004 129.7470 201.2864 262.2290 59.9810 232.7759
655__1__0___0 0.0514 599.6098 99.4735 742.9521 129.0397 715.8549 260.4116 572.5126 230.8454
446__1__3072___1536 0.6577 539.5280 542.6818 564.1066 559.2991 552.0028 577.2020 527.4241 560.5847
446__1__3072___1536 0.5603 577.8863 71.7457 605.9517 61.1140 615.6907 86.8230 587.6254 97.4547
596__1__512___512 0.0561 979.9990 135.5624 1036.8651 154.5924 1010.7034 232.7698 953.8372 213.7398
640__1__512___3072 0.0558 752.9203 5.8121 829.4387 7.3404 828.1354 72.5920 751.6170 71.0637
582__1__1024___1024 0.2799 274.3307 958.4145 340.4995 962.5339 336.8006 1021.9489 270.6318 1017.8295
582__1__1024___1024 0.0517 58.1912 14.8377 134.5381 54.6013 90.4771 139.1994 14.1302 99.4358
688__1__2560___3072 0.1129 607.6312 96.6495 663.1790 53.3751 719.7997 126.0542 664.2520 169.3287
525__1__2048___2560 0.0731 538.2110 74.6477 566.9637 52.5326 591.2858 84.1547 562.5331 106.2698
582__1__512___1536 0.0595 796.5377 438.8500 862.7586 468.0542 832.4680 536.7385 766.2470 507.5343
689__1__1536___512 0.0513 941.4570 165.3408 1012.0262 143.1033 1032.5839 208.3420 962.0147 230.5795
448__1__1024___2048 0.0532 390.9837 372.9415 452.4334 326.8226 499.2723 389.2316 437.8226 435.3506
100__1__3072___0 0.1122 426.4609 1.4147 477.1758 -4.3154 480.4053 24.2677 429.6905 29.9979
382__1__1024___2560 0.0893 938.1310 -13.0231 997.6768 -3.9439 985.6512 74.9253 926.1055 65.8462
342__1__1024___1536 0.4198 372.7379 345.0378 443.3104 370.4525 421.5322 430.9271 350.9597 405.5125
342__1__1024___1536 0.3994 38.2791 23.5630 108.1745 49.4756 84.6193 113.0123 14.7239 87.0997
342__1__1024___1536 0.2942 178.5805 267.7309 236.9305 307.5644 201.9960 358.7382 143.6460 318.9047
342__1__1024___1536 0.2509 74.3367 229.6539 136.4406 263.5890 106.7502 317.9249 44.6462 283.9898
342__1__1024___1536 0.1846 284.1663 299.6281 347.8409 346.3847 309.3291 398.8312 245.6545 352.0746
655__1__512___2560 0.0515 9.5400 320.5203 67.4716 323.2200 63.9961 397.7991 6.0645 395.0994
434__1__1536___2560 0.1011 371.5900 227.0335 440.4776 237.5266 429.8015 307.6157 360.9139 297.1226
434__1__1536___2560 0.0797 317.1616 959.4559 374.6965 987.1700 350.9474 1036.4735 293.4124 1008.7593
434__1__1536___2560 0.0749 442.4739 322.8227 500.2864 323.4575 499.4937 395.6492 441.6812 395.0143
434__1__1536___2560 0.0593 186.6832 15.7795 246.2818 16.1583 245.7542 99.1543 186.1556 98.7755
609__1__1536___0 0.1416 455.7318 198.9836 496.4543 229.8902 461.3419 276.1543 420.6194 245.2477
679__1__3072___1536 0.0905 7.1017 635.7472 36.6426 638.2656 31.7946 695.1312 2.2538 692.6128
314__1__1536___3072 0.3074 875.3478 112.7601 898.6587 117.2356 895.4818 133.7827 872.1709 129.3072
314__1__1536___3072 0.2541 818.5656 697.9775 840.1626 708.3863 831.9233 725.4818 810.3263 715.0731
314__1__1536___3072 0.1068 876.4406 597.1818 894.5590 615.2751 881.9085 627.9430 863.7902 609.8496
689__1__512___2048 0.0640 807.0750 80.9515 922.5081 -9.8339 1028.7852 125.2967 913.3521 216.0821
583__1__1536___1536 0.0624 468.6570 -18.1547 523.9297 33.3226 465.4458 96.1185 410.1731 44.6412
304__1__2048___3072 0.0629 982.3525 147.1527 1007.5682 161.8349 988.9224 193.8578 963.7067 179.1756
609__1__2048___512 0.0622 -4.8847 257.8231 21.1974 241.4571 44.2344 278.1707 18.1523 294.5367
596__1__512___0 0.0561 980.0167 647.5830 1036.8555 666.5928 1010.7058 744.7794 953.8671 725.7697
678__1__1024___1536 0.1006 295.7558 769.3301 366.2216 770.5122 365.0711 839.0933 294.6053 837.9113
678__1__1024___1536 0.0749 209.6401 592.7066 280.9569 594.5668 279.0695 666.9222 207.7528 665.0620
678__1__1024___1536 0.0513 240.0416 753.8238 297.2310 795.6285 253.4391 855.5364 196.2497 813.7317
304__1__2048___2560 0.0629 982.3525 659.1526 1007.5682 673.8350 988.9224 705.8578 963.7067 691.1755
363__1__512___1024 0.1563 760.9590 877.4776 912.3094 854.6947 934.2916 1000.7263 782.9412 1023.5092
363__1__1536___2048 0.0952 -32.7167 509.7168 87.0990 479.9667 126.2911 637.8092 6.4754 667.5593
655__1__512___2048 0.0516 9.5817 832.6094 67.4562 835.1685 64.1659 909.5795 6.2915 907.0204
314__1__2048___1536 0.0651 855.8352 964.0112 900.0272 987.9855 878.8778 1026.9702 834.6859 1002.9960
30__1__2048___2560 0.1291 704.8638 452.7833 750.6551 424.0867 778.5215 468.5534 732.7302 497.2499
30__1__2048___2560 0.0903 343.0964 770.8260 372.6625 750.5316 390.1393 775.9928 360.5732 796.2872
30__1__2048___2560 0.0758 251.2836 832.0873 280.7966 810.1627 298.6149 834.1480 269.1020 856.0727
30__1__2048___2560 0.0528 227.7690 801.2151 253.4359 775.8126 275.0529 797.6547 249.3860 823.0571
30__1__2048___2560 0.0517 372.2589 802.3671 400.1474 786.4055 415.2593 812.8091 387.3707 828.7708
401__1__1536___2560 0.0721 727.3571 915.9464 792.3732 963.4007 748.4963 1023.5156 683.4802 976.0613
30__1__3072___1536 0.0567 738.9171 748.8564 786.3711 723.2758 810.2792 767.6272 762.8252 793.2078
477__1__2048___512 0.0607 39.9039 5.7052 114.8967 16.8585 105.4126 80.6277 30.4198 69.4744
364__1__1536___2048 0.0952 -32.7167 509.7168 87.0990 479.9667 126.2911 637.8092 6.4754 667.5593
446__1__2560___0 0.3299 175.9450 526.2982 204.1134 538.6183 194.5298 560.5297 166.3615 548.2096
446__1__2560___0 0.1140 414.3428 616.2032 445.9543 621.4981 440.5867 653.5436 408.9751 648.2487
446__1__2560___0 0.0749 380.7103 88.4122 408.1882 73.5396 419.3281 94.1212 391.8501 108.9938
678__1__2048___1024 0.0853 940.2850 969.0804 1006.9074 951.6816 1020.4208 1003.4261 953.7984 1020.8249
678__1__2048___1024 0.0608 714.4824 527.6915 771.3573 546.5163 752.7629 602.6951 695.8879 583.8703
586__1__2560___2560 0.1236 11.4145 233.1162 74.7672 210.1947 100.8004 282.1479 37.4477 305.0694
688__1__512___512 0.1007 364.4520 485.8414 483.9260 579.1818 397.0189 690.4213 277.5449 597.0809
304__1__3072___2560 0.3714 432.7045 201.1333 504.1910 184.8227 518.5388 247.7062 447.0522 264.0168
314__1__0___3072 0.9717 494.4656 24.9855 533.8318 57.1284 502.5256 95.4698 463.1594 63.3269
662__1__512___1536 0.1081 610.0034 847.7507 651.8810 823.9145 670.4977 856.6221 628.6201 880.4583
525__1__2560___2560 0.1156 33.5454 61.7800 69.8988 60.8674 70.8604 99.1740 34.5070 100.0866
662__1__512___2048 0.1081 610.0032 335.7505 651.8810 311.9148 670.4974 344.6227 628.6196 368.4584
31__1__2048___1024 0.2006 766.1609 182.2265 827.6147 132.0753 876.6928 192.2141 815.2390 242.3652
314__1__0___2048 0.9507 293.9777 927.5229 343.8366 948.6078 324.1143 995.2448 274.2554 974.1599
314__1__0___2048 0.9357 701.7029 782.2275 740.6787 818.7274 702.5765 859.4141 663.6007 822.9142
314__1__0___2048 0.7879 500.7765 976.0252 547.7110 961.6763 559.4540 1000.0867 512.5195 1014.4357
314__1__0___2048 0.1374 202.0794 673.8585 248.8238 716.1406 210.1100 758.9400 163.3656 716.6579
314__1__0___2048 0.0924 563.2137 932.9962 593.0399 955.9731 562.0062 996.2575 532.1801 973.2806
314__1__0___2048 0.0665 498.1638 1001.2029 539.6094 1006.2854 535.1767 1042.4335 493.7310 1037.3511
689__1__512___1536 0.0566 799.9252 600.7412 924.5425 495.5331 1034.9005 626.2505 910.2833 731.4586
640__1__2560___2560 0.0663 151.7833 -5.0523 217.8947 18.0602 197.4774 76.4623 131.3659 53.3498
392__1__2048___512 0.3909 129.0350 450.2542 167.7808 440.8421 178.1437 483.5016 139.3979 492.9137
392__1__2048___512 0.2326 119.1106 367.6353 155.4755 355.8316 168.3060 395.3599 131.9412 407.1636
392__1__2048___512 0.1034 145.0718 539.3382 182.3197 525.2371 196.8131 563.5214 159.5652 577.6225
392__1__2048___512 0.0891 0.8781 448.7090 27.6216 438.2597 41.7831 474.5041 15.0396 484.9534
357__1__2048___2560 0.1056 900.5440 22.9917 1040.7777 56.3368 1005.4308 204.9887 865.1972 171.6436
527__1__2560___2048 0.0688 879.2081 722.3600 912.2309 692.7396 942.4746 726.4573 909.4518 756.0778
576__1__512___512 0.0979 15.2550 34.5489 88.3884 36.4329 86.3080 117.1888 13.1746 115.3048
100__1__1024___1024 0.0996 941.7462 34.4433 970.9561 10.1433 990.0153 33.0534 960.8054 57.3534
100__1__1024___1024 0.0691 965.5729 63.6088 996.7928 47.4002 1010.7527 74.2888 979.5327 90.4974
178__1__2560___3072 0.3748 939.1080 892.7463 975.0206 905.4506 963.0181 939.3795 927.1055 926.6751
178__1__2560___3072 0.0884 987.4395 918.1405 1018.8843 937.6035 996.1072 974.4028 964.6623 954.9399
394__1__1024___0 0.1010 1.3299 941.2748 53.2522 932.0539 66.9816 1009.3629 15.0593 1018.5838
10__1__512___2560 0.0932 108.8784 37.6785 176.0374 26.2348 191.2044 115.2445 124.0454 126.6882
10__1__512___2560 0.0878 347.5394 8.2256 421.8361 2.6412 427.8377 82.4892 353.5410 88.0736
670__1__512___512 0.0514 922.9000 585.0435 998.2156 557.1881 1022.2426 622.1527 946.9270 650.0081
446__1__3072___1024 0.5679 594.1758 569.8713 617.7531 588.6196 599.4170 611.6785 575.8397 592.9302
327__1__2560___0 0.0935 908.1423 174.0239 948.0638 185.0040 935.0345 232.3764 895.1129 221.3964
100__1__1536___0 0.0612 536.9895 1015.6133 549.0992 1015.5024 549.1935 1025.7939 537.0837 1025.9048
314__1__2560___1536 0.1898 641.9732 497.9164 672.9238 524.4502 650.0037 551.1856 619.0531 524.6519
314__1__2560___1536 0.0651 343.8352 964.0112 388.0271 987.9854 366.8778 1026.9702 322.6859 1002.9960
10__1__0___2048 0.0618 620.7233 552.1885 684.9024 542.0693 698.1465 626.0679 633.9673 636.1870
609__1__1024___512 0.0545 903.1077 -8.4824 968.0758 14.1954 947.6677 72.6613 882.6996 49.9836
446__1__1536___2560 0.0701 120.7816 272.0039 140.9417 269.6263 144.1611 296.9245 124.0010 299.3021
676__1__2048___1536 0.1413 1005.9266 157.2108 1025.1012 166.2672 1012.8074 192.2962 993.6328 183.2398
125__1__3072___1536 0.0675 945.3211 100.1451 1021.6165 103.5709 1018.0698 182.5595 941.7744 179.1336
392__1__2048___2048 0.0852 567.2643 434.5520 635.4542 422.6283 650.1592 506.7250 581.9694 518.6486
662__1__1024___1536 0.1083 98.0062 847.7520 139.8768 823.9171 158.4946 856.6230 116.6240 880.4579
446__1__1024___2048 0.0700 632.7760 784.0025 652.9396 781.6235 656.1604 808.9222 635.9968 811.3011
676__1__2048___1024 0.1413 1005.9266 669.2109 1025.1012 678.2673 1012.8073 704.2962 993.6328 695.2398
676__1__2048___1024 0.1175 142.9477 54.3235 168.1762 32.3580 189.1341 56.4292 163.9056 78.3948
10__1__1024___3072 0.1260 4.7059 446.1187 51.9732 439.6998 63.7378 526.3322 16.4705 532.7510
10__1__1024___3072 0.0757 9.4074 363.4636 43.6866 367.4831 38.5888 410.9582 4.3096 406.9387
30__1__2048___3072 0.8532 75.6689 605.2589 124.3319 616.0367 113.8574 663.3301 65.1944 652.5522
30__1__2048___3072 0.0903 343.0964 258.8261 372.6625 238.5316 390.1393 263.9928 360.5732 284.2873
30__1__2048___3072 0.0758 251.2836 320.0873 280.7964 298.1624 298.6151 322.1479 269.1023 344.0728
30__1__2048___3072 0.0528 227.7690 289.2152 253.4358 263.8127 275.0529 285.6546 249.3861 311.0572
30__1__2048___3072 0.0517 372.2588 290.3672 400.1474 274.4054 415.2592 300.8091 387.3706 316.7708
363__1__1024___2048 0.0748 262.1180 20.4243 441.0024 -1.7192 457.3920 130.6828 278.5076 152.8263
410__1__1536___3072 0.0621 999.6484 765.9882 1042.9272 787.2239 1007.3475 859.7363 964.0686 838.5005
410__1__1536___3072 0.0534 851.6116 546.7390 903.3418 559.6536 883.6233 638.6370 831.8931 625.7224
461__1__2048___1024 0.0597 763.4405 954.4846 817.9697 927.6623 846.4019 985.4645 791.8727 1012.2868
467__1__512___1536 0.0936 342.3597 -2.6731 410.3683 29.9990 375.1260 103.3574 307.1175 70.6853
304__1__1024___3072 0.0715 2.0878 591.6704 19.2109 591.0366 20.3679 622.2924 3.2448 622.9262
662__1__2560___0 0.3322 417.3946 438.3592 480.8367 478.0854 443.7396 537.3289 380.2975 497.6027
410__1__2560___3072 0.0643 4.4361 584.7812 54.2478 593.8220 40.1702 671.3859 -9.6415 662.3452
410__1__2560___3072 0.0614 0.9383 502.0880 61.2896 501.2450 62.2976 573.4119 1.9463 574.2549
314__1__2048___3072 0.3074 363.3477 112.7603 386.6588 117.2355 383.4821 133.7827 360.1710 129.3074
314__1__2048___3072 0.2541 306.5656 697.9775 328.1625 708.3863 319.9232 725.4818 298.3263 715.0731
314__1__2048___3072 0.1068 364.4403 597.1817 382.5587 615.2747 369.9083 627.9428 351.7899 609.8499
609__1__512___512 0.0645 968.2990 760.2293 1020.4195 798.9122 988.2342 842.2780 936.1137 803.5952
408__1__0___512 0.0568 732.6411 198.1177 790.8178 179.3595 807.6270 231.4916 749.4503 250.2498
31__1__1536___512 0.0601 994.5929 643.3874 1021.7205 657.5090 1001.5651 696.2276 974.4375 682.1060
470__1__2048___512 0.0665 -0.4780 934.7032 26.9040 933.3432 29.0973 977.5015 1.7153 978.8615
23__1__1024___2048 0.0718 525.0929 656.6537 565.4601 628.1428 593.4950 667.8359 553.1277 696.3469
23__1__1024___2048 0.0525 378.8946 678.2304 443.3535 661.7756 456.8407 714.6096 392.3818 731.0643
586__1__2048___2048 0.0602 528.1219 737.5931 594.2263 726.2673 606.6611 798.8447 540.5568 810.1705
392__1__2048___1024 0.1484 145.7738 26.8584 182.6223 13.9243 195.9642 51.9348 159.1156 64.8689
392__1__2048___1024 0.0770 452.9396 694.3304 523.0831 685.0129 534.5194 771.1066 464.3759 780.4241
363__1__512___2048 0.0896 775.5641 17.2875 953.2380 -2.8438 968.6395 133.0863 790.9656 153.2177
683__1__512___512 0.0506 235.7029 26.8042 382.5498 24.5564 384.7460 168.0318 237.8990 170.2796
23__1__1536___2048 0.0566 15.1705 649.5322 60.4573 630.0335 80.2741 676.0593 34.9873 695.5579
616__1__1024___512 0.0620 4.6837 110.5788 64.5275 110.3965 64.7347 178.3974 4.8908 178.5797
681__1__1024___2560 0.0592 303.8011 30.4569 388.1030 32.6889 386.3920 97.3146 302.0901 95.0827
681__1__1024___2560 0.0521 240.0249 745.5862 311.7870 755.1014 302.5915 824.4536 230.8293 814.9384
525__1__2560___2048 0.1122 32.0284 575.6285 67.5863 571.2993 72.2632 609.7122 36.7052 614.0414
507__1__2560___2048 0.0602 498.9624 326.5954 538.8951 346.7244 519.2988 385.6004 479.3661 365.4714
662__1__512___2560 0.0908 224.3849 886.1595 347.9023 842.4014 390.5995 962.9243 267.0822 1006.6824
245__1__3072___512 0.1064 353.8080 260.3745 370.3980 254.0974 376.3367 269.7930 359.7466 276.0701
298__1__2048___2048 0.0547 201.2131 756.6011 219.8209 758.3881 218.2780 774.4543 199.6702 772.6673
300__1__2560___2048 0.0508 176.2186 537.2320 199.5976 548.7990 184.4029 579.5102 161.0239 567.9432
363__1__1024___1024 0.1568 248.9445 877.4725 400.3202 854.7018 422.2890 1000.7465 270.9134 1023.5172
74__1__1536___3072 0.2490 297.1259 554.1735 332.2883 531.5841 355.7133 568.0472 320.5509 590.6366
74__1__1536___3072 0.0860 162.0081 639.6369 199.6996 623.7385 217.6726 666.3484 179.9811 682.2469
74__1__1536___3072 0.0750 255.8624 491.0025 288.6771 467.4847 314.8605 504.0190 282.0459 527.5367
74__1__1536___3072 0.0696 37.3772 727.3461 78.0124 725.6017 79.5637 761.7410 38.9285 763.4853
74__1__1536___3072 0.0522 1.7067 666.1238 24.4784 661.9127 31.3097 698.8536 8.5381 703.0647
94__1__0___0 0.9896 717.5508 744.7880 789.0364 795.5865 740.9102 863.3116 669.4246 812.5131
94__1__0___0 0.8352 576.0912 946.4034 656.9799 982.9472 640.4393 1019.5592 559.5507 983.0154
94__1__0___0 0.6549 882.2108 932.8204 955.7747 985.0342 922.7662 1031.5398 849.2023 979.3260
94__1__0___0 0.5099 851.0127 509.4957 886.7787 491.3627 901.8982 521.1847 866.1322 539.3177
94__1__0___0 0.1378 587.1769 1015.2059 633.5607 994.9447 641.8618 1013.9485 595.4780 1034.2097
94__1__0___0 0.0537 881.0721 418.7788 915.8029 429.2693 906.0891 461.4286 871.3583 450.9381
662__1__0___2560 0.0908 736.3839 886.1620 859.8992 842.4000 902.6006 962.9217 779.0853 1006.6837
342__1__512___1536 0.4515 37.3747 64.3781 101.3176 49.0154 117.9059 118.0595 53.9630 133.4221
342__1__512___1536 0.4421 483.4888 191.0622 543.8759 226.9773 511.1591 281.9867 450.7720 246.0715
342__1__512___1536 0.4159 259.4718 125.7425 326.8316 141.6247 312.7759 201.2379 245.4161 185.3557
342__1__512___1536 0.3886 882.3151 346.0403 954.7225 368.7008 935.6283 429.7128 863.2209 407.0522
342__1__512___1536 0.3024 371.0178 158.8568 439.1458 185.7563 415.2674 246.2327 347.1394 219.3331
342__1__512___1536 0.2981 690.6575 267.6520 748.9334 307.5844 713.8862 358.7311 655.6103 318.7987
342__1__512___1536 0.2368 557.7980 269.2132 601.8109 227.6062 650.3574 278.9597 606.3445 320.5667
342__1__512___1536 0.2090 153.7747 84.0986 229.4304 110.7910 208.1583 171.0836 132.5026 144.3913
342__1__512___1536 0.2036 554.0096 21.4757 621.8272 52.4633 593.6221 114.1914 525.8045 83.2039
342__1__512___1536 0.1838 796.1624 299.6114 859.8500 346.3889 821.3280 398.8367 757.6404 352.0592
679__1__2560___1536 0.0907 346.7843 599.4062 388.0228 587.8904 403.0440 641.6820 361.8055 653.1978
679__1__2560___1536 0.0585 234.6701 662.6985 273.6050 641.9240 300.2897 691.9353 261.3548 712.7098
100__1__512___1536 0.2950 55.0381 561.4182 87.5889 535.5477 115.2761 570.3843 82.7254 596.2548
100__1__512___1536 0.1733 197.6004 465.9382 229.7963 447.2361 249.9618 481.9513 217.7659 500.6533
576__1__0___512 0.0868 529.7581 19.1909 614.0672 53.8082 584.5117 125.7896 500.2026 91.1724
678__1__1024___2048 0.1006 295.7560 257.3300 366.2217 258.5122 365.0711 327.0936 294.6054 325.9113
678__1__1024___2048 0.0759 209.6591 80.6979 280.9665 82.5988 279.0383 154.9283 207.7310 153.0274
678__1__1024___2048 0.0513 240.1243 241.8141 297.2432 283.7105 253.3543 343.5458 196.2354 301.6494
10__1__0___2560 0.0929 620.9254 37.6739 688.0720 26.2604 703.2026 115.2753 636.0561 126.6889
10__1__0___2560 0.0863 859.8338 7.9630 933.9732 2.8763 939.4498 82.6980 865.3104 87.7847
10__1__0___2560 0.0543 958.8439 656.8817 1021.8353 656.5085 1022.3071 736.1517 959.3157 736.5249
655__1__512___512 0.0562 717.5641 40.6004 778.2943 -3.7611 822.1581 56.2877 761.4279 100.6492
342__1__3072___1536 0.5887 646.6711 957.1580 698.7172 919.7982 742.6411 980.9886 690.5950 1018.3484
300__1__2048___2048 0.0508 688.2186 537.2320 711.5975 548.7990 696.4029 579.5102 673.0239 567.9432
596__1__512___3072 0.0531 13.4864 215.7392 64.5518 223.0280 53.1438 302.9525 2.0784 295.6637
23__1__1024___1536 0.0798 68.4304 3.0834 128.7045 5.0285 126.5089 73.0685 66.2348 71.1234
245__1__3072___0 0.1064 353.8080 772.3745 370.3980 766.0974 376.3367 781.7930 359.7466 788.0701
655__1__512___1536 0.1450 221.5652 38.3708 332.8876 -5.9064 379.8355 112.1308 268.5130 156.4079
345__1__512___1024 0.2523 815.1168 354.7879 889.9736 391.4731 860.1913 452.2444 785.3345 415.5592
345__1__512___1024 0.2403 694.7670 325.7880 772.6486 331.6708 767.6252 398.1747 689.7437 392.2919
345__1__512___1024 0.1023 925.0959 392.7622 996.6687 427.9995 965.5005 491.3073 893.9277 456.0700
245__1__2048___2048 0.0513 207.5577 355.2974 220.3533 361.4122 215.4949 371.5786 202.6994 365.4638
596__1__512___2560 0.0531 13.4897 727.7404 64.5546 735.0344 53.1386 814.9570 2.0737 807.6630
394__1__0___0 0.1309 938.9800 454.6148 1009.5436 452.4918 1011.9770 533.3729 941.4134 535.4959
394__1__0___0 0.0849 670.7648 71.0825 705.3363 63.3539 715.0757 106.9197 680.5042 114.6484
586__1__2560___2048 0.1237 11.4163 745.1171 74.7709 722.1974 100.8010 794.1501 37.4465 817.0698
596__1__0___1024 0.0636 974.3349 759.7224 1025.6235 756.4925 1030.1724 828.7253 978.8837 831.9551
178__1__2048___2048 0.0568 732.6411 710.1176 790.8179 691.3596 807.6269 743.4917 749.4501 762.2497
125__1__512___0 0.1399 -3.5411 536.9585 46.2232 510.5720 84.8701 583.4591 35.1058 609.8456
125__1__512___0 0.0622 53.0063 681.3206 108.7818 631.8412 162.0759 691.9169 106.3004 741.3963
274__1__1536___0 0.2877 290.6340 874.3561 320.4497 858.0773 335.5987 885.8235 305.7830 902.1024
274__1__1536___0 0.0572 277.8259 887.2724 315.4543 897.2753 307.2413 928.1703 269.6129 918.1674
392__1__1536___512 0.3910 641.0363 450.2505 679.7853 440.8426 690.1429 483.5031 651.3939 492.9109
392__1__1536___512 0.2325 631.1128 367.6334 667.4764 355.8320 680.3052 395.3614 643.9415 407.1628
392__1__1536___512 0.1034 657.0719 539.3388 694.3193 525.2374 708.8132 563.5213 671.5658 577.6227
609__1__1024___0 0.2710 956.6142 194.4202 1011.9548 210.3707 993.7237 273.6241 938.3831 257.6736
401__1__1536___3072 0.0606 721.7653 404.4087 793.0646 443.9741 756.2371 510.3394 684.9377 470.7740
583__1__1024___1536 0.0700 959.6325 -9.0931 1020.3992 23.7243 983.1761 92.6488 922.4094 59.8314
382__1__1536___2560 0.0797 432.0158 -12.0533 486.9579 8.1862 461.1058 78.3641 406.1637 58.1246
364__1__1536___2560 0.1533 -24.9678 29.0432 87.3385 -7.0220 129.0932 123.0014 16.7870 159.0666
17__1__2048___2560 0.0604 450.0125 29.6999 490.9208 0.4683 519.6954 40.7370 478.7871 69.9687
616__1__1024___0 0.0625 4.5977 622.8018 64.4633 622.4305 64.8842 690.2906 5.0185 690.6619
128__1__2048___1024 0.1597 517.9375 101.8541 551.5300 81.6186 577.1870 124.2113 543.5945 144.4467
609__1__512___1024 0.0644 968.2751 248.2262 1020.4152 286.8881 988.2485 330.2687 936.1083 291.6067
679__1__2048___2048 0.0892 858.7010 87.4501 899.9799 75.7979 915.1619 129.5814 873.8831 141.2336
679__1__2048___2048 0.0585 746.6700 150.6998 785.6039 129.9243 812.2897 179.9344 773.3558 200.7098
128__1__2048___512 0.1581 517.8702 613.9370 551.4538 593.5793 577.2371 636.1135 543.6535 656.4711
128__1__2048___512 0.0601 634.4849 516.4933 666.8275 486.9679 698.0737 521.1954 665.7311 550.7209
685__1__2560___0 0.0517 30.5200 499.2574 92.7315 535.3700 52.7565 604.2350 -9.4549 568.1224
364__1__512___2048 0.0896 775.5641 17.2875 953.2380 -2.8438 968.6395 133.0863 790.9656 153.2177
290__1__1024___3072 0.2146 419.9601 192.2621 448.8628 207.3434 435.2965 233.3427 406.3938 218.2614
290__1__1024___3072 0.0958 432.3633 40.9596 459.2224 53.2301 449.4781 74.5597 422.6190 62.2892
290__1__512___2560 0.2170 931.7433 704.2610 960.8151 719.1015 947.5013 745.1827 918.4295 730.3422
290__1__512___2560 0.0979 942.3101 554.4278 971.0260 562.5094 964.5803 585.4127 935.8644 577.3311
314__1__1536___2048 0.1617 524.5684 901.8350 572.6768 926.5577 551.2012 968.3477 503.0927 943.6250
23__1__1024___2560 0.0719 525.0853 144.6990 565.4205 116.1388 593.5002 155.7954 553.1650 184.3556
23__1__1024___2560 0.0525 378.8949 166.2304 443.3544 149.7766 456.8406 202.6100 392.3811 219.0639
34__1__1536___2560 0.6096 30.7937 924.3666 63.1418 944.9496 41.6543 978.7192 9.3062 958.1362
34__1__1536___2560 0.3127 93.4236 784.5248 143.4338 765.6613 159.2232 807.5217 109.2130 826.3852
34__1__1536___2560 0.1546 382.6713 684.0392 428.5206 658.3018 451.8021 699.7761 405.9528 725.5135
34__1__1536___2560 0.1138 333.7676 624.3170 378.3767 594.2193 405.6305 634.6135 361.0214 664.7111
34__1__1536___2560 0.0688 476.8350 520.4739 522.3007 505.0393 537.3030 549.2315 491.8372 564.6661
640__1__2048___2560 0.0663 663.7921 -5.0904 729.9040 18.0593 709.4493 76.4750 643.3373 53.3254
364__1__1024___2560 0.1143 519.6080 -16.4989 657.6578 55.1290 592.2622 181.1673 454.2124 109.5394
120__1__512___1024 0.2640 470.5110 511.6422 502.0945 517.7563 494.7832 555.5245 463.1997 549.4105
87__1__1536___0 0.2735 872.5742 642.5242 919.6921 607.6306 956.5873 657.4512 909.4694 692.3449
87__1__1536___0 0.0821 729.8879 790.1104 775.8813 746.3857 823.0286 795.9793 777.0352 839.7040
662__1__512___3072 0.0894 224.5128 373.9231 348.3400 330.9329 390.2747 451.7202 266.4476 494.7103
511__1__2048___512 0.0598 777.5318 290.9646 820.4187 296.3224 817.1677 322.3455 774.2808 316.9877
586__1__1536___3072 0.0845 934.7627 133.4932 1006.0309 148.4030 989.8912 225.5505 918.6230 210.6408
596__1__1024___1024 0.0548 4.4984 929.0012 50.8117 933.0427 45.0644 998.9026 -1.2489 994.8611
645__1__1536___1536 0.0772 143.8602 210.0581 261.9784 255.3393 212.6985 383.8881 94.5803 338.6069
382__1__1024___1536 0.0705 972.1596 808.1749 1027.8846 815.8864 1015.3355 906.5694 959.6105 898.8579
582__1__1024___0 0.0767 617.5858 -3.0243 709.9665 23.4211 683.3812 116.2906 591.0004 89.8452
125__1__2048___2048 0.1148 13.0096 837.2951 73.9676 838.3119 72.6480 917.4285 11.6899 916.4117
649__1__1536___1024 0.0595 979.3608 259.1759 1008.1828 278.9496 990.6721 304.4731 961.8502 284.6995
357__1__2048___2048 0.0689 890.8401 528.4208 1032.4576 550.9025 1007.2326 709.8002 865.6151 687.3184
34__1__1536___3072 0.5780 36.4530 412.2119 63.7150 438.5182 36.1364 467.0988 8.8743 440.7925
34__1__1536___3072 0.3127 93.4236 272.5247 143.4338 253.6614 159.2232 295.5218 109.2130 314.3852
34__1__1536___3072 0.1546 382.6713 172.0393 428.5205 146.3018 451.8021 187.7760 405.9529 213.5135
34__1__1536___3072 0.1143 333.7730 112.3109 378.3776 82.2226 405.6243 122.6146 361.0197 152.7029
470__1__512___2560 0.0937 8.0109 79.8268 65.0207 82.0468 62.3621 150.3188 5.3523 148.0987
470__1__512___2560 0.0555 2.4994 258.5204 69.0024 255.1993 72.5854 326.9464 6.0824 330.2675
31__1__2048___512 0.2006 766.1584 694.2259 827.6224 644.0720 876.6982 704.2148 815.2343 754.3687
31__1__2048___512 0.0697 548.5381 40.0376 582.4022 22.5794 596.7742 50.4571 562.9101 67.9152
639__1__3072___0 0.0727 730.2257 685.4954 757.0932 689.5967 752.1281 722.1234 725.2606 718.0220
345__1__1536___512 0.8126 102.8645 773.0901 158.9984 813.2058 121.3143 865.9372 65.1804 825.8215
679__1__2048___1536 0.0907 858.7783 599.4145 900.0134 587.8872 915.0490 641.6719 873.8139 653.1992
679__1__2048___1536 0.0585 746.6701 662.6985 785.6050 641.9239 812.2897 691.9352 773.3548 712.7099
662__1__1536___512 0.0684 475.9798 158.3067 619.3717 222.5595 562.3008 349.9235 418.9089 285.6707
23__1__512___2560 0.0529 890.9200 166.1922 955.3702 149.8018 968.8080 202.6419 904.3578 219.0323
314__1__3072___1536 0.1897 129.9712 497.9152 160.9231 524.4523 138.0025 551.1860 107.0506 524.6489
364__1__512___1024 0.1563 760.9590 877.4776 912.3094 854.6947 934.2916 1000.7263 782.9412 1023.5092
655__1__0___2048 0.0504 170.9837 874.3749 325.7404 874.1357 325.9438 1005.7893 171.1871 1006.0284
120__1__512___1536 0.2228 472.5969 0.6978 503.3389 9.2845 493.4566 44.6651 462.7146 36.0785
100__1__2048___0 0.0717 23.4690 1016.7042 36.0485 1012.8511 39.4919 1024.0933 26.9125 1027.9464
100__1__2048___0 0.0563 7.9560 997.2437 44.8834 966.6266 72.9689 1000.5008 36.0415 1031.1178
467__1__0___1536 0.0935 854.4081 -2.7582 922.4651 30.0098 887.1159 103.4279 819.0589 70.6599
204__1__512___1536 0.0673 58.2522 422.1538 179.0206 376.3969 223.8331 494.6725 103.0647 540.4295
178__1__2048___2560 0.0568 732.6411 198.1177 790.8178 179.3595 807.6270 231.4916 749.4503 250.2498
30__1__1536___3072 0.8539 587.4645 605.3893 636.1938 615.8190 626.0511 663.2079 577.3218 652.7783
30__1__1536___3072 0.0904 855.0974 258.8241 884.6662 238.5348 902.1393 263.9995 872.5705 284.2888
30__1__1536___3072 0.0758 763.2836 320.0873 792.7964 298.1624 810.6151 322.1478 781.1023 344.0728
30__1__1536___3072 0.0531 884.2554 290.4114 912.1064 274.3924 927.2783 300.7707 899.4273 316.7896
30__1__1536___3072 0.0528 739.7690 289.2152 765.4358 263.8127 787.0529 285.6546 761.3861 311.0572
645__1__512___0 0.0571 -3.1494 850.5789 105.9768 820.3492 143.2348 954.8467 34.1086 985.0765
231__1__1024___512 0.6134 299.6294 483.4604 333.4118 451.0177 368.9011 487.9725 335.1187 520.4152
231__1__1024___512 0.0639 443.9283 938.0154 490.7507 906.2479 519.4009 948.4755 472.5786 980.2431
