344__1__0___512 0.2025 74.8722 151.9677 103.5982 159.8476 94.6997 192.2869 65.9737 184.4070
344__1__0___512 0.0725 570.3387 644.2028 625.9515 676.2740 588.8888 740.5421 533.2761 708.4709
342__1__512___512 0.1095 63.9282 643.6823 116.2426 676.6886 74.0824 743.5117 21.7679 710.5054
689__1__3072___512 0.0560 575.5657 13.8592 718.7549 42.2837 695.2435 160.7233 552.0543 132.2989
470__1__512___1024 0.0866 10.3154 391.9963 70.5526 396.5504 65.1590 467.8922 4.9217 463.3380
670__1__2048___2048 0.0590 46.2102 74.0277 104.6714 95.2541 82.2770 156.9323 23.8157 135.7059
204__1__512___512 0.0619 490.7320 98.6493 524.3614 99.7095 523.0128 142.4870 489.3834 141.4268
235__1__2048___2560 0.0508 618.9131 618.9535 672.9031 597.4639 690.5140 641.7090 636.5240 663.1986
339__1__1536___2560 0.1983 416.2559 280.9854 468.3424 260.0237 487.5752 307.8140 435.4886 328.7758
344__1__512___512 0.1109 66.3201 643.3596 116.1489 679.4738 70.3525 742.6618 20.5237 706.5476
344__1__512___512 0.0518 17.2842 862.9650 96.5728 877.7031 85.7381 935.9919 6.4495 921.2538
670__1__2048___1536 0.0556 46.5367 586.0024 104.8113 607.5614 82.1508 668.8134 23.8762 647.2544
231__1__1024___1024 0.1115 509.1929 731.0945 542.2355 720.5863 552.7068 753.5130 519.6642 764.0212
231__1__1024___1024 0.0706 447.2515 417.2426 498.6093 399.4015 514.4390 444.9695 463.0812 462.8106
298__1__512___1536 0.0601 329.1580 447.9485 339.7406 438.0770 354.1451 453.5192 343.5624 463.3907
120__1__0___3072 0.1895 556.4928 716.8618 589.5515 721.6155 583.9913 760.2827 550.9326 755.5289
120__1__0___3072 0.1775 616.8142 398.8966 648.1111 404.2855 641.6100 442.0420 610.3131 436.6531
120__1__0___3072 0.0521 379.6823 -2.9901 436.3925 32.4479 403.5352 85.0284 346.8250 49.5905
525__1__2560___1024 0.0507 1.5380 752.0679 24.3763 750.5530 26.7059 785.6749 3.8677 787.1898
327__1__2560___512 0.0620 514.6912 41.6974 532.1898 41.1309 532.8396 61.2010 515.3409 61.7675
339__1__2560___3072 0.1156 581.4604 429.4002 621.4799 402.1815 651.7274 446.6543 611.7079 473.8730
339__1__2560___3072 0.0568 549.6072 250.3616 601.2183 240.9852 609.6800 287.5608 558.0689 296.9373
691__1__1536___1024 0.0548 939.7607 52.4671 1038.9695 111.5492 969.7858 227.7203 870.5770 168.6382
470__1__512___512 0.0886 8.8234 903.8065 69.6831 911.3415 60.5587 985.0384 -0.3010 977.5034
446__1__2560___1536 0.0549 844.0666 873.5751 866.6597 869.6072 871.9251 899.5885 849.3320 903.5564
461__1__1536___3072 0.0582 565.3224 10.7521 612.1180 2.9047 616.5847 29.5408 569.7891 37.3882
274__1__1024___512 0.3138 350.9915 878.3177 392.1714 849.8290 415.2897 883.2460 374.1097 911.7347
274__1__1024___512 0.2318 810.1689 945.5230 840.6403 925.1588 859.0660 952.7296 828.5947 973.0938
274__1__1024___512 0.1171 802.6336 362.3567 832.4490 346.0769 847.5989 373.8232 817.7836 390.1029
434__1__1024___0 0.0581 76.1947 133.2438 95.5904 149.4256 74.2422 175.0137 54.8466 158.8318
314__1__1536___2560 0.1761 524.5687 389.8213 572.6432 414.5078 551.1932 456.2797 503.1187 431.5933
314__1__1536___2560 0.1325 525.7137 22.9772 554.7916 44.9750 531.9791 75.1299 502.9012 53.1321
339__1__2560___2560 0.1170 581.3447 941.8948 621.0324 914.1405 651.8861 958.2603 612.1984 986.0145
339__1__2560___2560 0.0568 549.6074 762.3615 601.2186 752.9854 609.6799 799.5611 558.0688 808.9372
94__1__1024___0 0.7446 639.8434 484.1376 710.6074 426.3558 769.2817 498.2127 698.5178 555.9945
94__1__1024___0 0.2640 842.5768 1.6886 925.5338 2.3947 924.8825 78.9097 841.9256 78.2036
94__1__1024___0 0.1477 853.7732 679.6428 933.9029 626.4869 987.8961 707.8790 907.7664 761.0348
434__1__1024___2560 0.1563 839.1833 954.8065 888.6778 1000.9095 851.8095 1040.4899 802.3150 994.3868
434__1__1024___2560 0.0688 955.8105 320.4285 1008.7177 321.5037 1007.2110 395.6447 954.3038 394.5695
253__1__1536___2048 0.1097 1.5783 16.5728 16.8381 15.6278 18.1648 37.0506 2.9050 37.9956
178__1__2560___2048 0.0607 33.6021 732.6074 82.6448 711.3786 105.0411 763.1183 55.9984 784.3471
178__1__2560___2048 0.0561 220.6411 710.1176 278.8178 691.3596 295.6269 743.4917 237.4502 762.2497
231__1__512___1024 0.0746 958.2545 418.4906 1007.2534 399.2412 1024.5845 443.3571 975.5856 462.6065
684__1__2048___0 0.0653 827.8473 185.7971 935.3588 250.2757 873.2550 353.8275 765.7435 289.3489
314__1__2048___2560 0.2377 17.9621 23.2307 42.4937 41.2613 19.1976 72.9568 -5.3340 54.9262
314__1__2048___2560 0.1295 22.6890 389.7390 64.0285 424.9962 35.6452 458.2761 -5.6944 423.0190
94__1__1536___512 0.1449 341.7532 167.8382 421.6361 114.4816 475.8997 195.7223 396.0168 249.0790
337__1__2048___2560 0.0557 9.8586 40.3678 31.5524 39.6823 32.4110 66.8519 10.7173 67.5375
253__1__512___1536 0.0875 996.2076 545.0685 1012.6307 539.4661 1019.2480 558.8644 1002.8250 564.4668
670__1__2048___512 0.1774 789.3876 514.0580 844.6977 553.7572 804.5527 609.6884 749.2426 569.9891
298__1__512___1024 0.0591 329.2708 959.9119 339.8003 950.0779 354.1730 965.4672 343.6434 975.3011
298__1__0___1536 0.0601 841.1580 447.9485 851.7407 438.0770 866.1451 453.5192 855.5624 463.3907
345__1__512___0 0.1155 604.1872 871.5065 667.7075 898.5334 638.1201 968.0718 574.5997 941.0450
527__1__3072___2048 0.0783 367.7897 721.9550 399.0284 695.6453 427.3167 729.2333 396.0780 755.5430
645__1__1024___1024 0.0799 646.2343 725.6091 770.9309 765.7621 730.6525 890.8485 605.9558 850.6955
645__1__1024___1024 0.0522 934.1874 273.7530 971.8656 256.2318 1031.7573 385.0247 994.0791 402.5459
300__1__512___1536 0.1000 525.2433 140.9112 550.7495 147.1641 542.9271 179.0724 517.4209 172.8195
662__1__2560___512 0.1092 487.3774 558.8350 595.0583 641.7808 506.4576 756.8030 398.7766 673.8572
662__1__2560___512 0.0662 504.0089 429.1088 653.3325 494.2528 601.3502 613.4072 452.0265 548.2632
457__1__512___512 0.0678 127.5705 897.5773 197.1571 915.8900 178.5094 986.7500 108.9228 968.4373
235__1__2560___3072 0.1162 937.1220 82.5118 970.2384 59.8267 985.8139 82.5643 952.6975 105.2494
235__1__2560___3072 0.1014 919.2843 39.6676 955.4558 26.1244 966.3093 55.1122 930.1378 68.6554
645__1__1024___512 0.0523 934.1830 785.7533 971.8610 768.2303 1031.7598 897.0242 994.0818 914.5472
685__1__0___1536 0.0538 695.5634 47.3764 822.9291 23.1194 844.8098 138.0077 717.4440 162.2646
684__1__2560___0 0.0509 323.1155 183.3064 425.1576 258.3564 353.5978 355.6530 251.5557 280.6030
676__1__1536___512 0.0525 665.9672 547.1232 697.9817 557.2309 688.2422 588.0792 656.2277 577.9715
649__1__2048___512 0.0531 469.8314 772.8224 494.7424 793.6838 475.7565 816.3552 450.8455 795.4938
120__1__512___2560 0.1746 104.6771 910.9783 136.3229 916.5172 129.7637 953.9930 98.1179 948.4542
685__1__0___2048 0.0836 287.3935 492.5994 432.6155 436.9926 488.9406 584.0908 343.7187 639.6976
685__1__2048___1536 0.0549 69.7214 38.5009 175.5955 105.3883 108.1411 212.1599 2.2670 145.2725
31__1__2560___512 0.2347 252.7705 694.9523 310.2927 640.6021 366.1859 699.7573 308.6637 754.1075
448__1__2048___3072 0.0573 832.3455 677.2902 891.4062 650.4802 916.7724 706.3602 857.7117 733.1702
434__1__1024___2048 0.0688 955.8089 832.4277 1008.7206 833.5030 1007.2138 907.6454 954.3021 906.5701
676__1__3072___1024 0.0921 85.1971 750.2971 121.0423 756.9481 115.4087 787.3102 79.5635 780.6592
609__1__2560___1536 0.0590 69.3903 -0.4510 147.0673 13.3529 138.0183 64.2729 60.3414 50.4691
470__1__0___1024 0.0766 518.5411 383.6870 587.4047 402.8625 567.6703 473.7332 498.8068 454.5577
204__1__0___1024 0.0536 594.4856 905.7541 720.7134 916.3174 711.8973 1021.6652 585.6696 1011.1019
655__1__0___1536 0.1566 793.1001 -6.7600 896.8884 60.4018 831.2948 161.7668 727.5065 94.6049
655__1__0___1536 0.0744 390.6768 933.9014 477.6882 853.0375 562.8891 944.7155 475.8777 1025.5795
655__1__0___1536 0.0630 225.7382 701.7129 344.3407 745.2369 298.6640 869.7054 180.0615 826.1814
655__1__0___1536 0.0629 966.9378 254.5999 1015.9806 243.7147 1031.3309 312.8748 982.2881 323.7600
364__1__1024___1024 0.1701 242.8743 885.3864 396.7209 850.5854 430.0981 998.1373 276.2515 1032.9384
298__1__1536___2560 0.0561 413.9198 211.3985 428.9258 205.7078 433.7430 218.4105 418.7370 224.1012
298__1__1536___2560 0.0553 467.8786 174.7794 484.2903 181.9630 478.6373 194.8779 462.2256 187.6944
298__1__1536___2560 0.0520 526.1071 155.1609 538.4366 162.8297 528.9614 178.0633 516.6319 170.3945
609__1__1024___3072 0.0798 281.2836 452.6308 344.0939 464.3250 331.0426 534.4244 268.2323 522.7302
683__1__512___0 0.0571 61.0542 211.7560 102.6476 203.3097 114.2443 260.4171 72.6509 268.8634
120__1__1024___1024 0.2588 33.5723 114.3307 65.2779 121.1115 56.8235 160.6421 25.1180 153.8613
342__1__0___1024 0.0827 576.0496 131.1328 628.7599 168.8899 585.1238 229.8075 532.4135 192.0503
683__1__0___512 0.0691 746.8890 26.8832 893.6151 23.4319 897.0383 168.9662 750.3122 172.4174
37__1__0___2048 0.0764 612.8630 302.2216 648.1667 292.8109 656.9063 325.5972 621.6026 335.0078
691__1__1024___512 0.0543 3.1101 275.6449 92.7020 224.8304 156.7962 337.8361 67.2043 388.6506
691__1__2560___512 0.1394 373.5155 -3.5405 429.0338 36.7596 392.3453 87.3025 336.8270 47.0023
582__1__512___3072 0.0964 947.3770 -10.9027 1013.5983 12.7693 987.7575 85.0579 921.5362 61.3860
609__1__2048___1024 0.0620 21.4970 816.8976 41.2364 831.6104 24.7426 853.7391 5.0033 839.0264
649__1__1536___512 0.0765 979.3610 771.1759 1008.1828 790.9496 990.6720 816.4731 961.8502 796.6994
274__1__1536___512 0.2318 298.1689 945.5234 328.6400 925.1588 347.0660 952.7292 316.5949 973.0939
274__1__1536___512 0.1171 290.6336 362.3567 320.4489 346.0769 335.5989 373.8232 305.7835 390.1029
231__1__1536___3072 0.1111 733.7073 973.4962 771.9995 960.0623 788.5118 1007.1293 750.2197 1020.5632
670__1__1024___0 0.1178 496.4018 534.3723 556.2283 510.2613 577.9323 564.1154 518.1058 588.2264
670__1__1024___0 0.1032 663.6375 652.5714 693.2535 675.6249 669.6855 705.9020 640.0695 682.8485
337__1__0___2560 0.0539 37.5542 435.6539 74.0472 432.7861 77.5679 477.5868 41.0749 480.4546
345__1__1024___0 0.1093 91.8455 870.4505 155.6337 897.1645 126.1557 967.5527 62.3675 940.8387
688__1__3072___512 0.0708 51.3267 7.7646 178.4608 60.4006 129.7466 178.0623 2.6125 125.4263
676__1__1536___1024 0.0589 654.9497 54.2978 680.2021 32.3565 701.1368 56.4505 675.8845 78.3918
282__1__512___512 0.0511 290.3357 392.9315 337.6259 406.8220 322.0724 459.7741 274.7821 445.8836
360__1__512___2048 0.0541 746.2614 20.5506 798.7255 36.6038 773.7776 118.1363 721.3136 102.0831
344__1__512___1024 0.1108 66.4341 131.3591 116.1683 167.5630 70.2359 230.6615 20.5016 194.4575
688__1__2560___2560 0.0912 604.4943 604.7010 674.0516 564.8999 718.0271 641.7525 648.4698 681.5536
645__1__1536___1024 0.2043 645.4210 137.6380 808.6161 82.2033 862.2125 239.9865 699.0173 295.4211
645__1__1536___1024 0.1544 528.5294 203.8884 648.3759 146.3452 705.1412 264.5718 585.2946 322.1149
645__1__1536___1024 0.0951 393.5329 309.7673 481.5476 233.7865 582.0865 350.2490 494.0718 426.2297
645__1__1536___1024 0.0799 134.2260 725.6170 258.9330 765.7494 218.6765 890.8421 93.9695 850.7097
609__1__2048___1536 0.0620 21.4971 304.8976 41.2364 319.6105 24.7426 341.7392 5.0033 327.0264
609__1__2048___1536 0.0580 582.3763 0.1226 658.6825 13.0095 650.0311 64.2364 573.7249 51.3495
616__1__1536___1024 0.0839 1004.0554 304.3053 1020.2515 305.9730 1017.2433 335.1881 1001.0472 333.5204
688__1__2560___512 0.0519 545.5955 13.0495 687.0806 47.8832 656.1774 173.4039 514.6922 138.5703
596__1__1536___512 0.0502 -2.3899 88.3734 45.2693 87.0009 47.1170 151.1609 -0.5422 152.5334
586__1__2048___2560 0.0790 537.2490 215.4657 600.3576 218.6894 596.5517 293.1955 533.4431 289.9718
670__1__2560___1024 0.2684 274.2016 5.5741 328.8966 38.6194 294.4638 95.6109 239.7688 62.5656
339__1__512___512 0.2736 939.5892 884.3577 992.8073 888.7179 988.0934 946.2537 934.8753 941.8936
340__1__1024___512 0.0599 896.7384 360.4763 958.2167 356.6030 962.5767 425.8054 901.0983 429.6786
596__1__0___1536 0.0642 969.7871 250.5986 1008.5048 241.0533 1025.8118 311.2534 987.0941 320.7987
274__1__1536___1024 0.2214 298.0822 433.2572 328.7787 413.1465 346.9736 440.9187 316.2772 461.0294
274__1__1536___1024 0.1616 210.6719 942.6401 239.3176 932.7971 251.0060 966.8134 222.3603 976.6564
274__1__1536___1024 0.1241 1.4603 624.1354 27.6468 613.4844 39.8483 643.4830 13.6618 654.1340
274__1__1536___1024 0.0504 141.5397 649.4432 171.3154 664.2415 154.9996 697.0706 125.2239 682.2723
688__1__3072___2560 0.0912 92.3852 604.8337 161.9082 564.8240 206.1067 641.6258 136.5836 681.6354
274__1__1024___1536 0.1557 722.7487 430.4642 751.5133 420.9144 762.8553 455.0773 734.0907 464.6271
274__1__1024___1536 0.0884 509.3836 116.3188 536.9469 99.4747 553.8239 127.0917 526.2605 143.9358
274__1__1024___1536 0.0670 628.4116 54.2629 656.4813 32.1810 675.6048 56.4900 647.5351 78.5720
274__1__1024___1536 0.0502 653.5560 137.4403 683.3353 152.2883 666.9893 185.0722 637.2100 170.2242
689__1__3072___1536 0.1109 3.4553 883.8653 111.4638 818.4342 183.3398 937.0815 75.3313 1002.5126
688__1__3072___3072 0.0882 92.4128 91.7980 162.8856 52.6332 206.0517 130.3057 135.5789 169.4706
276__1__1536___1024 0.1108 661.3950 367.0844 718.1066 384.2328 700.4470 442.6351 643.7353 425.4867
276__1__1536___1024 0.0809 693.3812 323.6258 734.0749 335.4859 721.5432 378.4842 680.8494 366.6241
276__1__1536___1024 0.0734 576.4228 535.2628 619.0299 541.0085 613.5897 581.3500 570.9825 575.6042
576__1__0___0 0.0944 509.0447 572.8892 569.1127 529.5178 619.7642 599.6686 559.6963 643.0400
527__1__2560___2560 0.0783 879.7877 209.9572 911.0273 183.6433 939.3174 217.2290 908.0778 243.5429
689__1__2560___1536 0.1128 500.5802 888.2292 610.1314 810.2448 694.4864 928.7453 584.9351 1006.7297
477__1__1536___512 0.0586 552.0278 5.9269 626.5652 16.8809 617.2363 80.3603 542.6989 69.4063
691__1__2048___512 0.1437 885.5324 -3.5843 941.3983 36.4823 904.8655 87.4209 848.9996 47.3542
676__1__2560___1024 0.0927 596.9415 750.4816 632.9575 756.6768 627.7320 787.0556 591.7159 780.8605
676__1__2560___1024 0.0584 554.2712 434.6475 582.7711 452.7166 567.3463 477.0457 538.8464 458.9766
120__1__0___1536 0.1257 981.7126 3.7611 1013.2994 9.9224 1006.5358 44.5965 974.9490 38.4352
300__1__1024___1024 0.0573 15.7797 652.1749 40.8318 661.6123 29.4113 691.9287 4.3593 682.4913
363__1__512___1536 0.1908 760.6049 363.5404 918.1349 346.7942 933.8556 494.6768 776.3255 511.4230
401__1__2048___2560 0.0674 214.3538 921.3289 280.9063 962.5664 243.0047 1023.7353 176.4522 982.4978
94__1__0___1024 0.0557 774.5493 315.7149 854.6647 329.2762 840.1523 415.0099 760.0370 401.4486
337__1__1536___2560 0.0692 478.3163 37.7368 514.2497 42.2278 509.2540 82.1994 473.3206 77.7084
276__1__2048___1024 0.1108 149.3951 367.0844 206.1067 384.2333 188.4467 442.6350 131.7351 425.4861
276__1__2048___1024 0.0809 181.3811 323.6258 222.0749 335.4858 209.5432 378.4841 168.8495 366.6241
276__1__2048___1024 0.0743 64.2397 535.2347 106.8866 540.7833 101.6219 581.2485 58.9749 575.6999
691__1__2560___1536 0.0507 128.3028 33.9776 260.7637 17.1127 276.9655 144.3656 144.5047 161.2306
609__1__2048___0 0.0863 1.5432 761.4565 32.0554 754.1823 42.3788 797.4847 11.8665 804.7589
342__1__0___0 0.1441 75.9356 663.9191 104.5506 673.1710 94.1190 705.4345 65.5041 696.1826
304__1__2560___2048 0.0530 939.2228 725.4491 1002.2183 698.4253 1023.8449 748.8392 960.8495 775.8630
235__1__3072___3072 0.1168 425.6438 82.6240 458.1552 60.4747 473.2874 82.6863 440.7760 104.8356
235__1__3072___3072 0.1102 407.5009 39.3273 443.4971 26.3342 454.0658 55.6136 418.0695 68.6068
274__1__1536___1536 0.1557 210.7486 430.4642 239.5133 420.9144 250.8553 455.0773 222.0907 464.6271
274__1__1536___1536 0.1240 1.4562 112.1399 27.6470 101.4811 39.8538 131.4758 13.6630 142.1346
274__1__1536___1536 0.0670 116.4117 54.2627 144.4813 32.1810 163.6046 56.4900 135.5350 78.5717
274__1__1536___1536 0.0502 141.5548 137.4403 171.3353 152.2871 154.9903 185.0726 125.2099 170.2258
662__1__2048___1024 0.0553 891.2226 211.2688 1009.1835 237.8104 977.4732 378.7430 859.5123 352.2015
339__1__512___1024 0.2718 939.9513 372.0834 993.1222 377.0547 987.7478 434.5367 934.5769 429.5654
582__1__1024___1536 0.0769 285.3575 437.9838 350.9993 466.1997 321.1530 535.6345 255.5112 507.4185
582__1__1024___1536 0.0549 35.3010 8.9970 109.7909 63.6115 59.4152 132.3200 -15.0747 77.7054
37__1__512___2048 0.0756 100.8350 302.3524 136.1383 292.7443 145.0384 325.4460 109.7351 335.0541
231__1__1536___1536 0.0860 4.7623 213.4155 35.6322 210.5026 38.8612 244.7221 7.9914 247.6351
298__1__0___1024 0.0591 841.2708 959.9119 851.8003 950.0779 866.1730 965.4672 855.6434 975.3011
290__1__1024___2560 0.1101 419.9600 704.2622 448.8627 719.3433 435.2967 745.3424 406.3940 730.2614
290__1__1024___2560 0.0741 430.1503 554.4520 458.8308 562.3069 452.5639 585.1889 423.8835 577.3340
290__1__1024___2560 0.0673 431.5534 610.1407 445.8266 622.1536 434.2948 635.8552 420.0216 623.8423
120__1__1024___512 0.2569 33.5533 626.3370 65.2533 633.1007 56.8160 672.6443 25.1160 665.8806
582__1__0___1024 0.0986 973.2636 239.8274 1026.5065 243.7206 1019.3575 341.4884 966.1146 337.5952
691__1__0___3072 0.0597 113.4171 -4.2461 248.2628 62.2742 182.9691 194.6334 48.1234 128.1131
339__1__1536___512 0.2624 22.7190 935.2851 44.3995 949.6342 24.5605 979.6096 2.8800 965.2605
681__1__512___2560 0.0541 815.8574 30.3873 900.0229 32.7270 898.2276 97.3104 814.0621 94.9708
94__1__512___1024 0.0557 262.5497 315.7156 342.6647 329.2769 328.1525 415.0098 248.0374 401.4485
274__1__1024___0 0.1171 802.6340 874.3561 832.4496 858.0773 847.5987 885.8235 817.7830 902.1024
582__1__1536___0 0.0928 105.9854 -3.3863 198.0809 23.8418 170.8310 116.0108 78.7355 88.7827
688__1__3072___1536 0.0502 825.5261 63.2473 922.5806 143.5601 844.2723 238.1924 747.2177 157.8796
649__1__2048___1024 0.0531 469.8315 260.8224 494.7424 281.6839 475.7564 304.3552 450.8455 283.4937
340__1__1536___1536 0.1316 450.9219 184.8195 487.4987 216.7354 451.9467 257.4792 415.3699 225.5634
670__1__2048___1024 0.2684 786.2016 5.5740 840.8967 38.6195 806.4638 95.6110 751.7687 62.5656
477__1__512___512 0.0939 468.0691 518.2844 544.5095 527.9918 534.6447 605.6710 458.2044 595.9636
477__1__512___512 0.0888 920.3892 447.1998 991.0392 462.2369 974.2070 541.3215 903.5569 526.2844
363__1__1024___1536 0.1891 248.5029 363.6652 405.9579 346.4253 422.1425 494.2416 264.6875 511.4815
235__1__2560___2560 0.1089 937.5375 594.2747 970.3986 571.8685 985.9662 594.7000 953.1052 617.1063
235__1__2560___2560 0.0686 708.8828 220.1056 760.9388 194.8106 780.7381 235.5566 728.6820 260.8517
235__1__2560___2560 0.0508 106.9132 618.9523 160.9048 597.4642 178.5141 641.7098 124.5226 663.1979
645__1__1024___2560 0.0506 -14.5719 99.9750 94.2849 66.5654 137.6146 207.7443 28.7579 241.1539
87__1__2048___512 0.0776 222.6375 265.7531 276.5809 237.1480 306.8240 294.1803 252.8805 322.7854
364__1__512___1536 0.1908 760.6049 363.5404 918.1349 346.7942 933.8556 494.6768 776.3255 511.4230
344__1__3072___1536 0.0674 652.4025 951.9444 710.5840 928.7004 735.0915 990.0445 676.9100 1013.2885
434__1__512___0 0.0535 587.8500 133.2626 607.4348 149.0709 586.5944 174.8900 567.0095 159.0817
477__1__0___512 0.3965 88.5892 16.8508 156.6799 26.6976 146.3180 98.3498 78.2274 88.5030
477__1__0___512 0.0520 983.5278 513.8300 1027.1387 522.8091 1009.1666 610.0974 965.5557 601.1182
582__1__0___512 0.0986 973.2636 751.8273 1026.5065 755.7206 1019.3575 853.4883 966.1146 849.5951
477__1__2048___1536 0.0738 217.4572 -5.4099 296.1572 21.9250 266.0828 108.5125 187.3827 81.1776
184__1__1536___3072 0.2163 730.2805 724.6132 819.1901 655.0819 895.2527 752.3431 806.3431 821.8744
670__1__1536___512 0.3346 20.0546 0.9877 64.1645 21.4957 38.5024 76.6913 -5.6075 56.1832
670__1__1536___512 0.1032 151.6373 140.5712 181.2535 163.6249 157.6853 193.9021 128.0691 170.8484
46__1__1024___0 0.0515 329.2329 348.9871 369.7126 325.3817 412.6084 398.9417 372.1288 422.5470
340__1__1536___0 0.0618 384.7155 873.0258 445.7833 868.6481 450.7605 938.0784 389.6927 942.4562
689__1__2048___2048 0.0640 904.1105 412.3137 993.9074 391.2025 1034.0057 561.7619 944.2088 582.8730
477__1__0___0 0.1038 84.2614 531.2949 154.6543 536.0581 149.8033 607.7471 79.4104 602.9839
686__1__2560___2560 0.1029 107.5235 5.1756 210.8017 5.1344 210.8287 72.8566 107.5505 72.8978
686__1__2560___2560 0.1003 292.7719 -2.4200 400.2815 65.0840 334.9888 169.0717 227.4792 101.5677
670__1__1024___512 0.2554 529.3696 -3.1542 576.7809 26.6960 544.5703 77.8563 497.1590 48.0060
670__1__1024___512 0.1032 663.6378 140.5711 693.2537 163.6253 669.6849 193.9022 640.0690 170.8480
448__1__1536___1536 0.0910 -4.4734 679.0775 51.1542 680.3557 49.3514 758.8166 -6.2762 757.5384
344__1__0___1024 0.0725 570.6401 132.1611 626.0298 164.5423 588.5838 228.5956 533.1941 196.2144
408__1__512___0 0.0607 33.6021 732.6074 82.6448 711.3786 105.0411 763.1183 55.9984 784.3471
408__1__512___0 0.0561 220.6411 710.1176 278.8178 691.3596 295.6269 743.4917 237.4502 762.2497
662__1__1536___1024 0.1359 172.7061 106.4474 303.6502 69.8587 341.6520 205.8605 210.7080 242.4491
448__1__1536___2048 0.0911 -4.4787 167.0728 51.1502 168.3476 49.3519 246.8201 -6.2770 245.5453
662__1__1536___0 0.1753 456.0506 676.0291 610.2648 720.4268 572.1597 852.7836 417.9455 808.3859
662__1__1536___0 0.0668 771.4638 -4.1652 912.4017 42.6603 867.9866 176.3429 727.0488 129.5173
339__1__1024___512 0.2299 424.9242 886.4479 478.4338 886.4716 478.4081 944.3485 424.8984 944.3248
253__1__512___2048 0.0941 996.2913 33.4017 1012.4717 27.6244 1019.3130 46.7847 1003.1327 52.5620
94__1__512___512 0.0555 262.7046 827.6168 342.7811 841.4333 327.9960 927.1234 247.9194 913.3068
87__1__0___2048 0.0519 378.6738 151.7541 414.3131 182.0944 387.0748 214.0899 351.4355 183.7497
446__1__2560___2048 0.0549 844.0659 361.5771 866.6586 357.6071 871.9267 387.5863 849.3339 391.5563
235__1__2560___2048 0.0686 708.8828 732.1056 760.9389 706.8106 780.7381 747.5566 728.6819 772.8516
363__1__1536___2560 0.0533 -24.9678 29.0432 87.3385 -7.0220 129.0932 123.0014 16.7870 159.0666
477__1__1024___512 0.0924 411.0305 446.2305 481.0096 465.4895 459.6764 543.0054 389.6974 523.7465
477__1__1024___512 0.0917 2.1346 403.6355 51.6913 402.0732 54.3639 486.8534 4.8073 488.4157
616__1__1536___512 0.0839 1004.0554 816.3052 1020.2515 817.9730 1017.2433 847.1880 1001.0472 845.5203
298__1__2048___2560 0.0623 11.3126 155.5995 25.5007 161.8970 18.2485 178.2361 4.0605 171.9386
235__1__3072___2560 0.1108 425.8691 594.4193 458.2705 572.4331 473.4422 594.7919 441.0408 616.7781
235__1__3072___2560 0.0686 196.8828 220.1056 248.9388 194.8106 268.7382 235.5566 216.6821 260.8517
290__1__512___3072 0.1230 931.7435 192.2610 960.8152 207.1018 947.5010 233.1831 918.4293 218.3422
290__1__512___3072 0.0763 943.6291 98.0932 957.9715 110.1616 946.3675 123.9521 932.0251 111.8838
290__1__512___3072 0.0762 942.6862 42.4365 970.9318 50.6159 964.4187 73.1073 936.1731 64.9279
87__1__1536___512 0.0776 734.6374 265.7530 788.5809 237.1480 818.8239 294.1804 764.8804 322.7854
340__1__1536___512 0.0620 384.7316 360.8311 445.7438 356.4456 450.7423 425.9852 389.7301 430.3707
676__1__2560___512 0.0546 555.5553 946.4988 583.4279 966.9146 566.9730 989.3795 539.1005 968.9637
120__1__512___3072 0.1833 44.6054 716.8892 77.3735 721.4646 71.9602 760.2338 39.1921 755.6584
120__1__512___3072 0.1764 104.8831 398.8681 136.1528 404.2639 129.6322 442.0526 98.3624 436.6568
245__1__2560___512 0.1383 867.1497 258.1603 883.9105 255.0497 886.9346 271.3446 870.1739 274.4552
37__1__512___1536 0.0756 100.8355 814.3521 136.1391 804.7449 145.0382 837.4465 109.7346 847.0536
314__1__0___2560 0.8616 197.6701 162.4448 247.8116 197.0441 214.0415 245.9839 163.9000 211.3846
314__1__0___2560 0.0943 298.1845 414.1467 345.3530 442.0117 319.8642 485.1578 272.6957 457.2928
314__1__0___2560 0.0816 507.1166 450.6291 559.6483 457.0907 553.2319 509.2552 500.7002 502.7936
314__1__0___2560 0.0506 692.3148 272.4393 740.5375 300.4840 713.5883 346.8231 665.3655 318.7784
31__1__2560___1024 0.2350 252.7628 182.9430 310.2784 128.5977 366.1847 187.7654 308.6691 242.1107
461__1__2048___3072 0.0577 53.5310 10.7421 100.2232 2.8148 104.7463 29.4559 58.0540 37.3832
645__1__1536___2048 0.0507 68.2660 151.9257 184.7667 97.2754 241.8404 218.9421 125.3396 273.5925
276__1__1536___512 0.1149 661.5475 878.8895 718.1568 896.2107 700.2603 954.7003 643.6509 937.3792
276__1__1536___512 0.0809 693.3808 835.6261 734.0747 847.4858 721.5434 890.4841 680.8495 878.6245
178__1__2560___2560 0.0607 33.6021 220.6073 82.6449 199.3786 105.0411 251.1184 55.9983 272.3471
178__1__2560___2560 0.0561 220.6411 198.1177 278.8177 179.3595 295.6269 231.4916 237.4503 250.2498
655__1__0___1024 0.1877 714.6843 569.3392 828.6498 492.2290 907.0336 608.0769 793.0681 685.1871
655__1__0___1024 0.0629 966.9378 766.5999 1015.9806 755.7148 1031.3308 824.8749 982.2881 835.7601
685__1__2560___1024 0.0559 74.1105 23.1999 210.0651 12.1286 221.3396 150.5796 85.3850 161.6508
10__1__1024___2560 0.0536 9.5392 875.4821 43.6847 879.5984 38.4680 922.8724 4.3225 918.7560
120__1__0___1024 0.0653 980.6695 512.7405 1014.0563 517.8903 1008.2460 555.5585 974.8593 550.4086
662__1__2048___512 0.0552 891.1940 723.2846 1009.1594 749.7866 977.4960 890.7270 859.5305 864.2250
655__1__0___3072 0.1258 396.6159 92.6761 456.6891 133.6768 410.2924 201.6562 350.2191 160.6555
655__1__0___3072 0.0924 218.9083 22.3134 361.6737 22.5595 361.4470 154.0981 218.6816 153.8520
10__1__2048___2048 0.0812 679.7368 85.2915 720.8284 55.6880 769.3082 122.9812 728.2166 152.5847
688__1__0___512 0.2788 888.3433 478.4747 998.2072 583.0602 895.1831 691.2840 785.3192 586.6984
688__1__0___512 0.0513 892.6259 137.8971 964.8930 170.8677 931.5564 243.9369 859.2892 210.9663
274__1__512___512 0.3137 862.9914 878.3193 904.1697 849.8286 927.2896 883.2444 886.1113 911.7351
685__1__0___3072 0.1077 436.6848 25.2587 571.5699 14.3303 581.7211 139.6216 446.8360 150.5501
685__1__1024___0 0.1033 442.6152 70.0250 558.5701 37.1568 594.7971 164.9610 478.8422 197.8291
304__1__2560___2560 0.2397 468.0727 658.2996 494.6201 671.1125 477.7122 706.1442 451.1648 693.3312
304__1__2560___2560 0.0530 939.2228 213.4489 1002.2184 186.4253 1023.8449 236.8393 960.8494 263.8630
339__1__3072___2560 0.1168 69.3563 941.8647 109.0594 914.1458 139.8814 958.2936 100.1784 986.0125
339__1__3072___2560 0.0547 36.8835 763.0181 87.3048 751.9075 97.4819 798.0926 47.0607 809.2032
645__1__1536___512 0.1848 704.4529 593.0617 862.4307 645.8401 811.2728 798.9673 653.2950 746.1890
645__1__1536___512 0.1544 528.5293 715.8884 648.3761 658.3452 705.1414 776.5715 585.2946 834.1148
645__1__1536___512 0.0950 393.5354 821.7508 481.5726 745.7786 582.0980 862.2681 494.0608 938.2404
231__1__1536___1024 0.0860 4.7624 725.4155 35.6322 722.5026 38.8612 756.7222 7.9914 759.6351
235__1__3072___2048 0.0686 196.8828 732.1056 248.9389 706.8106 268.7381 747.5566 216.6820 772.8516
688__1__0___0 0.0514 892.8940 649.8156 964.9802 683.1317 931.2809 756.0470 859.1947 722.7308
120__1__512___512 0.2778 542.4662 626.7422 576.6716 630.6688 572.0178 671.2100 537.8124 667.2834
691__1__2048___0 0.0561 842.3239 544.7461 899.8318 500.0012 945.1261 558.2152 887.6182 602.9601
691__1__2048___0 0.0528 900.6863 378.0762 979.1487 352.9123 1030.4580 512.8978 951.9956 538.0616
448__1__2048___2560 0.1717 833.0774 989.7114 894.4589 966.5073 910.7997 1009.7332 849.4182 1032.9374
448__1__2560___2560 0.1717 321.0775 989.7128 382.4581 966.5073 398.7994 1009.7317 337.4188 1032.9371
582__1__1024___3072 0.0979 439.8009 2.0892 517.1527 25.5138 497.6998 89.7507 420.3479 66.3261
344__1__0___0 0.2025 74.8721 663.9678 103.5982 671.8477 94.6998 704.2869 65.9736 696.4070
298__1__1024___2048 0.0614 980.2255 686.1315 996.3713 693.7950 990.2916 706.6042 974.1458 698.9407
298__1__1024___2048 0.0564 925.9342 723.3983 940.9422 717.7307 945.7296 730.4080 930.7216 736.0756
477__1__1536___1536 0.0738 729.4543 -5.4086 808.1554 21.9260 778.0820 108.5127 699.3809 81.1781
662__1__1024___1024 0.1375 680.8650 121.2915 803.5103 67.2867 858.8047 192.8605 736.1594 246.8653
685__1__3072___0 0.0503 14.1490 283.0985 117.4831 302.0980 89.0712 456.6238 -14.2629 437.6243
345__1__512___512 0.1181 603.0469 360.2892 666.1564 383.1787 640.3080 454.4461 577.1986 431.5566
120__1__0___2560 0.1756 616.6143 910.9891 648.2989 916.5159 641.7623 953.9897 610.0777 948.4630
461__1__1536___2048 0.0642 154.3427 6.3630 191.2675 -0.3593 196.7452 29.7295 159.8204 36.4517
337__1__0___2048 0.0751 36.9112 948.4247 72.9645 944.4305 77.8676 988.6863 41.8142 992.6806
342__1__0___512 0.1441 75.9356 151.9191 104.5506 161.1709 94.1191 193.4345 65.5041 184.1827
342__1__0___512 0.0828 576.0071 643.1180 628.7617 680.8641 585.1588 741.8041 532.4042 704.0580
10__1__2560___1536 0.0883 167.9551 596.1184 209.5884 567.0609 257.2615 635.3665 215.6282 664.4240
235__1__1536___2560 0.0515 219.7903 203.7280 245.8869 209.9670 242.2106 225.3444 216.1140 219.1054
94__1__1536___0 0.7446 127.8438 484.1350 198.6120 426.3565 257.2815 498.2161 186.5133 555.9945
94__1__1536___0 0.2629 330.6333 1.6237 413.5919 2.4553 412.8249 78.9705 329.8663 78.1389
94__1__1536___0 0.1449 341.7534 679.8385 421.6357 626.4820 475.8994 707.7224 396.0170 761.0789
125__1__2048___2560 0.0825 12.6021 325.6499 73.7831 326.2823 72.9650 405.4208 11.7840 404.7883
691__1__1024___0 0.0543 3.0843 787.5265 93.0856 736.9305 156.7046 850.0974 66.7033 900.6934
457__1__0___512 0.0680 639.5575 897.5784 709.1536 915.8567 690.5515 986.6854 620.9554 968.4071
446__1__3072___2048 0.0549 332.0658 361.5772 354.6586 357.6071 359.9266 387.5863 337.3338 391.5564
662__1__1024___512 0.1006 682.8544 632.0807 802.9861 581.0956 854.5154 702.5095 734.3837 753.4946
298__1__1024___2560 0.0614 980.2255 174.1315 996.3713 181.7949 990.2916 194.6042 974.1458 186.9408
298__1__1024___2560 0.0564 925.9342 211.3983 940.9422 205.7307 945.7296 218.4080 930.7216 224.0756
645__1__2048___1024 0.2096 134.0779 136.7965 298.0461 82.3459 350.6177 240.6558 186.6496 295.1064
645__1__2048___1024 0.1759 16.1501 207.3339 132.3016 144.6542 194.7038 260.2915 78.5523 322.9712
685__1__0___2560 0.0625 508.4352 -1.7625 647.3867 55.0969 591.9274 190.6264 452.9760 133.7669
339__1__1536___1024 0.2545 23.0702 423.2569 44.5297 437.6603 24.5998 467.3536 3.1403 452.9503
461__1__1536___1024 0.0618 4.4675 72.7150 33.9408 68.3446 42.0529 123.0518 12.5795 127.4221
408__1__512___512 0.0607 33.6021 220.6073 82.6449 199.3786 105.0411 251.1184 55.9983 272.3471
408__1__512___512 0.0561 220.6411 198.1177 278.8177 179.3595 295.6269 231.4916 237.4503 250.2498
576__1__512___0 0.0791 11.1385 561.6298 73.0047 540.5474 98.5407 615.4827 36.6745 636.5651
649__1__2048___2048 0.0624 7.2996 677.2480 28.8289 681.6146 23.6088 707.3528 2.0794 702.9863
477__1__1024___0 0.0961 0.7223 915.4220 52.3180 913.4349 55.5598 997.6068 3.9641 999.5939
645__1__1024___1536 0.0799 646.2349 213.6092 770.9310 253.7624 730.6522 378.8485 605.9561 338.6953
342__1__3072___2048 0.0804 650.9572 443.9103 706.3934 415.4192 736.7307 474.4479 681.2945 502.9390
340__1__1536___1024 0.1316 450.9219 696.8195 487.4987 728.7354 451.9467 769.4792 415.3699 737.5634
340__1__1536___1024 0.1041 98.2928 2.4651 127.5549 23.0148 110.1849 47.7491 80.9228 27.1994
314__1__512___2048 0.0749 0.0871 986.8943 21.7747 968.1376 48.4608 998.9937 26.7732 1017.7503
314__1__512___2048 0.0506 180.3147 784.4393 228.5376 812.4839 201.5884 858.8231 153.3656 830.7785
649__1__2048___2560 0.0624 7.2994 165.2481 28.8289 169.6144 23.6090 195.3526 2.0795 190.9863
645__1__2048___1536 0.0538 145.7204 6.9721 220.4326 7.1066 220.3234 67.7754 145.6112 67.6409
364__1__1024___1536 0.1891 248.5029 363.6652 405.9579 346.4253 422.1425 494.2416 264.6875 511.4815
645__1__512___1536 0.0709 949.3575 452.6481 1045.5587 494.0800 996.9904 606.8513 900.7892 565.4194
582__1__512___1024 0.1563 797.3420 951.2081 859.9422 972.5062 840.4024 1029.9384 777.8022 1008.6403
314__1__512___2560 0.1216 -1.3772 488.3046 32.8144 457.5555 52.3862 479.3185 18.1947 510.0676
314__1__512___2560 0.0506 180.3147 272.4393 228.5376 300.4839 201.5884 346.8231 153.3656 318.7785
461__1__1024___2048 0.0642 666.3421 6.3627 703.2672 -0.3626 708.7475 29.7269 671.8224 36.4522
94__1__1024___512 0.1477 853.7732 167.6423 933.9030 114.4867 987.8962 195.8793 907.7664 249.0349
670__1__1536___0 0.3144 16.8763 513.3869 63.9414 534.2174 39.8927 588.5538 -7.1724 567.7233
670__1__1536___0 0.1032 151.6370 652.5715 181.2534 675.6244 157.6860 705.9019 128.0696 682.8490
688__1__512___1024 0.2576 341.8802 -9.1856 471.4736 50.9934 415.9147 170.6376 286.3213 110.4586
582__1__2048___512 0.0501 29.1172 3.8499 109.7869 1.9286 111.0743 55.9815 30.4046 57.9028
339__1__3072___3072 0.1154 69.4620 429.4120 109.4670 402.1829 139.7298 446.6451 99.7248 473.8741
339__1__3072___3072 0.0547 36.8835 251.0182 87.3047 239.9075 97.4819 286.0925 47.0607 297.2032
662__1__2048___0 0.1588 941.3566 437.3976 994.7523 488.4539 946.9434 538.4536 893.5476 487.3973
662__1__2048___0 0.0656 259.2870 -3.3494 400.2223 42.9477 356.4931 176.0659 215.5579 129.7688
662__1__2048___0 0.0585 910.3902 266.7392 1026.8499 280.4565 1010.8000 416.7197 894.3404 403.0024
274__1__512___1024 0.3142 862.9992 366.3029 904.1807 337.8365 927.2813 371.2554 886.0998 399.7219
339__1__1024___2048 0.2654 929.1450 789.9801 983.0518 773.6123 998.0439 822.9884 944.1372 839.3562
274__1__1024___1024 0.3143 350.9992 366.3014 392.1823 337.8367 415.2814 371.2568 374.0983 399.7215
274__1__1024___1024 0.2214 810.0822 433.2572 840.7786 413.1465 858.9736 440.9186 828.2772 461.0294
274__1__1024___1024 0.1616 722.6720 942.6401 751.3176 932.7971 763.0060 966.8134 734.3604 976.6564
274__1__1024___1024 0.0881 509.3828 628.2984 536.9622 611.4756 553.8190 639.1109 526.2397 655.9337
274__1__1024___1024 0.0504 653.5408 649.4432 683.3156 664.2426 666.9988 697.0703 637.2240 682.2709
448__1__2560___3072 0.0573 320.3445 677.2906 379.4058 650.4802 404.7719 706.3596 345.7106 733.1701
339__1__1536___2048 0.1983 416.2558 792.9855 468.3423 772.0236 487.5752 819.8139 435.4888 840.7758
298__1__1536___2048 0.0561 413.9198 723.3985 428.9258 717.7078 433.7430 730.4105 418.7370 736.1012
298__1__1536___2048 0.0553 467.8786 686.7795 484.2903 693.9630 478.6373 706.8780 462.2256 699.6945
298__1__1536___2048 0.0520 526.1074 667.1609 538.4364 674.8298 528.9609 690.0632 516.6318 682.3943
676__1__2560___1536 0.0927 596.9415 238.4816 632.9575 244.6768 627.7320 275.0556 591.7159 268.8605
645__1__2048___512 0.1889 195.1678 592.7197 351.9671 648.3198 298.1166 800.1852 141.3173 744.5851
645__1__2048___512 0.1759 16.1500 719.3342 132.3015 656.6541 194.7040 772.2912 78.5525 834.9713
448__1__1536___512 0.0525 -7.6646 493.7800 69.8686 487.9439 74.4179 548.3816 -3.1154 554.2177
686__1__2560___2048 0.0593 233.3369 588.5673 327.3549 514.7700 401.0948 608.7150 307.0769 682.5123
685__1__2048___2048 0.1261 507.6295 -3.6420 613.3362 65.9949 537.8687 180.5522 432.1620 110.9154
655__1__512___1024 0.1568 202.9308 551.2543 324.1486 491.0220 385.5334 614.5593 264.3157 674.7916
662__1__0___3072 0.2332 736.5117 373.9259 860.3368 330.9314 902.2759 451.7173 778.4508 494.7118
337__1__0___3072 0.0984 21.7175 15.0863 60.1418 26.6665 46.0543 73.4105 7.6300 61.8304
527__1__3072___2560 0.0783 367.7897 209.9549 399.0285 183.6453 427.3167 217.2334 396.0778 243.5430
204__1__512___1024 0.0556 70.9547 910.9100 203.6928 901.4672 211.6713 1013.6214 78.9332 1023.0642
340__1__1024___1536 0.1412 926.4584 219.4092 969.6951 184.6466 1000.9785 223.5561 957.7418 258.3187
645__1__0___1024 0.0509 8.2397 653.7339 133.3901 624.7343 163.7717 755.8489 38.6213 784.8484
125__1__512___512 0.1036 -3.0481 24.0149 47.3528 0.4883 82.6303 76.0634 32.2294 99.5900
686__1__2048___2560 0.1031 619.7040 4.9729 722.8104 5.0969 722.7289 72.8634 619.6225 72.7394
686__1__2048___2560 0.1017 805.9163 -1.5907 912.9713 64.6381 848.2448 169.2646 741.1899 103.0358
94__1__0___512 0.0555 774.7042 827.6160 854.7811 841.4326 839.9958 927.1235 759.9189 913.3069
340__1__1024___1024 0.1412 926.4584 731.4091 969.6951 696.6467 1000.9785 735.5562 957.7418 770.3187
340__1__1024___1024 0.1043 610.2665 2.4729 639.5447 22.9746 622.2095 47.7307 592.9313 27.2291
645__1__1536___2560 0.0707 28.4847 412.0274 92.4453 355.5677 142.4205 412.1823 78.4600 468.6420
245__1__2560___0 0.1383 867.1497 770.1603 883.9105 767.0497 886.9346 783.3446 870.1739 786.4552
394__1__2560___512 0.0657 339.3535 16.2342 358.4654 -1.2409 408.3504 53.3164 389.2385 70.7916
401__1__2048___3072 0.0750 216.1325 404.6530 283.6804 453.0099 240.4327 513.4210 172.8848 465.0642
401__1__2048___3072 0.0714 111.0258 778.6496 192.5884 766.4432 203.8226 841.5092 122.2599 853.7156
342__1__512___1024 0.1094 64.0738 131.6868 116.2931 164.8150 73.9520 231.5564 21.7327 198.4282
676__1__3072___1536 0.0921 85.1971 238.2971 121.0423 244.9481 115.4087 275.3102 79.5635 268.6592
239__1__512___512 0.0690 963.7717 807.7284 1000.3776 798.4571 1008.9305 832.2267 972.3247 841.4980
655__1__0___2560 0.1207 396.3639 604.7001 456.7095 645.5364 410.5787 713.7057 350.2332 672.8694
314__1__2048___2048 0.2856 13.9807 537.3627 42.8686 552.5954 26.3942 583.8382 -2.4937 568.6055
314__1__2048___2048 0.1318 22.7499 901.6584 64.1075 936.9910 35.6066 970.3521 -5.7510 935.0195
662__1__2560___1024 0.1423 484.8857 51.1482 595.2532 147.4604 509.3576 245.8911 398.9901 149.5789
344__1__3072___2048 0.0719 650.9548 444.3268 706.6089 415.3952 737.2138 474.2683 681.5596 503.1998
340__1__512___0 0.2023 925.9399 330.5833 967.4030 296.2826 1001.4681 337.4608 960.0051 371.7615
434__1__1536___2048 0.0532 440.7233 835.0507 498.7953 834.0560 500.0112 905.0410 441.9392 906.0357
360__1__1024___2048 0.0540 234.2627 20.5536 286.7264 36.6063 261.7789 118.1400 209.3152 102.0873
300__1__1024___1536 0.0573 15.7796 140.1749 40.8317 149.6121 29.4114 179.9286 4.3593 170.4915
327__1__2560___2048 0.0793 506.7129 7.1539 552.4293 5.5356 553.6038 38.7132 507.8873 40.3315
457__1__512___1024 0.0680 133.7619 380.4204 201.2283 408.6933 172.3925 477.5030 104.9261 449.2302
327__1__3072___0 0.2671 377.5653 193.4815 420.7963 171.0673 441.1295 210.2845 397.8985 232.6987
327__1__3072___0 0.2397 6.6496 552.6006 22.2954 555.3329 18.9056 574.7435 3.2599 572.0112
327__1__3072___0 0.0556 -2.5937 531.1237 11.0561 528.3079 15.2441 548.6101 1.5943 551.4258
345__1__1536___1024 0.1629 97.2869 510.1831 145.6164 484.5187 172.7693 535.6512 124.4398 561.3156
688__1__0___1024 0.2604 865.0967 -14.0037 987.9694 58.8165 919.4999 174.3482 796.6271 101.5280
448__1__1024___1024 0.0548 403.4133 0.6392 480.0112 -15.5579 491.5903 39.2014 414.9925 55.3985
676__1__2048___512 0.0525 154.0824 547.0646 186.0379 557.3442 176.1313 588.1402 144.1758 577.8607
231__1__512___512 0.0787 958.4228 930.5076 1007.4055 911.3645 1024.5819 955.3151 975.5992 974.4583
609__1__512___3072 0.0795 793.2493 452.6596 856.0557 464.2884 843.0756 534.3939 780.2691 522.7652
655__1__1024___512 0.1184 205.5654 40.5997 266.2960 -3.7609 310.1582 56.2873 249.4277 100.6479
609__1__1536___512 0.0758 392.3672 -5.2694 456.3292 14.6335 438.0148 73.4906 374.0528 53.5877
345__1__1024___1024 0.1626 609.2874 510.1775 657.6174 484.5182 684.7679 535.6569 636.4379 561.3161
408__1__0___0 0.0710 545.6601 732.3234 594.6176 711.3630 616.8785 763.3582 567.9210 784.3185
408__1__0___0 0.0561 732.6411 710.1176 790.8179 691.3596 807.6269 743.4917 749.4501 762.2497
87__1__2048___0 0.0776 222.6374 777.7531 276.5809 749.1480 306.8240 806.1804 252.8806 834.7855
477__1__512___1024 0.1936 470.2381 4.8570 546.3212 17.8122 532.9584 96.2886 456.8754 83.3334
345__1__1024___512 0.1131 91.3416 359.4160 154.4395 382.2011 128.4806 454.0881 65.3828 431.3030
685__1__2560___512 0.0646 -7.6258 19.1058 48.0180 -5.5441 75.0804 55.5455 19.4366 80.1954
685__1__2560___512 0.0532 147.3029 -8.0486 246.2108 73.0652 166.9221 169.7475 68.0143 88.6337
337__1__1536___2048 0.0595 477.4204 550.9434 513.3148 553.7122 510.2537 593.3968 474.3593 590.6281
253__1__1536___1536 0.1167 1.3580 528.4224 16.3348 527.2004 18.1044 548.8898 3.1277 550.1118
662__1__3072___512 0.0834 5.7086 435.0072 142.7782 503.2172 89.7496 609.7797 -47.3201 541.5697
645__1__0___1536 0.0550 -1.9562 146.8878 115.6601 104.0160 162.5471 232.6474 44.9308 275.5193
300__1__512___1024 0.1000 525.2444 652.9109 550.7504 659.1651 542.9265 691.0730 517.4205 684.8188
686__1__2048___2048 0.0600 819.3466 514.2063 912.6120 591.3199 835.3976 684.7072 742.1323 607.5935
686__1__2048___2048 0.0515 660.2950 448.7752 751.6603 520.7421 678.0556 614.1868 586.6902 542.2198
655__1__512___0 0.1454 87.5950 100.2938 228.9004 129.7470 201.2864 262.2290 59.9810 232.7759
655__1__0___0 0.1247 599.2578 98.3722 741.6898 130.6882 712.1971 260.6757 569.7652 228.3596
446__1__3072___1536 0.0579 537.8993 541.2957 566.8721 553.3645 555.8132 579.9128 526.8404 567.8440
446__1__3072___1536 0.0549 332.0666 873.5750 354.6596 869.6072 359.9250 899.5886 337.3319 903.5564
394__1__2048___512 0.0657 851.3543 16.2338 870.4660 -1.2404 920.3491 53.3170 901.2374 70.7912
582__1__1024___1024 0.1563 285.3419 951.2081 347.9420 972.5061 328.4023 1029.9382 265.8022 1008.6403
582__1__1024___1024 0.0535 58.1912 14.8377 134.5381 54.6013 90.4771 139.1994 14.1302 99.4358
461__1__1536___512 0.0578 4.4724 585.0367 33.8890 580.6057 42.1018 635.1285 12.6852 639.5595
688__1__2560___3072 0.0881 604.5341 91.6388 675.0591 52.7187 717.9646 130.4656 647.4396 169.3857
582__1__512___1536 0.0769 797.3567 437.9838 862.9993 466.1988 833.1539 535.6344 767.5114 507.4194
382__1__1024___2560 0.0526 938.1310 -13.0231 997.6768 -3.9439 985.6512 74.9253 926.1055 65.8462
282__1__0___512 0.0511 802.3357 392.9315 849.6259 406.8221 834.0723 459.7741 786.7821 445.8835
655__1__512___2560 0.0703 9.5400 320.5203 67.4716 323.2200 63.9961 397.7991 6.0645 395.0994
434__1__1536___2560 0.1563 327.1833 954.8065 376.6778 1000.9095 339.8095 1040.4899 290.3150 994.3868
434__1__1536___2560 0.0519 440.6854 322.6431 498.7321 321.6335 499.9734 393.0004 441.9267 394.0100
609__1__1536___0 0.0979 436.1235 202.0321 491.9760 213.8844 479.9708 270.4571 424.1183 258.6048
37__1__0___1536 0.0764 612.8633 814.2217 648.1672 804.8116 656.9061 837.5975 621.6022 847.0076
689__1__512___2048 0.0933 817.5557 44.2240 949.0132 -9.2184 1014.2252 151.1897 882.7676 204.6321
583__1__1536___1536 0.0615 457.6968 -5.4045 519.4788 40.7329 469.4261 107.7575 407.6443 61.6201
304__1__2048___3072 0.2401 980.4730 146.3479 1006.5693 159.6372 989.1327 193.8775 963.0364 180.5882
609__1__2048___512 0.0863 1.5432 249.4565 32.0554 242.1823 42.3788 285.4846 11.8666 292.7589
46__1__512___0 0.0510 841.0743 349.4686 881.3542 325.7066 924.3466 398.5850 884.0667 422.3470
10__1__2048___1536 0.0884 679.9476 596.1007 721.5845 567.0480 769.2509 635.3608 727.6140 664.4136
204__1__512___0 0.0613 490.7150 610.5905 524.3884 611.6876 522.9920 654.5415 489.3187 653.4443
304__1__2048___2560 0.2401 980.4731 658.3478 1006.5695 671.6371 989.1329 705.8776 963.0365 692.5882
184__1__2048___3072 0.2163 218.2805 724.6132 307.1901 655.0820 383.2527 752.3432 294.3431 821.8744
363__1__512___1024 0.1718 755.7386 884.9005 909.7512 851.4147 941.7629 998.6480 787.7504 1032.1337
655__1__512___2048 0.0699 9.5817 832.6094 67.4562 835.1685 64.1659 909.5795 6.2915 907.0204
314__1__2048___1536 0.0570 855.9014 963.2866 899.6448 983.9146 880.0902 1025.3818 836.3467 1004.7539
401__1__1536___2560 0.0877 962.2307 793.0649 1013.7706 790.5243 1018.2321 881.0308 966.6921 883.5714
401__1__1536___2560 0.0673 726.3553 921.3314 792.9058 962.5654 755.0073 1023.7326 688.4567 982.4986
477__1__2048___512 0.0635 39.9039 5.7052 114.8967 16.8585 105.4126 80.6277 30.4198 69.4744
586__1__2560___2560 0.1281 11.4145 233.1162 74.7672 210.1947 100.8004 282.1479 37.4477 305.0694
457__1__0___1024 0.0677 646.0704 380.2638 713.3761 408.9716 684.0925 477.6272 616.7869 448.9194
688__1__512___512 0.1930 377.0626 480.3684 483.2615 584.9873 380.9616 688.8322 274.7628 584.2133
448__1__512___1024 0.0516 914.6152 1.6620 991.3149 -14.2260 1002.6854 40.6653 925.9857 56.5533
683__1__0___1024 0.0547 52.5289 673.6210 187.7672 720.2596 144.9237 844.4932 9.6854 797.8545
525__1__2560___2560 0.0619 33.5454 61.7800 69.8988 60.8674 70.8604 99.1740 34.5070 100.0866
31__1__2048___1024 0.2350 764.7626 182.9432 822.2782 128.5977 878.1846 187.7653 820.6691 242.1107
314__1__0___2048 0.8616 197.6694 674.4448 247.8116 709.0436 214.0421 757.9839 163.9000 723.3851
314__1__0___2048 0.1791 505.8098 967.9596 547.6377 960.1042 557.7585 1013.9950 515.9307 1021.8504
314__1__0___2048 0.1112 297.8427 926.2453 344.9629 953.6537 320.0294 996.5189 272.9093 969.1104
314__1__0___2048 0.0506 692.3149 784.4393 740.5375 812.4841 713.5882 858.8232 665.3655 830.7784
689__1__512___1536 0.0803 799.9252 600.7412 924.5425 495.5331 1034.9005 626.2505 910.2833 731.4586
239__1__512___1024 0.0690 963.7717 295.7284 1000.3776 286.4571 1008.9305 320.2267 972.3247 329.4980
527__1__2560___2048 0.0783 879.7877 721.9572 911.0273 695.6433 939.3174 729.2290 908.0778 755.5428
576__1__512___512 0.0701 9.2498 52.1963 69.2662 27.2546 99.8800 100.9196 39.8637 125.8613
576__1__512___512 0.0564 285.9993 11.5216 361.9790 8.4875 364.6522 75.4296 288.6725 78.4637
327__1__2560___0 0.2711 889.6710 193.7358 932.7432 171.1646 953.1750 210.1544 910.1029 232.7255
327__1__3072___1536 0.0522 -1.7302 510.6649 25.8831 498.7774 45.0174 543.2243 17.4041 555.1118
314__1__2560___1536 0.2378 640.5996 496.7858 673.3718 524.7570 651.2213 550.7095 618.4491 522.7383
314__1__2560___1536 0.0570 343.9003 963.2863 387.6446 983.9122 368.0919 1025.3802 324.3476 1004.7544
10__1__2560___2048 0.0812 167.7445 85.2969 208.8369 55.6951 257.3127 122.9880 216.2203 152.5898
10__1__2560___2048 0.0524 394.3422 34.3771 429.6114 1.1338 480.7977 55.4395 445.5285 88.6828
470__1__0___512 0.0812 518.2296 898.5788 586.4413 916.6737 567.8529 986.7460 499.6411 968.6511
609__1__1024___512 0.0720 903.1077 -8.4824 968.0758 14.1954 947.6677 72.6613 882.6996 49.9836
676__1__2048___1024 0.0589 142.9477 54.3235 168.1762 32.3580 189.1341 56.4292 163.9056 78.3948
689__1__1024___2048 0.0835 298.9051 72.2469 425.5886 -11.1592 521.4892 134.5019 394.8057 217.9080
10__1__1024___3072 0.0529 9.4074 363.4636 43.6866 367.4831 38.5888 410.9582 4.3096 406.9387
685__1__2048___512 0.0521 659.1194 -5.5953 757.0900 73.2649 679.2866 169.9226 581.3160 91.0625
683__1__0___0 0.0576 573.4153 211.4504 614.9245 203.3772 626.0703 260.6843 584.5611 268.7575
304__1__2560___3072 0.2397 468.0728 146.2995 494.6202 159.1127 477.7122 194.1443 451.1647 181.3311
467__1__512___1536 0.0804 342.3597 -2.6731 410.3683 29.9990 375.1260 103.3574 307.1175 70.6853
662__1__2560___0 0.1417 427.1896 437.9124 482.1183 486.7602 436.5935 537.9523 381.6647 489.1045
609__1__512___512 0.0566 968.2990 760.2293 1020.4195 798.9122 988.2342 842.2780 936.1137 803.5952
408__1__0___512 0.0710 545.6602 220.3234 594.6176 199.3630 616.8785 251.3582 567.9211 272.3186
408__1__0___512 0.0561 732.6411 198.1177 790.8178 179.3595 807.6270 231.4916 749.4503 250.2498
586__1__2048___2048 0.0790 537.2490 727.4658 600.3576 730.6895 596.5517 805.1955 533.4431 801.9718
683__1__512___512 0.0669 235.7029 26.8042 382.5498 24.5564 384.7460 168.0318 237.8990 170.2796
683__1__0___1536 0.0560 52.1708 160.8385 187.9642 207.5174 145.0769 332.2809 9.2834 285.6020
689__1__3072___2048 0.1131 4.1192 377.3084 112.8191 308.5468 186.8258 425.5382 78.1259 494.2998
681__1__1024___2560 0.0543 303.8011 30.4569 388.1030 32.6889 386.3920 97.3146 302.0901 95.0827
525__1__2560___2048 0.0655 32.0284 575.6285 67.5863 571.2993 72.2632 609.7122 36.7052 614.0414
662__1__512___2560 0.2364 224.3849 886.1595 347.9023 842.4014 390.5995 962.9243 267.0822 1006.6824
245__1__3072___512 0.1383 355.1495 258.1605 371.9103 255.0494 374.9348 271.3443 358.1741 274.4553
298__1__2048___2048 0.0623 11.3122 667.5995 25.5004 673.8965 18.2488 690.2358 4.0606 683.9388
276__1__2048___512 0.1150 149.5478 878.8895 206.1569 896.2112 188.2600 954.7002 131.6509 937.3785
276__1__2048___512 0.0809 181.3808 835.6260 222.0748 847.4858 209.5434 890.4842 168.8495 878.6245
363__1__1024___1024 0.1701 242.8743 885.3864 396.7209 850.5854 430.0981 998.1373 276.2515 1032.9384
662__1__0___2560 0.2364 736.3839 886.1620 859.8992 842.4000 902.6006 962.9217 779.0853 1006.6837
670__1__2560___512 0.1774 277.3877 514.0580 332.6977 553.7571 292.5527 609.6884 237.2427 569.9892
576__1__0___512 0.0805 555.9987 17.8582 621.0682 75.1314 572.5705 130.2308 507.5010 72.9575
576__1__0___512 0.0564 798.0337 11.5104 874.0059 8.4671 876.6886 75.4390 800.7164 78.4822
339__1__1024___1024 0.2288 425.2243 374.1581 478.7368 374.7329 478.1147 432.6390 424.6023 432.0642
231__1__1024___1536 0.1115 509.1928 219.0946 542.2354 208.5863 552.7068 241.5130 519.6643 252.0212
655__1__512___512 0.1184 717.5641 40.6004 778.2943 -3.7611 822.1581 56.2877 761.4279 100.6492
342__1__3072___1536 0.0694 652.8660 950.8403 711.1011 929.0364 734.3455 991.1187 676.1103 1012.9225
235__1__1536___2048 0.0515 219.7903 715.7280 245.8869 721.9670 242.2106 737.3444 216.1140 731.1053
596__1__512___3072 0.0761 13.4864 215.7392 64.5518 223.0280 53.1438 302.9525 2.0784 295.6637
245__1__3072___0 0.1383 355.1495 770.1605 371.9103 767.0494 374.9348 783.3443 358.1741 786.4553
655__1__512___1536 0.1590 281.1022 -6.7596 384.9240 60.4254 319.3091 161.8209 215.4873 94.6360
596__1__512___2560 0.0761 13.4897 727.7404 64.5546 735.0344 53.1386 814.9570 2.0737 807.6630
586__1__2560___2048 0.1280 11.4163 745.1171 74.7709 722.1974 100.8010 794.1501 37.4465 817.0698
596__1__0___1024 0.0642 969.7871 762.5986 1008.5048 753.0532 1025.8118 823.2533 987.0941 832.7987
178__1__2048___2048 0.0710 545.6601 732.3234 594.6176 711.3630 616.8785 763.3582 567.9210 784.3185
178__1__2048___2048 0.0561 732.6411 710.1176 790.8179 691.3596 807.6269 743.4917 749.4501 762.2497
125__1__512___0 0.1049 -3.5411 536.9585 46.2232 510.5720 84.8701 583.4591 35.1058 609.8456
274__1__1536___0 0.1171 290.6340 874.3561 320.4497 858.0773 335.5987 885.8235 305.7830 902.1024
340__1__1024___0 0.1660 450.3651 295.0485 489.6912 331.7193 452.3119 371.8051 412.9858 335.1343
340__1__1024___0 0.0597 896.8129 872.6051 958.2800 868.8882 962.4575 937.9724 900.9904 941.6893
609__1__1024___0 0.2345 965.7219 196.0369 1009.0609 223.9151 975.3087 276.3856 931.9698 248.5073
401__1__1536___3072 0.0876 962.2881 281.0196 1013.8331 278.5396 1018.1879 369.0542 966.6429 371.5341
401__1__1536___3072 0.0749 728.1429 404.6553 795.6832 453.0167 752.4293 513.4240 684.8890 465.0627
401__1__1536___3072 0.0721 623.0005 778.5656 704.6490 766.4460 715.7986 841.5609 634.1502 853.6804
689__1__2560___2048 0.0670 592.6545 303.0752 698.6025 408.8128 604.1288 503.4744 498.1808 397.7368
689__1__2560___2048 0.0505 363.9420 474.2090 477.4910 391.8548 569.9466 519.3314 456.3976 601.6857
583__1__1024___1536 0.0602 959.6325 -9.0931 1020.3992 23.7243 983.1761 92.6488 922.4094 59.8314
685__1__512___1536 0.0554 184.2586 48.7955 311.8797 24.4028 333.7106 138.6204 206.0895 163.0131
364__1__1536___2560 0.0533 -24.9678 29.0432 87.3385 -7.0220 129.0932 123.0014 16.7870 159.0666
339__1__1024___2560 0.2654 929.1450 277.9800 983.0518 261.6123 998.0439 310.9884 944.1371 327.3562
609__1__512___1024 0.0566 968.2751 248.2262 1020.4152 286.8881 988.2485 330.2687 936.1083 291.6067
290__1__1024___3072 0.1101 419.9601 192.2621 448.8628 207.3434 435.2965 233.3427 406.3938 218.2614
290__1__1024___3072 0.0780 430.5511 42.4533 458.8650 50.4903 452.4800 72.9842 424.1662 64.9473
290__1__1024___3072 0.0707 431.7811 98.0802 445.9304 110.3106 434.1442 123.9461 419.9948 111.7157
290__1__512___2560 0.1230 931.7433 704.2610 960.8151 719.1015 947.5013 745.1827 918.4295 730.3422
290__1__512___2560 0.0749 942.3101 554.4278 971.0260 562.5094 964.5803 585.4127 935.8644 577.3311
290__1__512___2560 0.0739 943.4731 610.1512 957.8956 622.0555 946.4807 635.8849 932.0582 623.9806
314__1__1536___2048 0.1762 524.5684 901.8350 572.6768 926.5577 551.2012 968.3477 503.0927 943.6250
314__1__1536___2048 0.1244 524.9609 534.9982 554.7996 556.8170 532.6046 587.1700 502.7660 565.3513
120__1__512___1024 0.2800 542.4712 114.7485 576.6764 118.6800 572.0181 159.2092 537.8129 155.2778
120__1__512___1024 0.0548 468.2537 512.2883 500.4427 515.4083 496.6073 554.9775 464.4183 551.8575
87__1__1536___0 0.0776 734.6375 777.7531 788.5810 749.1480 818.8240 806.1804 764.8804 834.7855
662__1__512___3072 0.2332 224.5128 373.9231 348.3400 330.9329 390.2747 451.7202 266.4476 494.7103
276__1__2048___1536 0.0907 68.1835 20.6112 110.3877 33.4409 98.5416 72.4094 56.3374 59.5797
645__1__1536___1536 0.0799 134.2266 213.6172 258.9330 253.7495 218.6763 378.8421 93.9699 338.7097
645__1__1536___1536 0.0533 657.5918 6.9551 732.4617 7.0625 732.3746 67.7357 657.5047 67.6283
645__1__1536___1536 0.0507 68.2676 663.9062 184.7842 609.2775 241.8353 730.9606 125.3187 785.5894
582__1__1024___0 0.0923 617.5858 -3.0243 709.9665 23.4211 683.3812 116.2906 591.0004 89.8452
125__1__2048___2048 0.0824 13.0096 837.2951 73.9676 838.3119 72.6480 917.4285 11.6899 916.4117
649__1__1536___1024 0.0765 979.3608 259.1759 1008.1828 278.9496 990.6721 304.4731 961.8502 284.6995
31__1__2048___512 0.2347 764.7704 694.9525 822.2925 640.6021 878.1858 699.7571 820.6637 754.1075
662__1__1536___512 0.1752 456.0532 164.0264 610.2776 208.4275 572.1718 340.7857 417.9474 296.3846
662__1__1536___512 0.1037 170.8970 634.2211 289.3637 580.1592 344.2469 700.4254 225.7802 754.4873
314__1__3072___1536 0.2377 128.5945 496.7854 161.3699 524.7570 139.2199 550.7111 106.4445 522.7394
525__1__2560___1536 0.0507 1.5380 240.0679 24.3763 238.5530 26.7059 273.6750 3.8677 275.1898
231__1__2048___3072 0.1111 221.7073 973.4962 259.9994 960.0623 276.5118 1007.1293 238.2197 1020.5632
364__1__512___1024 0.1718 755.7386 884.9005 909.7512 851.4147 941.7629 998.6480 787.7504 1032.1337
691__1__3072___0 0.0863 12.2139 313.7847 127.2899 268.0698 179.3042 399.0030 64.2282 444.7178
655__1__0___2048 0.0948 389.7771 428.4332 480.4341 344.3505 561.4572 431.7087 470.8002 515.7914
655__1__0___2048 0.0649 225.3223 189.7599 343.4633 231.3166 299.3981 356.5890 181.2571 315.0323
120__1__512___1536 0.1077 472.5969 0.6978 503.3389 9.2845 493.4566 44.6651 462.7146 36.0785
276__1__1536___1536 0.0881 580.1506 20.5825 622.2999 33.3399 610.4840 72.3783 568.3348 59.6209
467__1__0___1536 0.0805 854.4081 -2.7582 922.4651 30.0098 887.1159 103.4279 819.0589 70.6599
178__1__2048___2560 0.0710 545.6602 220.3234 594.6176 199.3630 616.8785 251.3582 567.9211 272.3186
178__1__2048___2560 0.0561 732.6411 198.1177 790.8178 179.3595 807.6270 231.4916 749.4503 250.2498
87__1__0___1536 0.0804 179.8845 464.8020 210.9825 451.2426 223.6136 480.2113 192.5156 493.7708
87__1__0___1536 0.0519 378.6738 663.7538 414.3135 694.0946 387.0750 726.0901 351.4354 695.7494
645__1__512___0 0.0509 -3.1494 850.5789 105.9768 820.3492 143.2348 954.8467 34.1086 985.0765
231__1__1024___512 0.0720 447.3318 929.2612 498.5872 911.4095 514.4108 956.8417 463.1554 974.6934
