344__1__3072___2560 0.1036 622.8945 51.9442 696.4709 52.3008 696.1605 116.3589 622.5842 116.0024
344__1__0___512 0.1627 570.3387 644.2028 625.9515 676.2740 588.8888 740.5421 533.2761 708.4709
344__1__0___512 0.1602 58.8066 155.8381 93.2490 152.5339 96.8647 190.2245 62.4223 193.5286
344__1__0___512 0.1147 745.6440 935.9299 817.4103 958.0659 799.4474 1016.3027 727.6812 994.1668
342__1__512___512 0.1371 63.9282 643.6823 116.2426 676.6886 74.0824 743.5117 21.7679 710.5054
342__1__512___512 0.1183 246.5562 930.5464 309.9409 968.9280 277.7537 1022.0830 214.3690 983.7014
342__1__512___512 0.0524 16.3895 863.0803 96.2844 876.8500 86.2984 934.7905 6.4035 921.0208
689__1__3072___512 0.0708 141.9407 513.7754 209.3323 569.1739 164.1579 624.1279 96.7663 568.7294
470__1__512___1024 0.0917 10.3154 391.9963 70.5526 396.5504 65.1590 467.8922 4.9217 463.3380
670__1__2048___2048 0.0613 46.2102 74.0277 104.6714 95.2541 82.2770 156.9323 23.8157 135.7059
670__1__2048___2048 0.0513 -8.7708 210.6303 36.6075 171.9106 82.2798 225.4371 36.9015 264.1568
23__1__512___2048 0.0773 890.9198 678.1921 955.3692 661.8009 968.8080 714.6415 904.3586 731.0327
23__1__512___2048 0.0696 877.3574 252.6817 943.7555 234.6586 958.4084 288.6407 892.0103 306.6639
23__1__512___2048 0.0523 625.3575 10.9438 658.7188 2.4805 666.3400 32.5226 632.9787 40.9859
446__1__2560___512 0.0727 418.0204 101.2581 446.5551 109.0990 437.6061 141.6662 409.0714 133.8253
235__1__2048___2560 0.1130 618.9131 618.9535 672.9031 597.4639 690.5140 641.7090 636.5240 663.1986
339__1__1536___2560 0.3854 414.8314 288.4509 464.8515 259.4786 489.3355 301.7499 439.3154 330.7222
339__1__1536___2560 0.0952 459.4740 268.2569 513.2760 246.1055 534.5266 297.7194 480.7246 319.8708
344__1__512___512 0.1527 63.0430 642.8025 116.3300 680.2168 72.9458 742.0063 19.6588 704.5920
344__1__512___512 0.1147 233.6465 935.9204 305.4150 958.0665 287.4444 1016.3037 215.6759 994.1577
344__1__512___512 0.0552 17.2842 862.9650 96.5728 877.7031 85.7381 935.9919 6.4495 921.2538
670__1__2048___1536 0.0581 46.5367 586.0024 104.8113 607.5614 82.1508 668.8134 23.8762 647.2544
670__1__2048___1536 0.0512 -8.7781 722.7056 36.5442 683.9335 82.2902 737.4078 36.9678 776.1799
340__1__2560___1536 0.0947 536.0715 647.0118 580.4387 623.0247 607.0555 672.2562 562.6884 696.2432
340__1__2560___1536 0.0590 583.7707 865.3417 628.8646 845.7057 649.4289 892.9315 604.3350 912.5674
340__1__2560___1536 0.0577 592.9849 557.0264 608.7032 555.1415 611.4017 577.6462 595.6834 579.5311
339__1__2048___1024 0.1114 364.7921 480.4659 388.9694 459.0870 419.1644 493.2343 394.9871 514.6132
339__1__2048___1024 0.0706 432.4664 369.5114 458.7257 357.6045 473.5255 390.2435 447.2661 402.1505
339__1__2048___1024 0.0514 498.6971 487.0457 551.3815 477.5731 561.7815 535.4151 509.0971 544.8877
231__1__1024___1024 0.2488 509.1929 731.0945 542.2355 720.5863 552.7068 753.5130 519.6642 764.0212
231__1__1024___1024 0.1631 444.3084 424.3078 493.3264 395.5807 519.3430 439.9737 470.3250 468.7008
298__1__512___1536 0.0507 329.1580 447.9485 339.7406 438.0770 354.1451 453.5192 343.5624 463.3907
120__1__0___3072 0.0753 556.4928 716.8618 589.5515 721.6155 583.9913 760.2827 550.9326 755.5289
120__1__0___3072 0.0640 616.8142 398.8966 648.1111 404.2855 641.6100 442.0420 610.3131 436.6531
525__1__2560___1024 0.0655 1.5380 752.0679 24.3763 750.5530 26.7059 785.6749 3.8677 787.1898
339__1__2560___3072 0.2574 581.4604 429.4002 621.4799 402.1815 651.7274 446.6543 611.7079 473.8730
339__1__2560___3072 0.0713 618.1515 180.3021 671.4421 165.5588 686.4095 219.6594 633.1189 234.4027
339__1__2560___3072 0.0609 592.7336 116.2093 607.5347 113.6880 611.5438 137.2239 596.7427 139.7451
339__1__2560___3072 0.0607 549.6072 250.3616 601.2183 240.9852 609.6800 287.5608 558.0689 296.9373
470__1__512___512 0.0882 8.8234 903.8065 69.6831 911.3415 60.5587 985.0384 -0.3010 977.5034
461__1__1536___3072 0.1901 622.2601 791.0376 662.7028 765.2081 693.1470 812.8765 652.7043 838.7059
461__1__1536___3072 0.0719 358.4176 705.5262 390.0153 681.2667 418.0864 717.8292 386.4888 742.0886
461__1__1536___3072 0.0618 565.3224 10.7521 612.1180 2.9047 616.5847 29.5408 569.7891 37.3882
344__1__1024___1024 0.0801 271.4731 815.4645 345.6031 845.4695 320.8513 906.6213 246.7213 876.6163
344__1__1024___1024 0.0617 33.5099 539.5746 104.0906 558.0368 87.5422 621.3011 16.9615 602.8389
274__1__1024___512 0.2495 810.1689 945.5230 840.6403 925.1588 859.0660 952.7296 828.5947 973.0938
274__1__1024___512 0.1898 351.9467 877.1688 393.3145 850.0834 415.4313 883.8628 374.0635 910.9482
314__1__1536___2560 0.1591 524.5687 389.8213 572.6432 414.5078 551.1932 456.2797 503.1187 431.5933
339__1__2560___2560 0.2636 581.3447 941.8948 621.0324 914.1405 651.8861 958.2603 612.1984 986.0145
339__1__2560___2560 0.0713 618.1513 692.3024 671.4415 677.5582 686.4100 731.6591 633.1198 746.4033
339__1__2560___2560 0.0609 592.7317 628.2073 607.5319 625.6926 611.5320 649.2349 596.7318 651.7496
339__1__2560___2560 0.0607 549.6074 762.3615 601.2186 752.9854 609.6799 799.5611 558.0688 808.9372
94__1__1024___0 0.8075 846.0708 -0.2004 927.2291 6.3389 921.1385 81.9270 839.9803 75.3876
94__1__1024___0 0.2218 643.0810 479.9167 717.5093 430.8530 769.2379 509.3238 694.8096 558.3875
434__1__1024___2560 0.0563 959.4390 321.8952 1018.6742 326.4174 1013.2978 396.8415 954.0626 392.3193
688__1__1024___512 0.0841 96.7948 5.8833 159.5625 10.9370 155.3079 63.7796 92.5402 58.7259
253__1__1536___2048 0.0841 0.8534 16.6529 17.0656 15.5911 18.4572 36.8398 2.2451 37.9016
178__1__2560___2048 0.2049 34.0540 731.3333 82.7278 711.1351 104.6264 763.9067 55.9526 784.1049
178__1__2560___2048 0.1728 220.6411 710.1176 278.8178 691.3596 295.6269 743.4917 237.4502 762.2497
178__1__2560___2048 0.0981 255.1610 352.9868 312.7901 342.1794 324.6936 405.6533 267.0644 416.4607
231__1__512___1024 0.1327 954.0962 428.7064 1000.4152 395.7659 1026.0604 431.8267 979.7415 464.7672
128__1__2048___0 0.0908 863.5782 771.7345 897.4098 748.1671 925.2586 788.1445 891.4270 811.7120
128__1__2048___0 0.0744 1007.6010 668.9042 1021.3972 667.2626 1024.7452 695.4012 1010.9491 697.0428
128__1__2048___0 0.0614 595.5092 956.5502 632.5982 938.4197 651.0490 976.1639 613.9599 994.2944
314__1__2048___2560 0.0963 -2.2665 409.3474 50.6873 397.2242 60.0619 438.1718 7.1080 450.2950
314__1__2048___2560 0.0778 -7.7881 47.2547 21.7937 22.6172 43.5290 48.7143 13.9472 73.3519
670__1__1536___2048 0.0528 548.2127 80.2048 609.3082 84.8670 604.4794 148.1444 543.3840 143.4822
337__1__2048___2560 0.1271 10.4681 41.2742 30.6764 40.9628 31.0740 66.7640 10.8657 67.0754
253__1__512___1536 0.0616 65.5773 138.4511 101.6961 139.6189 100.8450 165.9425 64.7262 164.7747
410__1__1024___2560 0.0751 951.3213 589.9889 1023.0792 601.9667 1006.1412 703.4401 934.3833 691.4622
670__1__2048___512 0.0647 751.4935 559.3425 801.4020 515.0596 846.1328 565.4728 796.2242 609.7557
340__1__2048___2048 0.0538 369.1687 937.6939 401.8417 931.4874 407.4998 961.2734 374.8269 967.4799
298__1__512___1024 0.0529 329.2708 959.9119 339.8003 950.0779 354.1730 965.4672 343.6434 975.3011
298__1__0___1536 0.0507 841.1580 447.9485 851.7407 438.0770 866.1451 453.5192 855.5624 463.3907
345__1__512___0 0.1962 604.1872 871.5065 667.7075 898.5334 638.1201 968.0718 574.5997 941.0450
345__1__512___0 0.1007 106.5119 351.2151 139.0902 361.1678 128.6086 395.4774 96.0303 385.5247
507__1__3072___1536 0.0510 -4.0575 797.9439 22.0529 795.4395 25.6199 832.6287 -0.4904 835.1331
507__1__3072___1536 0.0506 -2.4570 752.6479 21.4262 749.7231 26.1188 788.0408 2.2355 790.9656
645__1__1024___1024 0.0724 671.7922 716.6448 779.2841 776.8981 709.5417 901.3185 602.0498 841.0651
645__1__1024___1024 0.0570 940.2388 281.8317 971.9393 263.4184 1040.3713 381.2312 1008.6710 399.6445
340__1__2048___1536 0.0627 116.2017 484.4761 172.5653 476.9800 180.4277 536.0982 124.0642 543.5943
300__1__512___1536 0.8642 525.5698 142.5771 551.9599 150.7736 543.0270 179.5349 516.6369 171.3384
457__1__512___512 0.1313 134.7040 893.4194 200.2080 921.2636 171.3259 989.2092 105.8219 961.3649
235__1__2560___1536 0.1109 598.7028 879.9233 628.1669 869.1039 639.0322 898.6930 609.5681 909.5125
235__1__2560___3072 0.3664 937.1220 82.5118 970.2384 59.8267 985.8139 82.5643 952.6975 105.2494
235__1__2560___3072 0.2394 919.2843 39.6676 955.4558 26.1244 966.3093 55.1122 930.1378 68.6554
235__1__2560___3072 0.1119 106.9164 106.9660 160.8620 85.4421 178.5208 129.7006 124.5752 151.2245
645__1__1024___512 0.0570 940.2497 793.8270 971.9724 775.4182 1040.3444 893.2388 1008.6218 911.6476
640__1__1024___2048 0.0839 221.0024 309.9717 306.0342 315.3770 301.9814 379.1313 216.9496 373.7260
178__1__2560___1536 0.0982 255.1501 864.9914 312.7813 854.1644 324.7067 917.6417 267.0754 928.4687
457__1__2048___3072 0.0751 40.3720 985.0255 105.2064 980.5757 107.6790 1016.6031 42.8447 1021.0530
120__1__512___2560 0.0624 104.6771 910.9783 136.3229 916.5172 129.7637 953.9930 98.1179 948.4542
327__1__2048___1536 0.0700 818.1244 622.8361 850.6017 596.6084 885.8053 640.2004 853.3280 666.4281
448__1__2048___3072 0.0762 832.3455 677.2902 891.4062 650.4802 916.7724 706.3602 857.7117 733.1702
178__1__3072___512 0.0541 264.8854 695.6808 320.9326 725.2065 293.8386 776.6379 237.7914 747.1122
434__1__1024___2048 0.0567 959.3882 834.2617 1018.4969 838.5744 1013.3768 908.7506 954.2681 904.4379
681__1__512___1536 0.0507 739.4015 208.2225 814.2881 200.6589 821.5757 272.8122 746.6890 280.3758
676__1__3072___1024 0.0569 85.1971 750.2971 121.0423 756.9481 115.4087 787.3102 79.5635 780.6592
662__1__1024___0 0.0742 1001.0706 19.3870 1022.9359 25.0992 1011.8026 67.7157 989.9373 62.0035
609__1__2560___1536 0.0733 69.3903 -0.4510 147.0673 13.3529 138.0183 64.2729 60.3414 50.4691
470__1__0___1024 0.1447 511.4006 389.0428 583.5812 396.1080 576.4958 468.4947 504.3152 461.4294
655__1__0___1536 0.0881 762.0071 20.7004 899.1129 39.5590 882.6180 159.4798 745.5123 140.6212
655__1__0___1536 0.0543 670.9937 155.1810 733.8579 128.8831 760.3990 192.3287 697.5348 218.6266
364__1__1024___1024 0.1229 242.8743 885.3864 396.7209 850.5854 430.0981 998.1373 276.2515 1032.9384
609__1__1024___3072 0.0629 281.2836 452.6308 344.0939 464.3250 331.0426 534.4244 268.2323 522.7302
120__1__1024___1024 0.0705 33.5723 114.3307 65.2779 121.1115 56.8235 160.6421 25.1180 153.8613
30__1__3072___2560 0.0530 98.0954 176.6997 131.7122 154.1961 155.6124 189.8992 121.9955 212.4028
342__1__0___1024 0.1625 576.0496 131.1328 628.7599 168.8899 585.1238 229.8075 532.4135 192.0503
342__1__0___1024 0.1353 754.2659 418.0388 823.3992 454.7747 792.8699 512.2279 723.7366 475.4920
342__1__0___1024 0.0844 975.4297 723.1535 1016.9313 723.0483 1017.0810 782.1249 975.5794 782.2302
342__1__0___1024 0.0788 760.8547 646.8568 828.8668 643.0904 832.1432 702.2551 764.1312 706.0215
342__1__0___1024 0.0690 852.0520 464.8827 929.2353 490.6675 909.8748 548.6208 832.6915 522.8360
342__1__0___1024 0.0618 664.4617 594.7590 741.3934 619.0268 721.4800 682.1547 644.5482 657.8869
342__1__0___1024 0.0534 576.8472 560.6058 634.6982 587.9829 605.4278 649.8345 547.5768 622.4574
691__1__2560___512 0.1062 373.5155 -3.5405 429.0338 36.7596 392.3453 87.3025 336.8270 47.0023
582__1__512___3072 0.0588 947.3770 -10.9027 1013.5983 12.7693 987.7575 85.0579 921.5362 61.3860
609__1__2048___1024 0.1220 21.4970 816.8976 41.2364 831.6104 24.7426 853.7391 5.0033 839.0264
342__1__1024___1024 0.0760 284.0917 811.5334 347.7347 858.2922 309.1909 910.7540 245.5478 863.9951
342__1__1024___1024 0.0607 34.8017 538.0815 106.1540 559.8106 86.6220 623.9483 15.2697 602.2192
342__1__1024___1024 0.0525 375.0255 855.7817 443.9806 883.2100 419.6524 944.3718 350.6972 916.9436
274__1__1536___512 0.2495 298.1689 945.5234 328.6400 925.1588 347.0660 952.7292 316.5949 973.0939
231__1__1536___3072 0.4684 733.4548 974.6536 765.7053 961.2989 782.9562 1002.9583 750.7057 1016.3129
670__1__1024___0 0.2446 496.4018 534.3723 556.2283 510.2613 577.9323 564.1154 518.1058 588.2264
670__1__1024___0 0.0957 663.6739 653.8180 692.5039 673.4949 670.9645 705.0538 642.1345 685.3770
337__1__0___2560 0.0932 102.1706 405.1732 126.5257 412.7558 114.7562 450.5593 90.4011 442.9767
337__1__0___2560 0.0776 117.0945 353.4750 162.6346 365.7641 150.0904 412.2497 104.5503 399.9605
337__1__0___2560 0.0638 117.9258 422.8676 130.4395 426.8158 124.8501 444.5309 112.3364 440.5827
345__1__1024___0 0.2013 91.8455 870.4505 155.6337 897.1645 126.1557 967.5527 62.3675 940.8387
340__1__1536___2048 0.0545 881.1381 937.7350 913.8325 931.4852 919.5219 961.2482 886.8275 967.4979
688__1__3072___512 0.0513 51.3267 7.7646 178.4608 60.4006 129.7466 178.0623 2.6125 125.4263
448__1__512___1536 0.0707 901.5885 144.7303 986.5583 147.7096 984.3684 210.1668 899.3986 207.1875
470__1__1536___0 0.0502 150.4300 264.0193 192.3606 260.1256 194.9700 288.2257 153.0394 292.1195
128__1__3072___512 0.0528 14.0492 238.0068 44.0932 208.2457 75.1107 239.5580 45.0667 269.3192
360__1__512___2048 0.0626 746.2614 20.5506 798.7255 36.6038 773.7776 118.1363 721.3136 102.0831
344__1__512___1024 0.1529 63.7209 130.7804 116.4293 168.8492 72.2515 230.0159 19.5430 191.9470
344__1__512___1024 0.1465 251.6126 644.1725 319.1302 647.3359 316.3718 706.2111 248.8541 703.0477
344__1__512___1024 0.1320 240.2546 419.2584 311.1334 452.3921 284.1562 510.1010 213.2774 476.9673
344__1__512___1024 0.0803 783.4712 815.4473 857.6100 845.4754 832.8411 906.6295 758.7022 876.6014
344__1__512___1024 0.0717 154.3164 596.0513 228.5774 623.1096 206.7283 683.0741 132.4673 656.0157
344__1__512___1024 0.0615 339.8401 464.4287 416.4121 491.2264 396.7463 547.4199 320.1742 520.6223
344__1__512___1024 0.0590 885.2549 855.2083 953.6687 881.7745 930.8520 940.5325 862.4382 913.9663
344__1__512___1024 0.0540 17.9811 350.5966 96.9098 365.9253 85.4751 424.8036 6.5464 409.4749
688__1__2560___2560 0.0668 607.7391 607.3889 663.9626 564.6898 719.8762 638.3132 663.6526 681.0123
645__1__1536___1024 0.0724 159.7963 716.6419 267.2854 776.9011 197.5357 901.3192 90.0466 841.0599
645__1__1536___1024 0.0714 645.4210 137.6380 808.6161 82.2033 862.2125 239.9865 699.0173 295.4211
609__1__2048___1536 0.1220 21.4971 304.8976 41.2364 319.6105 24.7426 341.7392 5.0033 327.0264
609__1__2048___1536 0.0690 582.3763 0.1226 658.6825 13.0095 650.0311 64.2364 573.7249 51.3495
681__1__1024___1024 0.0507 227.4065 720.2163 302.2964 712.6584 309.5790 784.8195 234.6890 792.3774
90__1__3072___1024 0.0929 666.2864 902.0058 709.7685 880.3839 727.8207 916.6871 684.3387 938.3090
90__1__3072___1024 0.0844 802.1722 805.4769 845.8179 788.2733 860.0935 824.4904 816.4479 841.6940
90__1__3072___1024 0.0629 653.1085 811.7625 687.3028 832.7053 662.4459 873.2903 628.2516 852.3475
90__1__3072___1024 0.0573 489.8803 935.4639 526.3358 906.3124 552.9352 939.5765 516.4798 968.7280
596__1__1536___512 0.0679 -2.3899 88.3734 45.2693 87.0009 47.1170 151.1609 -0.5422 152.5334
670__1__2560___1024 0.0845 280.2395 4.6151 329.2133 37.9120 290.3397 95.0884 241.3658 61.7915
339__1__512___512 0.4025 945.2484 883.9834 995.1754 894.3241 983.9356 948.5920 934.0086 938.2513
340__1__1024___512 0.0939 895.5503 362.9825 957.5568 357.0609 964.1627 426.2334 902.1562 432.1550
340__1__1024___512 0.0696 609.9066 512.4097 640.9402 529.9871 623.6185 560.5691 592.5850 542.9916
94__1__2048___0 0.2666 86.4972 8.0996 146.5583 29.4563 121.0236 101.2674 60.9625 79.9108
596__1__0___1536 0.0503 969.7871 250.5986 1008.5048 241.0533 1025.8118 311.2534 987.0941 320.7987
392__1__2560___1024 0.0500 1.4119 709.2429 17.9963 709.0087 18.4980 744.5375 1.9136 744.7717
274__1__1536___1024 0.3581 209.6131 944.9830 240.9774 934.8232 250.8616 965.3365 219.4973 975.4964
274__1__1536___1024 0.2572 298.0822 433.2572 328.7787 413.1465 346.9736 440.9187 316.2772 461.0294
274__1__1536___1024 0.1333 122.6274 669.1500 151.1591 648.7282 170.8483 676.2363 142.3166 696.6581
274__1__1536___1024 0.1324 118.2991 563.2380 147.3100 547.0560 162.2317 573.8073 133.2208 589.9893
274__1__1536___1024 0.1246 1.0155 623.8235 29.1554 613.8932 39.8102 644.0864 11.6703 654.0167
274__1__1536___1024 0.0764 319.3282 885.0737 353.0209 867.5525 366.8522 894.1495 333.1595 911.6708
274__1__1536___1024 0.0726 268.0731 807.9407 312.3648 781.3149 326.6754 805.1205 282.3838 831.7463
688__1__3072___2560 0.0687 95.4192 607.1238 151.7951 564.3950 207.8658 638.3739 151.4898 681.1027
297__1__1024___1024 0.0526 338.8881 502.9173 362.5063 489.4983 376.3941 513.9417 352.7760 527.3607
274__1__1024___1536 0.3271 721.6436 433.2443 752.8772 422.5458 763.2491 452.8260 732.0155 463.5245
274__1__1024___1536 0.2380 519.6123 103.2171 551.3422 110.1736 544.5673 141.0751 512.8374 134.1186
274__1__1024___1536 0.1895 630.3807 49.9261 661.2473 34.1861 675.4728 62.0829 644.6062 77.8228
274__1__1024___1536 0.1338 634.6531 157.0973 663.2158 136.7512 682.8378 164.2973 654.2750 184.6434
274__1__1024___1536 0.0763 831.3331 373.0616 865.0151 355.5517 878.8482 382.1612 845.1662 399.6711
274__1__1024___1536 0.0726 780.0731 295.9407 824.3647 269.3148 838.6755 293.1205 794.3838 319.7463
689__1__3072___1536 0.0905 3.4553 883.8653 111.4638 818.4342 183.3398 937.0815 75.3313 1002.5126
688__1__3072___3072 0.0675 95.1903 96.5757 150.7940 52.9908 207.8963 125.8393 152.2927 169.4242
276__1__1536___1024 0.3275 659.4063 367.4458 715.9752 380.2072 702.1063 441.6857 645.5374 428.9244
276__1__1536___1024 0.1063 693.3812 323.6258 734.0749 335.4859 721.5432 378.4842 680.8494 366.6241
276__1__1536___1024 0.0994 753.2497 192.6130 788.9026 196.6116 782.1509 256.8123 746.4980 252.8137
276__1__1536___1024 0.0511 576.8004 534.3174 620.0167 541.7188 613.0815 582.2134 569.8652 574.8121
576__1__0___0 0.3946 537.6559 583.3416 578.3372 577.7537 584.6490 623.7049 543.9678 629.2928
681__1__1024___1536 0.0507 227.4026 208.2199 302.2908 200.6574 309.5774 272.8137 234.6891 280.3762
30__1__3072___2048 0.0715 366.1284 502.6172 402.5182 480.0605 424.0043 514.7230 387.6145 537.2797
30__1__3072___2048 0.0530 98.0951 688.7003 131.7116 666.1959 155.6125 701.8985 121.9960 724.4028
394__1__1024___512 0.0515 4.3700 427.1219 58.5449 425.6567 60.8067 509.2848 6.6318 510.7500
448__1__1024___1536 0.0750 389.9507 143.9868 473.7040 149.5886 469.5957 211.0135 385.8423 205.4118
448__1__1024___1536 0.0650 951.3983 838.2819 997.5544 833.7100 1001.4058 872.5922 955.2496 877.1641
689__1__2560___1536 0.0649 500.5802 888.2292 610.1314 810.2448 694.4864 928.7453 584.9351 1006.7297
507__1__3072___2048 0.0510 -4.0574 285.9439 22.0528 283.4396 25.6198 320.6288 -0.4904 323.1331
507__1__3072___2048 0.0506 -2.4570 240.6480 21.4263 237.7232 26.1188 276.0408 2.2355 278.9657
477__1__1536___512 0.0548 552.0278 5.9269 626.5652 16.8809 617.2363 80.3603 542.6989 69.4063
691__1__2048___512 0.1095 885.5324 -3.5843 941.3983 36.4823 904.8655 87.4209 848.9996 47.3542
676__1__2560___1024 0.0574 596.9415 750.4816 632.9575 756.6768 627.7320 787.0556 591.7159 780.8605
342__1__3072___2560 0.1141 612.1746 75.7757 661.1263 34.6803 708.6331 91.2692 659.6814 132.3645
314__1__3072___2048 0.0663 120.3949 -3.5887 156.8501 9.3983 147.7843 34.8467 111.3290 21.8597
120__1__0___1536 0.0517 981.7126 3.7611 1013.2994 9.9224 1006.5358 44.5965 974.9490 38.4352
300__1__1024___1024 0.7569 14.1200 653.5713 41.0609 662.6204 31.2263 691.8998 4.2854 682.8506
300__1__1024___1024 0.0594 -5.6373 671.5121 6.8442 669.4716 9.5018 685.7274 -2.9797 687.7679
363__1__512___1536 0.0956 752.2913 380.7307 898.5952 334.2386 943.4454 475.3759 797.1415 521.8679
401__1__2048___2560 0.0749 215.3581 915.9462 280.3735 963.4011 236.4957 1023.5156 171.4804 976.0607
401__1__2048___2560 0.0566 435.4728 806.1207 507.8741 781.2922 536.0032 863.3183 463.6019 888.1468
401__1__2048___2560 0.0504 877.8165 640.4904 947.8264 609.5616 981.5524 685.9034 911.5425 716.8322
337__1__1536___2560 0.1390 478.3163 37.7368 514.2497 42.2278 509.2540 82.1994 473.3206 77.7084
337__1__1536___2560 0.1108 521.7841 41.3447 542.5286 40.5166 543.5809 66.8813 522.8364 67.7093
34__1__512___2560 0.0532 858.6868 979.6890 899.1089 956.7460 910.2140 976.3114 869.7918 999.2544
276__1__2048___1024 0.3275 147.4065 367.4458 203.9754 380.2073 190.1063 441.6858 133.5374 428.9242
276__1__2048___1024 0.1063 181.3811 323.6258 222.0749 335.4858 209.5432 378.4841 168.8495 366.6241
276__1__2048___1024 0.0994 241.2497 192.6130 276.9027 196.6115 270.1510 256.8123 234.4980 252.8138
276__1__2048___1024 0.0504 64.2742 534.8316 107.7475 541.2849 101.7164 581.9147 58.2430 575.4615
30__1__2560___2560 0.0530 610.0986 176.6925 643.7204 154.1973 667.6116 189.9056 633.9898 212.4008
609__1__2048___0 0.1143 0.3257 763.4016 29.2281 752.5351 44.2392 792.4615 15.3369 803.3279
344__1__1024___1536 0.0955 37.1455 24.7324 106.2041 47.7331 85.3538 110.3354 16.2952 87.3348
344__1__1024___1536 0.0795 271.2670 303.7154 345.6462 333.2039 321.3336 394.5281 246.9543 365.0396
342__1__0___0 0.1303 59.0009 670.6182 92.8130 664.3691 99.4992 700.5462 65.6871 706.7953
609__1__1536___1536 0.0516 532.8832 304.7314 552.3605 318.4155 536.6835 340.7295 517.2061 327.0453
235__1__3072___3072 0.3708 425.6438 82.6240 458.1552 60.4747 473.2874 82.6863 440.7760 104.8356
235__1__3072___3072 0.2522 407.5009 39.3273 443.4971 26.3342 454.0658 55.6136 418.0695 68.6068
274__1__1536___1536 0.3271 209.6436 433.2443 240.8772 422.5458 251.2491 452.8260 220.0155 463.5245
274__1__1536___1536 0.1896 118.3778 49.9203 149.2475 34.1921 163.4623 62.0915 132.5926 77.8197
274__1__1536___1536 0.1339 122.6498 157.1113 151.2028 136.7460 170.8427 164.2820 142.2897 184.6473
274__1__1536___1536 0.1245 1.0056 111.8318 29.1533 101.8844 39.8255 132.0833 11.6779 142.0307
274__1__1536___1536 0.0763 319.3334 373.0621 353.0150 355.5522 366.8483 382.1617 333.1666 399.6715
274__1__1536___1536 0.0726 268.0731 295.9407 312.3648 269.3148 326.6755 293.1205 282.3838 319.7463
23__1__1024___0 0.0514 833.2330 607.3341 886.5321 589.2185 903.4366 638.9542 850.1375 657.0698
74__1__1024___3072 0.2068 497.7102 671.6243 534.8931 656.3151 549.5469 691.9061 512.3640 707.2153
74__1__1024___3072 0.1642 542.7940 732.0551 582.7665 718.0925 596.6862 757.9423 556.7137 771.9048
74__1__1024___3072 0.0996 767.9449 491.7864 800.1069 468.0164 826.6462 503.9255 794.4842 527.6955
74__1__1024___3072 0.0888 674.0080 639.6370 711.6995 623.7385 729.6727 666.3484 691.9812 682.2469
74__1__1024___3072 0.0835 628.2065 586.8759 660.2435 560.6184 686.5301 592.6909 654.4931 618.9484
74__1__1024___3072 0.0727 900.4075 398.5219 937.4156 378.3965 958.2364 416.6831 921.2283 436.8085
74__1__1024___3072 0.0595 946.0212 464.1246 981.5222 443.7605 1001.8730 479.2385 966.3719 499.6025
339__1__512___1024 0.4004 945.5085 371.8447 995.3730 382.6178 983.6663 436.8038 933.8018 426.0306
339__1__512___1024 0.0656 707.9519 694.7389 748.0399 694.8904 747.9045 730.7111 707.8166 730.5596
582__1__1024___1536 0.0584 282.8460 439.2837 349.5346 465.6597 321.2202 537.2492 254.5316 510.8732
231__1__1536___1536 0.1783 2.7123 214.0870 34.6858 210.2347 38.8648 244.9195 6.8912 248.7718
298__1__0___1024 0.0529 841.2708 959.9119 851.8003 950.0779 866.1730 965.4672 855.6434 975.3011
290__1__1024___2560 0.2374 430.1503 554.4520 458.8308 562.3069 452.5639 585.1889 423.8835 577.3340
290__1__1024___2560 0.1924 419.9600 704.2622 448.8627 719.3433 435.2967 745.3424 406.3940 730.2614
290__1__1024___2560 0.1922 431.5534 610.1407 445.8266 622.1536 434.2948 635.8552 420.0216 623.8423
120__1__1024___512 0.0701 33.5533 626.3370 65.2533 633.1007 56.8160 672.6443 25.1160 665.8806
582__1__0___1024 0.1445 973.8687 240.5044 1024.6589 243.6857 1018.5728 340.8539 967.7826 337.6727
582__1__0___1024 0.0653 969.8499 799.4521 1034.5117 813.7266 1011.6425 917.3217 946.9807 903.0472
339__1__1536___512 0.2396 22.7190 935.2851 44.3995 949.6342 24.5605 979.6096 2.8800 965.2605
339__1__1536___512 0.0850 877.4200 992.6822 901.1209 971.0971 931.2557 1004.1859 907.5547 1025.7709
339__1__1536___512 0.0588 944.2467 881.2216 971.5861 869.3068 985.8514 902.0399 958.5120 913.9547
339__1__1536___512 0.0531 972.6429 941.4926 994.7700 923.9572 1019.8955 955.6617 997.7685 973.1971
681__1__512___2560 0.0590 815.8574 30.3873 900.0229 32.7270 898.2276 97.3104 814.0621 94.9708
582__1__1536___0 0.0620 105.9854 -3.3863 198.0809 23.8418 170.8310 116.0108 78.7355 88.7827
17__1__2560___512 0.1501 688.6400 767.4339 734.0253 743.4141 763.2416 798.6179 717.8563 822.6377
340__1__1536___1536 0.1630 457.2258 196.3926 515.9642 172.2087 537.9421 225.5892 479.2038 249.7731
340__1__1536___1536 0.0875 415.8940 220.3281 456.5475 189.6407 483.6516 225.5471 442.9981 256.2346
340__1__1536___1536 0.0627 628.2025 484.4760 684.5637 476.9796 692.4269 536.0986 636.0657 543.5951
670__1__2048___1024 0.0845 792.2394 4.6151 841.2133 37.9120 802.3397 95.0884 753.3658 61.7915
477__1__512___512 0.0788 920.3892 447.1998 991.0392 462.2369 974.2070 541.3215 903.5569 526.2844
363__1__1024___1536 0.0952 240.1430 380.7522 386.3527 334.1044 431.3845 475.2490 285.1747 521.8968
235__1__2560___2560 0.3721 937.5375 594.2747 970.3986 571.8685 985.9662 594.7000 953.1052 617.1063
235__1__2560___2560 0.1409 708.8828 220.1056 760.9388 194.8106 780.7381 235.5566 728.6820 260.8517
235__1__2560___2560 0.1203 917.4453 553.7861 954.0156 538.4420 965.7654 566.4456 929.1951 581.7897
235__1__2560___2560 0.1130 106.9132 618.9523 160.9048 597.4642 178.5141 641.7098 124.5226 663.1979
235__1__2560___2560 0.0971 809.9240 366.6505 860.3696 347.9397 878.5369 396.9201 828.0913 415.6309
410__1__1024___3072 0.0750 951.3343 77.9815 1023.0685 89.9445 1006.1450 191.4237 934.4108 179.4607
645__1__1024___2560 0.0595 -14.5719 99.9750 94.2849 66.5654 137.6146 207.7443 28.7579 241.1539
87__1__2048___512 0.0573 236.8528 246.1196 297.7000 250.6002 292.9707 314.8264 232.1234 310.3459
364__1__512___1536 0.0956 752.2913 380.7307 898.5952 334.2386 943.4454 475.3759 797.1415 521.8679
344__1__3072___1536 0.0890 648.8782 960.3010 700.9042 926.1985 736.8462 981.0309 684.8201 1015.1334
689__1__1536___1536 0.0548 5.2662 471.9641 115.0585 466.1771 123.8244 632.4834 14.0320 638.2704
477__1__0___512 0.1880 87.7261 16.4541 153.2675 23.5736 144.9958 99.7218 79.4544 92.6023
477__1__0___512 0.0533 145.7451 9.0226 224.9931 7.7777 225.8832 64.4430 146.6352 65.6879
582__1__0___512 0.1446 973.8669 752.5075 1024.6571 755.6867 1018.5749 852.8550 967.7847 849.6758
477__1__2048___1536 0.0552 217.4572 -5.4099 296.1572 21.9250 266.0828 108.5125 187.3827 81.1776
184__1__1536___3072 0.2016 728.4401 718.1511 811.0158 655.4217 888.0762 756.8624 805.5005 819.5919
582__1__0___1536 0.0654 969.7467 287.4185 1034.4471 301.6609 1011.6377 405.2800 946.9372 391.0376
337__1__1024___3072 0.1198 533.1824 604.4568 546.7036 609.7002 534.2141 641.9072 520.6929 636.6638
337__1__1024___3072 0.0738 557.5487 612.9744 576.6469 620.6516 565.3038 648.8693 546.2057 641.1922
670__1__1536___512 0.1571 16.2656 0.6277 63.1561 18.5176 41.6853 74.7938 -5.2052 56.9040
670__1__1536___512 0.0957 151.6886 141.8141 180.5089 161.5076 158.9489 193.0595 130.1286 173.3660
46__1__1024___0 0.9187 550.2307 301.9275 579.1716 278.7997 633.5886 346.8945 604.6477 370.0222
46__1__1024___0 0.9137 191.8342 206.4969 224.3350 182.4755 275.0981 251.1578 242.5972 275.1791
46__1__1024___0 0.7577 329.2460 355.9798 364.1337 327.4748 416.8632 392.0111 381.9755 420.5161
340__1__1536___0 0.1284 -5.2687 361.4158 25.0957 355.0579 35.1532 403.0912 4.7887 409.4491
340__1__1536___0 0.0983 383.8768 875.5782 444.3736 868.8920 452.0234 938.1068 391.5267 944.7931
340__1__1536___0 0.0671 -3.1939 968.7554 22.0961 945.1483 52.9180 978.1673 27.6280 1001.7745
477__1__0___0 0.0872 84.4314 529.9406 154.0909 536.5441 147.3422 607.7364 77.6827 601.1329
686__1__2560___2560 0.0671 292.7719 -2.4200 400.2815 65.0840 334.9888 169.0717 227.4792 101.5677
686__1__2560___2560 0.0534 107.5235 5.1756 210.8017 5.1344 210.8287 72.8566 107.5505 72.8978
670__1__1024___512 0.3492 535.3655 -4.4187 578.4613 31.6612 538.5350 79.3514 495.4392 43.2715
670__1__1024___512 0.0957 663.6746 141.8180 692.5043 161.4957 670.9641 193.0540 642.1344 173.3762
448__1__1536___1536 0.0675 -5.2981 687.4347 44.9290 680.5497 54.7579 752.2524 4.5308 759.1375
448__1__1536___1536 0.0597 439.4776 838.5802 485.7274 833.7719 489.7505 872.4685 443.5007 877.2768
231__1__1024___0 0.0882 323.3151 963.1437 367.7034 989.9244 344.5764 1028.2567 300.1881 1001.4761
596__1__1536___0 0.0673 -2.3849 602.0529 43.1727 599.0414 47.2842 661.2391 1.7265 664.2505
596__1__1536___0 0.0548 145.3899 22.9762 205.1658 52.7379 168.2055 126.9722 108.4295 97.2105
344__1__0___1024 0.1628 570.6401 132.1611 626.0298 164.5423 588.5838 228.5956 533.1941 196.2144
344__1__0___1024 0.1465 763.6125 644.1725 831.1302 647.3359 828.3718 706.2111 760.8541 703.0478
344__1__0___1024 0.1320 752.2469 419.2578 823.1314 452.3849 796.1596 510.0986 725.2751 476.9715
344__1__0___1024 0.0719 666.2471 596.0787 740.5636 623.0238 718.8055 683.0343 644.4890 656.0892
344__1__0___1024 0.0633 851.7341 464.6294 928.2773 490.9167 908.9520 547.1882 832.4088 520.9010
344__1__0___1024 0.0617 974.4949 723.8051 1016.8357 723.0592 1017.8542 780.8782 975.5134 781.6240
344__1__0___1024 0.0557 881.2568 670.5771 948.7062 695.1854 926.8017 755.2237 859.3523 730.6154
344__1__0___1024 0.0514 569.1353 564.7635 630.1653 581.0835 612.7109 646.3557 551.6808 630.0356
340__1__2560___2048 0.0949 536.0673 135.0101 580.4324 111.0174 607.0604 160.2554 562.6953 184.2481
340__1__2560___2048 0.0619 592.8486 45.0090 608.6891 43.0494 611.4783 65.5968 595.6378 67.5563
340__1__2560___2048 0.0591 583.7703 353.3375 628.8730 333.7117 649.4247 380.9422 604.3219 400.5680
408__1__512___0 0.2049 34.0540 731.3333 82.7278 711.1351 104.6264 763.9067 55.9526 784.1049
408__1__512___0 0.1728 220.6411 710.1176 278.8178 691.3596 295.6269 743.4917 237.4502 762.2497
408__1__512___0 0.0981 255.1610 352.9868 312.7901 342.1794 324.6936 405.6533 267.0644 416.4607
688__1__512___0 0.0680 612.4382 515.8597 672.6422 527.0136 663.0919 578.5625 602.8879 567.4086
662__1__1536___1024 0.0548 172.7061 106.4474 303.6502 69.8587 341.6520 205.8605 210.7080 242.4491
448__1__1536___2048 0.0675 -5.2980 175.4347 44.9290 168.5497 54.7579 240.2525 4.5308 247.1375
448__1__1536___2048 0.0596 439.4839 326.5768 485.7325 321.7825 489.7439 360.4790 443.4953 365.2733
662__1__1536___0 0.0760 476.3350 673.1068 616.8054 737.3929 558.5944 864.5886 418.1240 800.3024
314__1__2560___2048 0.0663 632.3879 -3.5851 668.8492 9.3940 659.7901 34.8431 623.3288 21.8639
339__1__1024___512 0.3500 424.9242 886.4479 478.4338 886.4716 478.4081 944.3485 424.8984 944.3248
339__1__1024___512 0.0758 479.2369 964.4573 520.4341 930.5444 559.0434 977.4466 517.8462 1011.3596
470__1__1536___1024 0.0506 336.8581 3.2708 410.8877 6.6236 408.1302 67.5065 334.1006 64.1536
128__1__2560___512 0.0912 487.5477 163.2637 522.4742 145.2611 543.5103 186.0728 508.5838 204.0754
128__1__2560___512 0.0910 351.5916 259.7064 385.4280 236.1659 413.2577 276.1677 379.4213 299.7081
128__1__2560___512 0.0657 122.4856 516.4935 154.8279 486.9685 186.0736 521.1956 153.7313 550.7206
128__1__2560___512 0.0559 526.2656 233.2578 557.0469 208.6382 584.6064 243.0954 553.8251 267.7149
128__1__2560___512 0.0558 83.1919 447.9449 118.2415 425.4995 141.2574 461.4399 106.2078 483.8853
74__1__1024___2560 0.1780 771.2946 986.3026 809.9031 979.9893 815.4479 1013.8984 776.8394 1020.2117
74__1__1024___2560 0.0742 948.8453 967.9720 989.4150 959.2602 998.1511 999.9425 957.5814 1008.6544
74__1__1024___2560 0.0734 900.4179 910.6082 937.2928 890.3971 958.2359 928.6075 921.3610 948.8186
339__1__512___1536 0.0656 707.9519 182.7389 748.0399 182.8904 747.9045 218.7111 707.8166 218.5596
235__1__2560___2048 0.1409 708.8828 732.1056 760.9389 706.8106 780.7381 747.5566 728.6819 772.8516
235__1__2560___2048 0.1109 598.7470 367.8687 628.2234 357.1412 639.0142 386.7916 609.5378 397.5191
235__1__2560___2048 0.0971 809.9236 878.6523 860.3683 859.9393 878.5376 908.9182 828.0928 927.6312
235__1__2560___2048 0.0628 5.3505 942.1873 44.4862 911.1812 90.0502 968.6918 50.9145 999.6979
689__1__2560___1024 0.0983 637.0303 7.0576 719.8810 39.7653 694.0523 105.1912 611.2016 72.4835
337__1__1536___3072 0.0973 22.3408 603.4012 35.2843 608.6938 22.2714 640.5179 9.3280 635.2253
337__1__1536___3072 0.0721 45.9587 612.5867 64.6774 620.2929 52.9070 648.8838 34.1882 641.1776
394__1__2048___0 0.9279 838.9025 513.7359 874.2233 489.2184 923.6943 560.4880 888.3735 585.0055
394__1__2048___0 0.0708 986.9245 666.9515 1000.3024 658.6954 1028.6559 704.6386 1015.2780 712.8947
477__1__1024___512 0.1606 1.8540 406.9790 50.7962 404.4975 55.0637 488.6644 6.1214 491.1459
477__1__1024___512 0.0836 411.0305 446.2305 481.0096 465.4895 459.6764 543.0054 389.6974 523.7465
689__1__2560___0 0.0522 -2.1761 816.2045 48.2726 801.0137 69.6953 872.1583 19.2466 887.3491
235__1__3072___2560 0.3733 425.8691 594.4193 458.2705 572.4331 473.4422 594.7919 441.0408 616.7781
235__1__3072___2560 0.1409 196.8828 220.1056 248.9388 194.8106 268.7382 235.5566 216.6821 260.8517
235__1__3072___2560 0.1222 405.4772 553.7913 441.9151 538.4431 453.7495 566.5391 417.3115 581.8872
235__1__3072___2560 0.0972 297.9240 366.6506 348.3696 347.9397 366.5370 396.9200 316.0914 415.6309
290__1__512___3072 0.2714 944.4903 40.9376 971.2941 53.3832 961.4059 74.6792 934.6021 62.2336
290__1__512___3072 0.2184 932.4221 191.3142 960.3788 208.1693 944.7363 234.1146 916.7797 217.2596
290__1__512___3072 0.2172 943.6291 98.0932 957.9715 110.1616 946.3675 123.9521 932.0251 111.8838
87__1__1536___512 0.0573 748.8528 246.1196 809.7001 250.6002 804.9707 314.8264 744.1234 310.3459
340__1__1536___512 0.0992 384.4655 362.9182 445.0500 357.3640 451.4005 426.6332 390.8159 432.1875
340__1__1536___512 0.0697 97.9083 512.4460 128.9707 529.9799 111.7072 560.5633 80.6448 543.0294
340__1__1536___512 0.0558 20.9026 433.2846 52.4172 464.2365 28.0130 489.0844 -3.5016 458.1325
120__1__512___3072 0.0759 44.6054 716.8892 77.3735 721.4646 71.9602 760.2338 39.1921 755.6584
120__1__512___3072 0.0637 104.8831 398.8681 136.1528 404.2639 129.6322 442.0526 98.3624 436.6568
235__1__2048___3072 0.1119 618.9161 106.9669 672.8608 85.4417 690.5210 129.7000 636.5763 151.2253
30__1__2560___2048 0.0715 878.1287 502.6160 914.5200 480.0605 936.0042 514.7233 899.6128 537.2788
30__1__2560___2048 0.0530 610.0984 688.6930 643.7198 666.1971 667.6117 701.9050 633.9902 724.4009
470__1__1024___1024 0.0505 848.7766 3.8397 922.3256 5.8247 920.6795 66.8179 847.1304 64.8329
609__1__2560___2560 0.0505 42.2589 41.4500 66.3293 44.0068 64.3333 62.7982 40.2629 60.2415
245__1__2560___512 0.1524 866.8618 258.8401 883.1734 254.9743 887.0748 271.4359 870.7631 275.3018
314__1__0___2560 0.2463 202.0934 161.8643 248.8256 204.1684 210.0997 246.9478 163.3675 204.6437
314__1__0___2560 0.1087 507.1166 450.6291 559.6483 457.0907 553.2319 509.2552 500.7002 502.7936
339__1__2560___1024 0.1643 -0.6513 485.0924 42.0939 479.1685 49.9641 535.9576 7.2189 541.8814
461__1__2048___3072 0.1901 110.2576 791.0396 150.6993 765.2065 181.1481 812.8740 140.7064 838.7071
461__1__2048___3072 0.0618 53.5310 10.7421 100.2232 2.8148 104.7463 29.4559 58.0540 37.3832
446__1__2048___512 0.0724 930.4609 101.0622 958.8700 109.4233 949.3187 141.8764 920.9095 133.5152
276__1__1536___512 0.3264 659.3928 879.4394 715.9447 892.1886 702.0797 953.6901 645.5277 940.9409
276__1__1536___512 0.1063 693.3808 835.6261 734.0747 847.4858 721.5434 890.4841 680.8495 878.6245
276__1__1536___512 0.0994 753.2496 704.6129 788.9026 708.6115 782.1510 768.8123 746.4980 764.8137
34__1__512___3072 0.1439 435.4393 852.5533 458.9599 835.5593 473.6898 855.9463 450.1692 872.9403
34__1__512___3072 0.1056 356.1187 898.4944 389.8482 876.2213 411.0138 908.2736 377.2843 930.5466
34__1__512___3072 0.0623 450.4556 745.1144 481.4629 720.4310 505.1801 750.2247 474.1728 774.9081
34__1__512___3072 0.0556 900.6049 529.8326 940.4623 511.1967 951.1161 533.9826 911.2587 552.6185
178__1__2560___2560 0.2049 34.0540 219.3333 82.7277 199.1351 104.6264 251.9067 55.9527 272.1049
178__1__2560___2560 0.1728 220.6411 198.1177 278.8177 179.3595 295.6269 231.4916 237.4503 250.2498
655__1__0___1024 0.0801 714.6843 569.3392 828.6498 492.2290 907.0336 608.0769 793.0681 685.1871
100__1__0___2048 0.0825 128.2227 269.2179 159.5906 248.2688 178.0353 275.8866 146.6673 296.8358
100__1__0___2048 0.0516 398.6092 67.0414 439.4943 63.4149 442.8234 100.9472 401.9383 104.5737
470__1__1024___0 0.0502 662.4294 264.0189 704.3616 260.1259 706.9705 288.2262 665.0383 292.1192
609__1__1536___1024 0.0645 5.6530 184.8450 38.9399 185.0949 38.5038 243.1736 5.2169 242.9236
609__1__1536___1024 0.0516 532.8832 816.7314 552.3605 830.4155 536.6835 852.7294 517.2061 839.0453
655__1__0___3072 0.0849 396.6159 92.6761 456.6891 133.6768 410.2924 201.6562 350.2191 160.6555
655__1__0___3072 0.0614 226.7461 14.8518 369.1579 28.5311 356.7424 157.7859 214.3306 144.1066
10__1__2048___2048 0.8196 682.7795 81.4218 723.8417 55.3945 769.3325 127.1634 728.2704 153.1907
10__1__2048___2048 0.7390 908.5986 31.5238 942.8161 2.4530 992.3121 60.7117 958.0947 89.7825
688__1__0___512 0.0841 888.3433 478.4747 998.2072 583.0602 895.1831 691.2840 785.3192 586.6984
274__1__512___512 0.1898 863.9467 877.1688 905.3144 850.0834 927.4310 883.8624 886.0633 910.9478
685__1__0___3072 0.0797 436.6848 25.2587 571.5699 14.3303 581.7211 139.6216 446.8360 150.5501
304__1__2560___2560 0.3657 468.0727 658.2996 494.6201 671.1125 477.7122 706.1442 451.1648 693.3312
339__1__3072___2560 0.2626 69.3563 941.8647 109.0594 914.1458 139.8814 958.2936 100.1784 986.0125
339__1__3072___2560 0.0712 106.1549 692.2952 159.4447 677.5586 174.4067 731.6630 121.1168 746.3997
339__1__3072___2560 0.0603 80.7158 628.2114 95.5187 625.7004 99.5107 649.2350 84.7078 651.7460
339__1__3072___2560 0.0591 36.8835 763.0181 87.3048 751.9075 97.4819 798.0926 47.0607 809.2032
339__1__3072___2560 0.0526 24.7574 716.0599 69.5084 696.4591 92.8657 749.7864 48.1147 769.3872
645__1__1536___512 0.0503 380.6838 819.7433 495.7634 743.2375 575.2127 862.7447 460.1331 939.2505
231__1__1536___1024 0.1783 2.7123 726.0870 34.6858 722.2347 38.8648 756.9195 6.8912 760.7718
235__1__3072___2048 0.1409 196.8828 732.1056 248.9389 706.8106 268.7381 747.5566 216.6820 772.8516
235__1__3072___2048 0.1110 86.7629 367.8448 116.2344 357.1549 126.9932 386.8164 97.5217 397.5063
235__1__3072___2048 0.0971 297.9236 878.6523 348.3683 859.9392 366.5376 908.9180 316.0928 927.6311
689__1__3072___1024 0.1015 126.1504 6.2278 208.3965 40.3075 181.2659 105.7832 99.0198 71.7036
688__1__0___0 0.0507 967.5257 485.3949 1022.0653 496.0883 1012.3828 545.4723 957.8431 534.7789
120__1__512___512 0.0674 544.1571 626.7736 576.5954 631.3245 570.9661 671.4495 538.5278 666.8986
23__1__1536___512 0.0526 321.1810 95.4355 374.4441 77.1879 391.4630 126.8641 338.1998 145.1118
448__1__2048___2560 0.0857 833.0774 989.7114 894.4589 966.5073 910.7997 1009.7332 849.4182 1032.9374
448__1__2560___2560 0.0857 321.0775 989.7128 382.4581 966.5073 398.7994 1009.7317 337.4188 1032.9371
17__1__2560___1024 0.1501 688.6400 255.4339 734.0253 231.4140 763.2416 286.6179 717.8563 310.6377
582__1__1024___3072 0.0746 439.8009 2.0892 517.1527 25.5138 497.6998 89.7507 420.3479 66.3261
344__1__0___0 0.1603 58.8060 667.8416 93.2480 664.5339 96.8676 702.2240 62.4255 705.5316
477__1__1536___1536 0.0552 729.4543 -5.4086 808.1554 21.9260 778.0820 108.5127 699.3809 81.1781
662__1__1024___1024 0.0548 680.8650 121.2915 803.5103 67.2867 858.8047 192.8605 736.1594 246.8653
685__1__3072___0 0.0521 14.1490 283.0985 117.4831 302.0980 89.0712 456.6238 -14.2629 437.6243
477__1__0___1024 0.0621 956.2875 747.9271 992.9764 757.4392 982.4306 798.1153 945.7417 788.6031
345__1__512___512 0.2284 603.0469 360.2892 666.1564 383.1787 640.3080 454.4461 577.1986 431.5566
345__1__512___512 0.0724 928.7091 905.7259 996.0449 943.7165 962.6187 1002.9622 895.2828 964.9716
345__1__512___512 0.0540 816.2161 869.8789 890.0422 906.0311 860.4419 966.4777 786.6157 930.3255
120__1__0___2560 0.0627 616.6143 910.9891 648.2989 916.5159 641.7623 953.9897 610.0777 948.4630
461__1__1536___2048 0.0732 154.3427 6.3630 191.2675 -0.3593 196.7452 29.7295 159.8204 36.4517
461__1__1536___2048 0.0553 147.1662 36.9998 168.2520 50.1410 150.7313 78.2541 129.6454 65.1129
337__1__0___2048 0.0944 102.0899 917.2012 126.5632 924.7457 114.8953 962.5953 90.4220 955.0508
337__1__0___2048 0.0775 117.0923 865.4749 162.6301 877.7611 150.0882 924.2465 104.5504 911.9602
337__1__0___2048 0.0660 117.9202 934.8864 130.4432 938.7747 124.9336 956.5189 112.4107 952.6306
337__1__0___2048 0.0563 31.8798 991.7314 70.6885 1000.5616 63.6298 1031.5841 24.8212 1022.7538
342__1__0___512 0.1625 576.0071 643.1180 628.7617 680.8641 585.1588 741.8041 532.4042 704.0580
342__1__0___512 0.1302 59.0023 158.6162 92.8143 152.3697 99.4979 188.5472 65.6859 194.7938
342__1__0___512 0.1183 758.5502 930.5480 821.9386 968.9229 789.7561 1022.0825 726.3677 983.7076
10__1__2560___1536 0.8214 170.6849 593.9122 211.4940 567.6688 257.3912 639.0402 216.5820 665.2836
10__1__2560___1536 0.6591 393.1032 539.8820 432.7423 508.1223 483.4708 571.4361 443.8317 603.1959
235__1__1536___2560 0.0533 996.2024 287.6306 1043.4735 330.7314 1010.0884 367.3467 962.8173 324.2459
94__1__1536___0 0.8076 334.0904 -0.2106 415.2428 6.3675 409.1168 81.9420 327.9644 75.3638
94__1__1536___0 0.2818 597.7134 8.1087 658.1083 29.2264 632.8668 101.4147 572.4719 80.2970
94__1__1536___0 0.2216 131.0418 480.0925 205.3346 430.8174 257.2836 509.1417 182.9908 558.4168
339__1__2048___512 0.0850 365.4208 992.6800 389.1246 971.0966 419.2549 1004.1871 395.5512 1025.7704
339__1__2048___512 0.0705 432.4649 881.5359 458.7132 869.6149 473.5309 902.2414 447.2827 914.1624
125__1__2048___2560 0.0818 12.6021 325.6499 73.7831 326.2823 72.9650 405.4208 11.7840 404.7883
178__1__2560___512 0.0541 776.8854 695.6808 832.9327 725.2064 805.8387 776.6379 749.7914 747.1124
457__1__0___512 0.1308 646.8445 893.3268 712.2839 921.3482 683.2133 989.2380 617.7739 961.2166
645__1__2048___1024 0.0771 134.0779 136.7965 298.0461 82.3459 350.6177 240.6558 186.6496 295.1064
645__1__2048___1024 0.0655 12.7588 186.0722 136.6549 141.9281 185.4645 278.9186 61.5684 323.0627
327__1__2560___1536 0.0700 306.1245 622.8361 338.6017 596.6085 373.8053 640.2006 341.3280 666.4282
339__1__1536___1024 0.2305 23.0702 423.2569 44.5297 437.6603 24.5998 467.3536 3.1403 452.9503
339__1__1536___1024 0.1116 876.7874 480.4710 900.9600 459.0867 931.1647 493.2299 906.9920 514.6141
339__1__1536___1024 0.0857 379.1501 958.9876 436.6734 939.3154 457.4850 1000.1702 399.9616 1019.8425
339__1__1536___1024 0.0617 1009.8057 781.9261 1022.1796 781.0331 1023.3422 797.1418 1010.9682 798.0348
339__1__1536___1024 0.0585 944.2572 369.1944 971.6091 357.2894 985.8647 390.0419 958.5129 401.9469
339__1__1536___1024 0.0523 972.4613 431.3835 994.0442 412.6306 1020.7920 443.4150 999.2091 462.1679
231__1__512___0 0.0882 835.3151 963.1438 879.7033 989.9244 856.5764 1028.2567 812.1882 1001.4761
360__1__1024___1536 0.0584 8.2554 795.3311 56.2795 796.9604 53.5878 876.2982 5.5636 874.6688
408__1__512___512 0.2049 34.0540 219.3333 82.7277 199.1351 104.6264 251.9067 55.9527 272.1049
408__1__512___512 0.1728 220.6411 198.1177 278.8177 179.3595 295.6269 231.4916 237.4503 250.2498
576__1__512___0 0.5717 19.8947 599.2487 49.6329 572.8363 80.4622 607.5476 50.7240 633.9600
649__1__2048___2048 0.0618 7.2996 677.2480 28.8289 681.6146 23.6088 707.3528 2.0794 702.9863
477__1__1024___0 0.1400 0.7223 915.4220 52.3180 913.4349 55.5598 997.6068 3.9641 999.5939
645__1__1024___1536 0.0724 671.7942 204.6451 779.2846 264.8997 709.5405 389.3187 602.0501 329.0640
339__1__1024___1536 0.0678 976.2364 828.0518 1016.3733 818.9022 1024.4277 854.2349 984.2908 863.3845
339__1__1024___1536 0.0656 195.9519 182.7389 236.0399 182.8904 235.9046 218.7111 195.8166 218.5596
339__1__1024___1536 0.0637 487.4353 398.2092 510.5739 396.6374 512.3898 423.3687 489.2511 424.9405
339__1__1024___1536 0.0504 900.9883 436.0385 964.6660 438.5805 962.1698 501.1100 898.4921 498.5680
342__1__3072___2048 0.1146 648.7679 451.4479 697.7039 413.7612 737.6915 465.6849 688.7554 503.3716
342__1__3072___2048 0.0929 620.5623 566.2247 682.6597 550.6306 700.6981 622.4611 638.6007 638.0552
344__1__512___1536 0.1465 251.6479 132.1337 319.1632 135.3737 316.3376 194.2540 248.8223 191.0140
344__1__512___1536 0.0797 783.2636 303.7005 857.6530 333.2079 833.3276 394.5334 758.9382 365.0261
344__1__512___1536 0.0725 151.6765 84.2648 227.7857 106.2100 209.6636 169.0602 133.5544 147.1150
344__1__512___1536 0.0655 551.9142 21.4206 619.8048 51.1235 593.1094 112.1399 525.2189 82.4370
344__1__512___1536 0.0577 885.9883 342.9207 953.8062 370.5693 930.0050 428.9501 862.1871 401.3015
344__1__512___1536 0.0527 36.0502 68.2656 97.5550 48.4666 118.9263 114.8560 57.4216 134.6550
340__1__1536___1024 0.2274 91.5393 3.6618 125.3475 11.5573 117.4772 45.2579 83.6690 37.3624
340__1__1536___1024 0.1630 457.2258 708.3927 515.9642 684.2087 537.9422 737.5891 479.2039 761.7731
340__1__1536___1024 0.0875 415.8940 732.3281 456.5476 701.6407 483.6516 737.5472 442.9980 768.2346
645__1__1024___2048 0.0826 394.7009 5.9596 517.6072 15.4529 512.7521 78.3096 389.8458 68.8163
649__1__2048___2560 0.0618 7.2994 165.2481 28.8289 169.6144 23.6090 195.3526 2.0795 190.9863
645__1__2048___1536 0.0591 145.7204 6.9721 220.4326 7.1066 220.3234 67.7754 145.6112 67.6409
364__1__1024___1536 0.0952 240.1430 380.7522 386.3527 334.1044 431.3845 475.2490 285.1747 521.8968
392__1__2048___0 0.0648 0.3208 960.9792 27.4326 949.5701 42.9940 986.5490 15.8823 997.9581
645__1__512___1536 0.0546 949.3575 452.6481 1045.5587 494.0800 996.9904 606.8513 900.7892 565.4194
582__1__512___1024 0.1134 779.9238 973.5067 846.5459 963.2471 854.7977 1016.8320 788.1757 1027.0914
461__1__1024___2048 0.0732 666.3421 6.3627 703.2672 -0.3626 708.7475 29.7269 671.8224 36.4522
461__1__1024___2048 0.0554 659.1670 36.9997 680.2524 50.1417 662.7311 78.2536 641.6456 65.1116
640__1__1024___1536 0.0839 220.8240 822.1448 305.6991 827.2837 301.8433 890.9664 216.9683 885.8275
34__1__1024___3072 0.0556 388.6043 529.8403 428.4712 511.1906 439.1349 533.9860 399.2680 552.6357
23__1__1536___0 0.0515 321.2321 607.3373 374.5320 589.2181 391.4388 638.9519 338.1389 657.0710
670__1__1536___0 0.1882 25.8757 510.3812 68.8983 541.1347 33.4005 590.7944 -9.6222 560.0410
670__1__1536___0 0.0957 151.6879 653.8143 180.5086 673.5070 158.9492 705.0595 130.1286 685.3668
341__1__0___1024 0.0620 372.9622 1008.8517 394.1023 1007.8755 394.7870 1022.7009 373.6468 1023.6771
681__1__512___1024 0.0507 739.4048 720.2192 814.2932 712.6593 821.5775 784.8171 746.6891 792.3771
688__1__512___1024 0.1027 362.2394 -12.6861 479.3952 74.3526 402.5016 177.8528 285.3459 90.8141
339__1__3072___3072 0.2567 69.4620 429.4120 109.4670 402.1829 139.7298 446.6451 99.7248 473.8741
339__1__3072___3072 0.0712 106.1551 180.2950 159.4453 165.5592 174.4062 219.6633 121.1160 234.3992
339__1__3072___3072 0.0604 80.7282 116.2025 95.5283 113.6965 99.5138 137.2341 84.7136 139.7401
339__1__3072___3072 0.0591 36.8835 251.0182 87.3047 239.9075 97.4819 286.0925 47.0607 297.2032
339__1__3072___3072 0.0526 24.7574 204.0599 69.5084 184.4591 92.8656 237.7864 48.1147 257.3872
662__1__2048___0 0.1356 932.6580 440.1840 993.2285 480.7482 955.1474 537.6109 894.5769 497.0466
274__1__512___1024 0.1898 863.9512 365.1603 905.3192 338.0851 927.4269 371.8634 886.0590 398.9385
339__1__1024___2048 0.4100 928.1049 795.0790 981.5137 773.7073 999.6476 819.0249 946.2389 840.3966
339__1__1024___2048 0.0678 976.2362 316.0520 1016.3733 306.9021 1024.4280 342.2347 984.2909 351.3846
477__1__0___1536 0.0621 956.2875 235.9271 992.9764 245.4392 982.4306 286.1153 945.7417 276.6032
446__1__2048___0 0.0725 930.4667 613.1095 958.8730 621.4470 949.3480 653.8995 920.9417 645.5621
34__1__0___3072 0.1706 947.5189 852.0796 971.1139 835.5367 985.5049 856.0626 961.9099 872.6055
34__1__0___3072 0.1416 977.2612 720.7924 1013.3156 733.4375 1000.7037 769.3970 964.6493 756.7518
34__1__0___3072 0.1060 868.1229 898.5097 901.8599 876.2289 923.0262 908.2785 889.2891 930.5593
274__1__1024___1024 0.3581 721.6130 944.9831 752.9774 934.8232 762.8616 965.3365 731.4973 975.4964
274__1__1024___1024 0.2572 810.0822 433.2572 840.7786 413.1465 858.9736 440.9186 828.2772 461.0294
274__1__1024___1024 0.2397 519.6140 615.2115 551.3358 622.1776 544.5499 653.0790 512.8281 646.1130
274__1__1024___1024 0.1898 351.9512 365.1603 393.3194 338.0852 415.4272 371.8638 374.0591 398.9390
274__1__1024___1024 0.1332 634.6306 669.1362 663.1719 648.7333 682.8434 676.2514 654.3021 696.6543
274__1__1024___1024 0.1326 630.3017 563.2498 659.3036 547.0545 674.2364 573.7957 645.2344 589.9909
274__1__1024___1024 0.0764 831.3280 885.0732 865.0209 867.5520 878.8521 894.1490 845.1592 911.6703
274__1__1024___1024 0.0726 780.0730 807.9407 824.3647 781.3149 838.6754 805.1205 794.3837 831.7463
342__1__0___1536 0.0844 975.4297 211.1535 1016.9313 211.0483 1017.0810 270.1250 975.5794 270.2301
342__1__0___1536 0.0787 760.8542 134.8496 828.8835 131.1123 832.1340 190.2807 764.1048 194.0180
342__1__0___1536 0.0637 663.4423 83.5428 740.9630 106.1070 722.5335 169.4227 645.0128 146.8584
342__1__0___1536 0.0593 568.8173 52.6034 630.5366 68.7815 613.4706 133.8881 551.7513 117.7100
448__1__2560___3072 0.0763 320.3445 677.2906 379.4058 650.4802 404.7719 706.3596 345.7106 733.1701
339__1__1536___2048 0.3854 414.8314 800.4510 464.8514 771.4786 489.3355 813.7498 439.3155 842.7222
339__1__1536___2048 0.0969 468.1555 311.6084 510.8547 307.4926 514.4627 344.9238 471.7635 349.0396
339__1__1536___2048 0.0952 459.4740 780.2569 513.2760 758.1055 534.5266 809.7194 480.7245 831.8708
339__1__1536___2048 0.0521 1.7085 21.2658 25.5568 -2.4064 50.8457 23.0706 26.9973 46.7428
344__1__0___1536 0.1465 763.6480 132.1336 831.1633 135.3737 828.3376 194.2540 760.8223 191.0140
344__1__0___1536 0.0740 663.6733 84.2732 739.7363 106.2743 721.5726 169.0707 645.5095 147.0696
344__1__0___1536 0.0617 974.4949 211.8051 1016.8357 211.0592 1017.8542 268.8781 975.5134 269.6241
344__1__0___1536 0.0583 562.3640 57.7292 624.9184 63.2369 619.0977 129.3458 556.5433 123.8381
344__1__0___1536 0.0548 880.6555 158.8187 948.4580 182.6588 927.2714 242.9147 859.4689 219.0746
676__1__2560___1536 0.0574 596.9415 238.4816 632.9575 244.6768 627.7320 275.0556 591.7159 268.8605
645__1__2048___512 0.0632 13.4701 698.5535 137.3859 655.0203 185.6248 792.3305 61.7090 835.8638
239__1__1536___1024 0.0644 2.8558 241.9771 16.7005 243.2658 13.9768 272.5256 0.1322 271.2369
448__1__1536___512 0.0509 -7.6646 493.7800 69.8686 487.9439 74.4179 548.3816 -3.1154 554.2177
685__1__2048___2048 0.0629 507.6295 -3.6420 613.3362 65.9949 537.8687 180.5522 432.1620 110.9154
655__1__512___1024 0.0571 202.9308 551.2543 324.1486 491.0220 385.5334 614.5593 264.3157 674.7916
410__1__3072___3072 0.2039 613.1069 497.5421 673.5468 488.9737 683.2514 557.4280 622.8115 565.9965
128__1__3072___0 0.0528 14.0492 750.0068 44.0931 720.2457 75.1107 751.5580 45.0667 781.3192
34__1__1024___2560 0.0532 346.6869 979.6895 387.1086 956.7461 398.2137 976.3110 357.7920 999.2544
670__1__1024___1536 0.0648 1004.2234 704.5883 1026.7090 709.4570 1013.5817 770.0854 991.0960 765.2167
662__1__0___3072 0.0678 801.4883 328.5597 899.4735 379.8446 840.3627 492.7820 742.3776 441.4970
337__1__0___3072 0.1488 21.7175 15.0863 60.1418 26.6665 46.0543 73.4105 7.6300 61.8304
340__1__3072___1536 0.0851 24.1969 646.9778 68.5816 623.1778 94.9258 672.3069 50.5410 696.1070
340__1__3072___1536 0.0589 71.7658 865.3411 116.8681 845.7060 137.4276 892.9315 92.3253 912.5666
340__1__3072___1536 0.0567 80.9897 556.9852 96.7266 555.1554 99.3459 577.6815 83.6090 579.5114
340__1__1024___1536 0.0888 927.6735 219.9692 968.8346 188.9916 996.5065 225.7604 955.3453 256.7379
337__1__2048___2048 0.1124 10.5749 553.2179 30.6982 553.1401 30.7985 579.0619 10.6752 579.1397
125__1__512___512 0.0977 -3.0481 24.0149 47.3528 0.4883 82.6303 76.0634 32.2294 99.5900
686__1__2048___2560 0.0668 805.9163 -1.5907 912.9713 64.6381 848.2448 169.2646 741.1899 103.0358
686__1__2048___2560 0.0535 619.7040 4.9729 722.8104 5.0969 722.7289 72.8634 619.6225 72.7394
340__1__1024___1024 0.2323 605.5856 2.2972 638.1224 11.7137 628.0878 46.3862 595.5510 36.9697
340__1__1024___1024 0.0888 927.6735 731.9686 968.8351 700.9918 996.5064 737.7609 955.3448 768.7377
245__1__2560___0 0.1524 866.8617 770.8401 883.1734 766.9742 887.0748 783.4359 870.7631 787.3018
394__1__2560___512 0.7909 461.7435 161.8405 490.0405 137.8456 546.7623 204.7373 518.4653 228.7322
394__1__2560___512 0.7781 340.7077 15.7282 360.9510 -1.5920 405.9336 50.9825 385.6902 68.3026
341__1__0___0 0.0998 343.0712 574.0174 365.2324 570.9033 368.1733 591.8314 346.0121 594.9455
401__1__2048___3072 0.0735 222.4079 405.2799 284.6612 462.0604 235.1134 516.3839 172.8601 459.6034
401__1__2048___3072 0.0565 435.4727 294.1209 507.8756 269.2928 536.0039 351.3197 463.6010 376.1478
401__1__2048___3072 0.0511 115.3533 775.2900 197.6076 767.6205 204.7893 844.6440 122.5351 852.3135
401__1__2048___3072 0.0503 877.8109 128.4946 947.8289 97.5625 981.5529 173.9003 911.5349 204.8324
342__1__512___1024 0.1374 64.0738 131.6868 116.2931 164.8150 73.9520 231.5564 21.7327 198.4282
342__1__512___1024 0.1353 242.2688 418.0402 311.4000 454.7818 280.8681 512.2291 211.7369 475.4875
342__1__512___1024 0.0788 248.8547 646.8569 316.8667 643.0904 320.1432 702.2551 252.1312 706.0215
342__1__512___1024 0.0761 796.0908 811.5156 859.7446 858.2997 821.1863 910.7617 757.5325 863.9775
342__1__512___1024 0.0672 885.4474 856.1982 954.1318 881.8185 932.0296 941.0714 863.3452 915.4511
342__1__512___1024 0.0670 340.1637 464.7333 417.3983 490.9976 397.7291 548.8382 320.4945 522.5739
342__1__512___1024 0.0601 150.9843 595.3367 230.2603 617.7659 212.3409 681.1022 133.0648 658.6729
342__1__512___1024 0.0521 42.4957 570.1325 108.4140 565.3923 113.4645 635.6255 47.5463 640.3658
342__1__512___1024 0.0516 17.2543 350.3920 96.8603 365.4320 85.8078 423.9323 6.2018 408.8922
676__1__3072___1536 0.0569 85.1971 238.2971 121.0423 244.9481 115.4087 275.3102 79.5635 268.6592
239__1__512___512 0.0539 963.7717 807.7284 1000.3776 798.4571 1008.9305 832.2267 972.3247 841.4980
655__1__0___2560 0.0825 396.3639 604.7001 456.7095 645.5364 410.5787 713.7057 350.2332 672.8694
314__1__2048___2048 0.0970 -1.5533 919.8257 51.8642 910.2366 59.3187 951.7626 5.9011 961.3517
314__1__2048___2048 0.0741 17.2002 536.2612 41.9364 557.1321 18.3872 585.0427 -6.3491 564.1718
596__1__1024___0 0.0537 657.2921 22.9616 717.1303 52.6984 680.2107 126.9903 620.3725 97.2535
341__1__0___512 0.0960 342.9901 61.9877 365.2150 58.8200 368.2078 79.8178 345.9828 82.9855
337__1__1024___2560 0.0974 989.5883 37.5380 1023.0934 41.2540 1018.8528 79.4885 985.3478 75.7725
689__1__2560___512 0.0697 654.0723 513.9596 721.0761 569.3268 675.9932 623.8848 608.9894 568.5176
689__1__2560___512 0.0520 -2.4186 304.2993 48.1197 288.7826 69.9493 359.8825 19.4110 375.3991
662__1__2560___1024 0.0644 484.8857 51.1482 595.2532 147.4604 509.3576 245.8911 398.9901 149.5789
344__1__3072___2048 0.0996 648.2575 453.5790 696.1426 413.6367 738.1171 463.9579 690.2320 503.9003
344__1__3072___2048 0.0859 619.1727 570.0275 693.3398 561.9393 699.9790 622.8195 625.8119 630.9076
457__1__1536___0 0.0669 367.1794 267.2364 401.8261 258.9048 408.7547 287.7171 374.1080 296.0487
340__1__512___0 0.3434 925.9399 330.5833 967.4030 296.2826 1001.4681 337.4608 960.0051 371.7615
434__1__1536___2048 0.0855 440.7233 835.0507 498.7953 834.0560 500.0112 905.0410 441.9392 906.0357
360__1__1024___2048 0.0626 234.2627 20.5536 286.7264 36.6063 261.7789 118.1400 209.3152 102.0873
360__1__1024___2048 0.0583 8.2830 283.3102 56.2899 284.9607 53.5621 364.3015 5.5553 362.6510
100__1__0___1536 0.0825 128.2227 781.2179 159.5906 760.2687 178.0353 787.8866 146.6673 808.8358
100__1__0___1536 0.0540 399.6001 577.6404 439.3582 575.7260 441.1675 613.3004 401.4095 615.2148
300__1__1024___1536 0.7569 14.1202 141.5711 41.0610 150.6205 31.2261 179.8998 4.2853 170.8505
300__1__1024___1536 0.0594 -5.6373 159.5121 6.8443 157.4716 9.5018 173.7274 -2.9797 175.7679
327__1__2560___2048 0.0912 506.7129 7.1539 552.4293 5.5356 553.6038 38.7132 507.8873 40.3315
327__1__2560___2048 0.0700 306.1357 110.8209 338.6284 84.6115 373.8032 128.2191 341.3105 154.4285
457__1__512___1024 0.1297 130.4079 382.3137 198.9311 402.2967 178.2364 473.2603 109.7133 453.2774
327__1__3072___0 0.1811 401.4940 172.0116 438.9981 189.9636 417.7595 234.3340 380.2553 216.3820
327__1__3072___0 0.1121 5.9104 551.7485 23.1522 556.0104 18.3511 575.4334 1.1093 571.1715
345__1__1536___1024 0.2154 104.0009 501.3634 161.1855 496.5254 165.1485 543.3669 107.9639 548.2050
345__1__1536___1024 0.0887 59.3710 295.9445 110.7120 255.7990 161.3831 320.6007 110.0421 360.7463
345__1__1536___1024 0.0715 755.6374 163.1791 769.2358 167.8326 763.6693 184.0991 750.0709 179.4457
688__1__0___1024 0.1148 870.4270 -11.7247 990.6661 69.1185 919.4258 175.0751 799.1867 94.2320
23__1__512___1536 0.0696 877.3574 764.6816 943.7555 746.6586 958.4084 800.6407 892.0103 818.6638
282__1__1536___2048 0.0896 692.7976 843.4703 710.6454 859.9437 691.3035 880.8995 673.4556 864.4260
448__1__1024___1024 0.0749 389.9731 655.9829 473.6922 661.5862 469.5811 723.0103 385.8620 717.4070
448__1__1024___1024 0.0652 403.4133 0.6392 480.0112 -15.5579 491.5903 39.2014 414.9925 55.3985
231__1__512___512 0.1428 954.3453 940.5267 1000.5113 907.7074 1025.9866 943.5427 979.8206 976.3621
609__1__512___3072 0.0628 793.2493 452.6596 856.0557 464.2884 843.0756 534.3939 780.2691 522.7652
392__1__2560___1536 0.0500 1.4119 197.2428 17.9963 197.0087 18.4980 232.5376 1.9136 232.7718
655__1__1024___512 0.0926 205.5654 40.5997 266.2960 -3.7609 310.1582 56.2873 249.4277 100.6479
655__1__1024___512 0.0619 18.4473 877.8635 115.5392 890.4601 99.7003 1012.5443 2.6083 999.9478
609__1__1536___512 0.0726 392.3672 -5.2694 456.3292 14.6335 438.0148 73.4906 374.0528 53.5877
609__1__1536___512 0.0645 5.6531 696.8450 38.9399 697.0949 38.5038 755.1736 5.2170 754.9236
345__1__1024___1024 0.2154 615.9985 501.3710 673.1841 496.5275 677.1511 543.3654 619.9656 548.2089
345__1__1024___1024 0.0874 571.9734 297.2848 623.5465 256.4146 673.3745 319.2913 621.8014 360.1615
345__1__1024___1024 0.0506 415.0907 388.2907 484.1676 433.5497 446.4939 491.0495 377.4170 445.7905
408__1__0___0 0.2289 546.0649 731.3223 594.6102 710.8813 616.8751 763.7582 568.3299 784.1993
408__1__0___0 0.1728 732.6411 710.1176 790.8179 691.3596 807.6269 743.4917 749.4501 762.2497
408__1__0___0 0.0981 767.1609 352.9868 824.7901 342.1794 836.6936 405.6533 779.0644 416.4607
408__1__0___0 0.0603 504.1393 269.7140 558.3513 254.4730 574.1426 310.6424 519.9305 325.8835
17__1__3072___512 0.1501 176.6400 767.4339 222.0253 743.4141 251.2416 798.6179 205.8563 822.6377
128__1__2560___0 0.0912 487.5481 675.2625 522.4752 657.2612 543.5099 698.0739 508.5828 716.0753
128__1__2560___0 0.0910 351.5916 771.7064 385.4279 748.1660 413.2577 788.1677 379.4214 811.7081
128__1__2560___0 0.0616 83.5183 956.5113 120.6283 938.4329 139.0240 976.1942 101.9140 994.2726
128__1__2560___0 0.0559 526.2656 745.2578 557.0469 720.6382 584.6064 755.0953 553.8251 779.7149
87__1__2048___0 0.0573 236.8527 758.1197 297.7000 762.6001 292.9707 826.8264 232.1235 822.3459
477__1__512___1024 0.0795 466.7942 4.8635 546.5197 17.8657 533.6877 96.5483 453.9621 83.5462
345__1__1024___512 0.2375 91.3416 359.4160 154.4395 382.2011 128.4806 454.0881 65.3828 431.3030
345__1__1024___512 0.0877 572.0008 809.3525 623.5124 768.4772 673.3005 831.2208 621.7889 872.0961
345__1__1024___512 0.0650 422.8831 901.6959 485.2909 955.7946 441.0540 1006.8259 378.6463 952.7272
345__1__1024___512 0.0535 304.2738 869.8549 378.0897 906.1035 348.4046 966.5536 274.5887 930.3051
235__1__3072___1536 0.1110 86.7051 879.9179 116.1600 869.1093 127.0193 898.7025 97.5644 909.5110
30__1__1536___2560 0.0567 809.0261 871.8954 828.1549 861.8518 833.0500 871.1748 813.9211 881.2184
685__1__2560___512 0.0506 -7.6258 19.1058 48.0180 -5.5441 75.0804 55.5455 19.4366 80.1954
337__1__1536___2048 0.1181 477.4204 550.9434 513.3148 553.7122 510.2537 593.3968 474.3593 590.6281
337__1__1536___2048 0.0790 521.4631 553.4851 542.4263 552.4485 543.7308 578.8309 522.7676 579.8675
670__1__1024___2048 0.0648 1004.2233 192.5884 1026.7090 197.4570 1013.5817 258.0854 991.0961 253.2168
253__1__1536___1536 0.0839 0.5494 528.2395 16.5396 526.9578 18.3087 549.0283 2.3185 550.3100
662__1__3072___512 0.0539 -17.6796 429.3370 139.2024 482.0459 94.7014 614.4981 -62.1806 561.7892
300__1__512___1024 0.8642 525.5707 654.5770 551.9605 662.7742 543.0267 691.5353 516.6369 683.3381
655__1__512___0 0.0805 87.5950 100.2938 228.9004 129.7470 201.2864 262.2290 59.9810 232.7759
655__1__0___0 0.0653 599.2578 98.3722 741.6898 130.6882 712.1971 260.6757 569.7652 228.3596
446__1__3072___1536 0.0580 576.5768 80.9107 600.5654 59.4934 619.8305 81.0713 595.8420 102.4886
394__1__2048___512 0.7780 852.7086 15.7271 872.9528 -1.5918 917.9313 50.9842 897.6871 68.3030
394__1__2048___512 0.0708 986.9246 154.9515 1000.3024 146.6955 1028.6559 192.6387 1015.2780 200.8947
582__1__1024___1024 0.1134 267.9239 973.5065 334.5460 963.2472 342.7977 1016.8321 276.1755 1027.0914
448__1__512___512 0.0526 948.6262 475.6787 1005.6514 518.9689 962.0377 576.4205 905.0124 533.1303
688__1__2560___3072 0.0660 607.6312 96.6495 663.1790 53.3751 719.7997 126.0542 664.2520 169.3287
582__1__512___1536 0.0584 794.8418 439.2852 861.5328 465.6569 833.2234 537.2482 766.5323 510.8765
448__1__1024___2048 0.0649 951.4065 326.2748 997.5628 321.7224 1001.3978 360.6055 955.2415 365.1578
337__1__1024___2048 0.0940 989.0175 550.0025 1022.1595 552.5510 1019.2399 590.5215 986.0978 587.9731
342__1__1024___1536 0.0949 38.2791 23.5630 108.1745 49.4756 84.6193 113.0123 14.7239 87.0997
342__1__1024___1536 0.0756 284.1663 299.6281 347.8409 346.3847 309.3291 398.8312 245.6545 352.0746
342__1__1024___1536 0.0527 375.3043 343.7334 444.1553 371.7845 419.3121 432.7616 350.4611 404.7105
655__1__512___2560 0.0898 9.5400 320.5203 67.4716 323.2200 63.9961 397.7991 6.0645 395.0994
434__1__1536___2560 0.0862 440.6854 322.6431 498.7321 321.6335 499.9734 393.0004 441.9267 394.0100
609__1__1536___0 0.6619 361.8820 -0.5226 382.2681 12.8453 353.3196 56.9919 332.9335 43.6240
609__1__1536___0 0.0743 425.6822 214.6869 486.9638 208.3154 492.4830 261.3997 431.2014 267.7711
457__1__1536___3072 0.0684 551.8369 985.2047 617.2957 980.7977 619.7391 1017.0923 554.2804 1021.4993
689__1__512___2048 0.0621 817.5557 44.2240 949.0132 -9.2184 1014.2252 151.1897 882.7676 204.6321
583__1__1536___1536 0.0510 468.6570 -18.1547 523.9297 33.3226 465.4458 96.1185 410.1731 44.6412
304__1__2048___3072 0.2851 979.9744 146.6833 1007.8618 161.0448 991.1032 193.5869 963.2158 179.2254
609__1__2048___512 0.1143 0.3257 251.4015 29.2281 240.5351 44.2392 280.4615 15.3368 291.3279
46__1__512___0 0.9137 703.8341 206.4969 736.3350 182.4755 787.0980 251.1578 754.5971 275.1792
46__1__512___0 0.7579 841.2567 355.9769 876.1334 327.4832 928.8560 392.0166 893.9793 420.5103
10__1__2048___1536 0.8214 682.6848 593.9121 723.4940 567.6687 769.3912 639.0402 728.5820 665.2836
10__1__2048___1536 0.5486 904.1784 539.1688 942.9541 507.3685 995.9406 571.9777 957.1649 603.7780
304__1__2048___2560 0.2851 979.9744 658.6832 1007.8621 673.0450 991.1033 705.5871 963.2156 691.2253
184__1__2048___3072 0.2016 216.4401 718.1511 299.0158 655.4217 376.0762 756.8624 293.5005 819.5919
340__1__3072___2048 0.0851 24.1961 134.9782 68.5805 111.1772 94.9261 160.3070 50.5417 184.1080
340__1__3072___2048 0.0634 80.8801 44.9952 96.7508 43.0986 99.4448 65.6414 83.5741 67.5380
340__1__3072___2048 0.0590 71.7659 353.3357 116.8780 333.7125 137.4229 380.9433 92.3107 400.5665
363__1__512___1024 0.1261 755.7386 884.9005 909.7512 851.4147 941.7629 998.6480 787.7504 1032.1337
688__1__1024___0 0.0680 100.4387 515.8654 160.6299 527.0057 151.0892 578.5536 90.8981 567.4133
655__1__512___2048 0.0888 9.5817 832.6094 67.4562 835.1685 64.1659 909.5795 6.2915 907.0204
30__1__2048___2560 0.0567 297.0260 871.8953 316.1549 861.8517 321.0500 871.1747 301.9211 881.2183
401__1__1536___2560 0.1018 962.2307 793.0649 1013.7706 790.5243 1018.2321 881.0308 966.6921 883.5714
401__1__1536___2560 0.0749 727.3571 915.9464 792.3732 963.4007 748.4963 1023.5156 683.4802 976.0613
640__1__512___1536 0.0840 732.8248 822.1447 817.7008 827.2856 813.8436 890.9678 728.9675 885.8269
477__1__2048___512 0.0612 39.9039 5.7052 114.8967 16.8585 105.4126 80.6277 30.4198 69.4744
446__1__2560___0 0.0724 417.9979 613.3110 446.5459 621.0923 437.6684 653.6625 409.1203 645.8812
457__1__0___1024 0.1275 642.7837 382.1259 711.0434 402.6427 689.7312 473.5486 621.4715 453.0317
90__1__2560___1536 0.0558 873.4071 521.1406 919.0681 491.3922 933.3859 513.3687 887.7249 543.1171
688__1__512___512 0.0840 608.8354 5.7501 671.6283 10.9829 667.2209 63.8704 604.4281 58.6376
688__1__512___512 0.0559 377.0626 480.3684 483.2615 584.9873 380.9616 688.8322 274.7628 584.2133
688__1__512___512 0.0502 528.2706 -1.7457 588.9066 4.4156 584.3631 49.1309 523.7271 42.9696
448__1__512___1024 0.0706 901.5974 656.7090 986.5758 659.7241 984.3599 722.1776 899.3815 719.1625
448__1__512___1024 0.0593 920.7695 4.5863 990.8646 -1.1091 994.6819 45.8712 924.5869 51.5666
74__1__1536___2560 0.1780 259.2946 986.3026 297.9031 979.9893 303.4479 1013.8984 264.8394 1020.2117
74__1__1536___2560 0.0730 388.4147 910.5875 425.3323 890.3895 446.2484 928.6197 409.3307 948.8176
74__1__1536___2560 0.0728 435.1984 971.3335 473.6173 957.7614 487.4163 996.8223 448.9973 1010.3944
314__1__0___2048 0.2463 202.0794 673.8585 248.8238 716.1406 210.1100 758.9400 163.3656 716.6579
314__1__0___2048 0.1364 511.9148 962.4485 562.5689 977.0956 550.2947 1019.5438 499.6405 1004.8967
673__1__1024___1024 0.0556 194.2658 703.2934 264.9025 695.8098 271.7014 759.9841 201.0647 767.4677
239__1__512___1024 0.0539 963.7717 295.7284 1000.3776 286.4571 1008.9305 320.2267 972.3247 329.4980
576__1__512___512 0.5694 20.0787 87.0301 50.0037 60.9902 80.3329 95.8444 50.4079 121.8843
239__1__1536___512 0.0644 2.8558 753.9771 16.7005 755.2658 13.9768 784.5256 0.1322 783.2369
327__1__2048___2048 0.0700 818.1357 110.8209 850.6284 84.6115 885.8032 128.2190 853.3105 154.4284
446__1__3072___1024 0.0510 576.4658 593.3228 600.4200 571.4101 619.9052 592.7106 595.9510 614.6232
673__1__1024___1536 0.0556 194.2732 191.2835 264.9073 183.8108 271.6964 247.9824 201.0622 255.4552
327__1__2560___0 0.1875 908.1423 174.0239 948.0638 185.0040 935.0345 232.3764 895.1129 221.3964
327__1__3072___1536 0.1059 -1.7302 510.6649 25.8831 498.7774 45.0174 543.2243 17.4041 555.1118
314__1__2560___1536 0.1006 641.9732 497.9164 672.9238 524.4502 650.0037 551.1856 619.0531 524.6519
10__1__2560___2048 0.8196 170.7796 81.4218 211.8417 55.3945 257.3325 127.1635 216.2704 153.1907
10__1__2560___2048 0.7894 396.4706 32.6026 431.4915 3.0827 480.0172 60.6513 444.9963 90.1711
470__1__0___512 0.1448 518.2296 898.5788 586.4413 916.6737 567.8529 986.7460 499.6411 968.6511
609__1__1024___512 0.0697 903.1077 -8.4824 968.0758 14.1954 947.6677 72.6613 882.6996 49.9836
339__1__1536___1536 0.0969 468.1555 823.6085 510.8547 819.4926 514.4627 856.9238 471.7635 861.0396
339__1__1536___1536 0.0617 1009.8057 269.9261 1022.1796 269.0331 1023.3422 285.1418 1010.9682 286.0348
339__1__1536___1536 0.0527 387.9263 437.1487 451.8479 437.9181 451.1099 499.2346 387.1883 498.4651
17__1__3072___1024 0.1501 176.6401 255.4339 222.0254 231.4140 251.2416 286.6179 205.8562 310.6377
178__1__2048___1536 0.0982 767.1500 864.9915 824.7812 854.1643 836.7067 917.6416 779.0754 928.4688
178__1__2048___1536 0.0603 504.1393 781.7140 558.3513 766.4730 574.1426 822.6425 519.9305 837.8834
689__1__1024___2048 0.0507 298.9051 72.2469 425.5886 -11.1592 521.4892 134.5019 394.8057 217.9080
297__1__512___1024 0.0526 850.8879 502.9175 874.5066 489.4981 888.3946 513.9417 864.7759 527.3610
10__1__1024___3072 0.0563 4.7059 446.1187 51.9732 439.6998 63.7378 526.3322 16.4705 532.7510
609__1__2560___2048 0.0752 41.6267 554.2803 65.7069 554.9533 65.1682 574.2271 41.0880 573.5540
394__1__3072___0 0.7152 47.6910 449.6879 78.7024 426.0656 131.6517 495.5774 100.6403 519.1997
30__1__2048___3072 0.0566 297.0261 359.8954 316.1552 349.8519 321.0501 359.1748 301.9210 369.2184
394__1__2560___0 0.9278 326.8951 513.7686 362.2226 489.2274 411.7189 560.4780 376.3914 585.0192
394__1__2560___0 0.7909 461.7447 673.8412 490.0410 649.8470 546.7620 716.7380 518.4656 740.7322
394__1__2560___0 0.7392 559.4843 450.1770 590.5820 426.3060 643.2019 494.8561 612.1042 518.7271
410__1__1536___3072 0.0535 999.6484 765.9882 1042.9272 787.2239 1007.3475 859.7363 964.0686 838.5005
304__1__2560___3072 0.3657 468.0728 146.2995 494.6202 159.1127 477.7122 194.1443 451.1647 181.3311
467__1__512___1536 0.0567 342.3597 -2.6731 410.3683 29.9990 375.1260 103.3574 307.1175 70.6853
662__1__2560___0 0.1530 422.2095 438.3180 480.8620 486.1638 438.8059 537.7189 380.1534 489.8732
448__1__1024___512 0.0506 424.3137 478.2078 488.6863 507.1836 460.6260 569.5223 396.2534 540.5465
408__1__0___512 0.2289 546.0649 219.3223 594.6102 198.8813 616.8751 251.7583 568.3299 272.1993
408__1__0___512 0.1728 732.6411 198.1177 790.8178 179.3595 807.6270 231.4916 749.4503 250.2498
23__1__1024___2048 0.0771 378.8946 678.2304 443.3535 661.7756 456.8407 714.6096 392.3818 731.0643
23__1__1024___2048 0.0696 365.3521 252.6964 431.7478 234.6510 446.4180 288.6279 380.0222 306.6733
23__1__1024___2048 0.0525 451.9467 660.2123 514.2697 642.3483 528.9973 693.7294 466.6743 711.5933
23__1__1024___2048 0.0523 113.3523 10.9533 146.7196 2.4712 154.3564 32.5133 120.9891 40.9954
689__1__3072___2048 0.0862 4.1192 377.3084 112.8191 308.5468 186.8258 425.5382 78.1259 494.2998
681__1__1024___2560 0.0594 303.8011 30.4569 388.1030 32.6889 386.3920 97.3146 302.0901 95.0827
662__1__512___2560 0.0732 284.3853 842.0640 385.6428 887.4728 333.6012 1003.5210 232.3437 958.1122
245__1__3072___512 0.1524 354.8608 258.8407 371.1728 254.9737 375.0752 271.4355 358.7633 275.3024
276__1__2048___512 0.3264 147.3930 879.4394 203.9449 892.1888 190.0797 953.6901 133.5278 940.9407
276__1__2048___512 0.1063 181.3808 835.6260 222.0748 847.4858 209.5434 890.4842 168.8495 878.6245
276__1__2048___512 0.0994 241.2497 704.6129 276.9027 708.6115 270.1510 768.8123 234.4980 764.8137
363__1__1024___1024 0.1229 242.8743 885.3864 396.7209 850.5854 430.0981 998.1373 276.2515 1032.9384
74__1__1536___3072 0.1752 28.6666 737.7726 65.1685 715.8993 86.9066 752.1757 50.4047 774.0490
74__1__1536___3072 0.0996 255.9449 491.7864 288.1069 468.0165 314.6462 503.9256 282.4842 527.6955
74__1__1536___3072 0.0888 162.0081 639.6369 199.6996 623.7385 217.6726 666.3484 179.9811 682.2469
74__1__1536___3072 0.0835 116.2062 586.8780 148.2420 560.6183 174.5306 592.6894 142.4948 618.9490
74__1__1536___3072 0.0725 388.4091 398.5222 425.4220 378.3928 446.2445 416.6802 409.2316 436.8096
74__1__1536___3072 0.0620 434.3010 463.7190 470.0868 444.3614 489.4600 480.1760 453.6742 499.5336
662__1__0___2560 0.0732 796.3841 842.0644 897.6421 887.4714 845.6024 1003.5204 744.3444 958.1134
670__1__2560___512 0.0647 239.4935 559.3426 289.4021 515.0596 334.1328 565.4727 284.2242 609.7557
178__1__2560___1024 0.0541 776.8856 183.6808 832.9327 213.2065 805.8386 264.6379 749.7914 235.1122
342__1__512___1536 0.0787 248.8543 134.8496 316.8835 131.1123 320.1340 190.2807 252.1048 194.0181
342__1__512___1536 0.0756 796.1624 299.6114 859.8500 346.3889 821.3280 398.8367 757.6404 352.0592
342__1__512___1536 0.0664 886.3046 344.0424 954.4118 370.9135 931.2474 429.6256 863.1402 402.7545
342__1__512___1536 0.0636 554.6642 19.9603 621.9818 53.8375 591.4141 114.5787 524.0966 80.7015
342__1__512___1536 0.0622 151.4353 83.5331 229.0048 106.0508 210.6110 169.4144 133.0414 146.8967
342__1__512___1536 0.0559 37.3747 64.3781 101.3176 49.0154 117.9059 118.0595 53.9630 133.4221
576__1__0___512 0.3867 539.5153 69.5360 580.4654 67.5221 582.7322 113.6139 541.7820 115.6279
339__1__1024___1024 0.3499 425.2243 374.1581 478.7368 374.7329 478.1147 432.6390 424.6023 432.0642
339__1__1024___1024 0.0801 891.3073 957.4991 949.8043 938.6512 969.7343 1000.5067 911.2374 1019.3546
339__1__1024___1024 0.0749 479.4130 452.5349 520.2894 418.7394 558.9005 465.4403 518.0241 499.2358
339__1__1024___1024 0.0656 195.9519 694.7389 236.0399 694.8903 235.9046 730.7111 195.8166 730.5596
339__1__1024___1024 0.0634 487.4614 910.1872 510.6059 908.6532 512.3774 935.3824 489.2330 936.9164
231__1__1024___1536 0.2488 509.1928 219.0946 542.2354 208.5863 552.7068 241.5130 519.6643 252.0212
655__1__512___512 0.0926 717.5641 40.6004 778.2943 -3.7611 822.1581 56.2877 761.4279 100.6492
655__1__512___512 0.0765 516.3216 868.0114 637.2281 902.2069 602.0884 1026.4517 481.1820 992.2562
342__1__3072___1536 0.0961 650.2040 956.9067 703.7881 926.8556 735.8942 984.1039 682.3101 1014.1550
645__1__512___2048 0.0506 902.0389 -2.0070 1013.6870 8.4024 1007.7709 71.8556 896.1229 61.4461
235__1__1536___2048 0.0533 996.2033 799.6304 1043.4736 842.7324 1010.0876 879.3470 962.8173 836.2450
596__1__512___3072 0.1044 13.4864 215.7392 64.5518 223.0280 53.1438 302.9525 2.0784 295.6637
23__1__1024___1536 0.0696 365.3521 764.6964 431.7479 746.6510 446.4180 800.6279 380.0222 818.6732
245__1__3072___0 0.1524 354.8608 770.8407 371.1728 766.9738 375.0752 783.4354 358.7633 787.3024
655__1__512___1536 0.0828 244.4561 17.2914 379.5854 33.0116 365.5881 153.3312 230.4588 137.6110
655__1__512___1536 0.0544 159.0005 155.1743 221.8703 128.8900 248.3974 192.3406 185.5276 218.6249
345__1__512___1024 0.0600 925.0959 392.7622 996.6687 427.9995 965.5005 491.3073 893.9277 456.0700
23__1__1024___512 0.0525 833.1815 95.4335 886.4440 77.1880 903.4614 126.8656 850.1989 145.1110
596__1__512___2560 0.1044 13.4897 727.7404 64.5546 735.0344 53.1386 814.9570 2.0737 807.6630
673__1__512___1536 0.0556 706.2729 191.2725 776.9041 183.7832 783.7100 247.9687 713.0788 255.4580
596__1__0___1024 0.0503 969.7871 762.5986 1008.5048 753.0532 1025.8118 823.2533 987.0941 832.7987
178__1__2048___2048 0.2289 546.0649 731.3223 594.6102 710.8813 616.8751 763.7582 568.3299 784.1993
178__1__2048___2048 0.1728 732.6411 710.1176 790.8179 691.3596 807.6269 743.4917 749.4501 762.2497
178__1__2048___2048 0.0981 767.1609 352.9868 824.7901 342.1794 836.6936 405.6533 779.0644 416.4607
178__1__2048___2048 0.0603 504.1393 269.7140 558.3513 254.4730 574.1426 310.6424 519.9305 325.8835
125__1__512___0 0.1084 -3.5411 536.9585 46.2232 510.5720 84.8701 583.4591 35.1058 609.8456
609__1__2048___2048 0.0590 552.7747 554.9982 576.7569 553.7307 577.7709 572.9169 553.7886 574.1843
340__1__1024___0 0.2664 450.3651 295.0485 489.6912 331.7193 452.3119 371.8051 412.9858 335.1343
340__1__1024___0 0.0917 895.2629 875.5994 957.2670 868.8839 964.7611 938.0775 902.7571 944.7930
609__1__1024___0 0.6619 873.8820 -0.5223 894.2678 12.8455 865.3193 56.9917 844.9335 43.6239
609__1__1024___0 0.1098 934.9537 219.9853 995.3176 206.4588 1006.6848 257.1865 946.3209 270.7130
401__1__1536___3072 0.1016 962.2881 281.0196 1013.8331 278.5396 1018.1879 369.0542 966.6429 371.5341
401__1__1536___3072 0.0735 734.4079 405.2798 796.6612 462.0604 747.1133 516.3839 684.8600 459.6033
401__1__1536___3072 0.0501 627.3770 775.1290 709.8018 767.7139 716.7442 844.8846 634.3195 852.2997
583__1__1024___1536 0.0545 959.6325 -9.0931 1020.3992 23.7243 983.1761 92.6488 922.4094 59.8314
392__1__2048___3072 0.0800 887.7764 908.9033 913.7955 898.9200 928.1944 936.4473 902.1754 946.4306
339__1__1024___2560 0.4100 928.1048 283.0793 981.5133 261.7071 999.6478 307.0246 946.2393 328.3968
128__1__2048___512 0.0908 863.5782 259.7344 897.4099 236.1670 925.2586 276.1445 891.4269 299.7120
128__1__2048___512 0.0744 1007.5999 156.9027 1021.3966 155.2609 1024.7452 183.4018 1010.9486 185.0435
128__1__2048___512 0.0657 634.4849 516.4933 666.8275 486.9679 698.0737 521.1954 665.7311 550.7209
128__1__2048___512 0.0562 595.1843 447.9704 630.2743 425.5377 653.2461 461.4709 618.1561 483.9037
178__1__3072___1024 0.0541 264.8855 183.6808 320.9326 213.2065 293.8385 264.6378 237.7914 235.1122
290__1__1024___3072 0.2711 430.5511 42.4533 458.8650 50.4903 452.4800 72.9842 424.1662 64.9473
290__1__1024___3072 0.2042 431.7811 98.0802 445.9304 110.3106 434.1442 123.9461 419.9948 111.7157
290__1__1024___3072 0.1924 419.9601 192.2621 448.8628 207.3434 435.2965 233.3427 406.3938 218.2614
290__1__512___2560 0.2447 942.3101 554.4278 971.0260 562.5094 964.5803 585.4127 935.8644 577.3311
290__1__512___2560 0.2184 932.4222 703.3143 960.3788 720.1696 944.7363 746.1146 916.7797 729.2593
290__1__512___2560 0.2082 943.4731 610.1512 957.8956 622.0555 946.4807 635.8849 932.0582 623.9806
314__1__1536___2048 0.1583 524.5684 901.8350 572.6768 926.5577 551.2012 968.3477 503.0927 943.6250
23__1__1024___2560 0.0771 378.8949 166.2304 443.3544 149.7766 456.8406 202.6100 392.3811 219.0639
23__1__1024___2560 0.0525 451.9562 148.2025 514.2676 130.3437 528.9927 181.7213 466.6813 199.5801
120__1__512___1024 0.0678 544.1744 114.7810 576.6000 119.3366 570.9627 159.4612 538.5370 154.9056
87__1__1536___0 0.0573 748.8527 758.1197 809.7000 762.6002 804.9708 826.8264 744.1235 822.3459
662__1__512___3072 0.0678 289.4916 328.5589 387.4751 379.8479 328.3598 492.7830 230.3763 441.4940
276__1__2048___1536 0.0635 68.1835 20.6112 110.3877 33.4409 98.5416 72.4094 56.3374 59.5797
596__1__1024___1024 0.0523 4.4984 929.0012 50.8117 933.0427 45.0644 998.9026 -1.2489 994.8611
645__1__1536___1536 0.0724 159.7984 204.6422 267.2859 264.9028 197.5344 389.3194 90.0469 329.0587
645__1__1536___1536 0.0585 657.5918 6.9551 732.4617 7.0625 732.3746 67.7357 657.5047 67.6283
582__1__1024___0 0.0616 617.5858 -3.0243 709.9665 23.4211 683.3812 116.2906 591.0004 89.8452
125__1__2048___2048 0.0816 13.0096 837.2951 73.9676 838.3119 72.6480 917.4285 11.6899 916.4117
673__1__512___1024 0.0556 706.2646 703.2827 776.8983 695.7816 783.7148 759.9699 713.0812 767.4710
90__1__3072___1536 0.0929 666.1946 390.0419 709.7801 368.3584 727.8264 404.6328 684.2409 426.3164
90__1__3072___1536 0.0844 802.1724 293.4769 845.8182 276.2731 860.0938 312.4900 816.4479 329.6938
90__1__3072___1536 0.0629 653.1085 299.7625 687.3027 320.7054 662.4459 361.2903 628.2516 340.3474
90__1__3072___1536 0.0590 489.7122 422.7973 527.0485 394.3884 553.3088 428.9008 515.9725 457.3097
90__1__3072___1536 0.0551 361.4242 521.1318 407.0687 491.3809 421.4048 513.3756 375.7603 543.1266
345__1__1536___512 0.0889 59.4054 807.9982 110.7129 767.8562 161.3281 832.5500 110.0207 872.6920
345__1__1536___512 0.0715 755.6375 675.1791 769.2358 679.8326 763.6691 696.0991 750.0709 691.4456
382__1__3072___2560 0.1341 708.2730 653.2427 744.2687 664.7596 729.5748 710.6847 693.5791 699.1677
662__1__1536___512 0.0761 476.3466 161.1289 616.8146 225.4383 558.5943 352.6059 418.1264 288.2965
23__1__512___2560 0.0773 890.9200 166.1922 955.3702 149.8018 968.8080 202.6419 904.3578 219.0323
640__1__512___2048 0.0840 733.0023 309.9718 818.0353 315.3787 813.9815 379.1327 728.9485 373.7258
282__1__2048___2048 0.0896 180.7975 843.4703 198.6454 859.9437 179.3035 880.8995 161.4556 864.4260
314__1__3072___1536 0.1008 129.9712 497.9152 160.9231 524.4523 138.0025 551.1860 107.0506 524.6489
525__1__2560___1536 0.0655 1.5380 240.0679 24.3763 238.5530 26.7059 273.6750 3.8677 275.1898
231__1__2048___3072 0.4684 221.4549 974.6536 253.7054 961.2989 270.9561 1002.9583 238.7057 1016.3129
364__1__512___1024 0.1261 755.7386 884.9005 909.7512 851.4147 941.7629 998.6480 787.7504 1032.1337
691__1__3072___0 0.0610 12.2139 313.7847 127.2899 268.0698 179.3042 399.0030 64.2282 444.7178
120__1__512___1536 0.0609 472.5969 0.6978 503.3389 9.2845 493.4566 44.6651 462.7146 36.0785
276__1__1536___1536 0.0617 575.4083 21.7960 620.6816 29.1540 614.0844 69.7463 568.8111 62.3883
467__1__0___1536 0.0569 854.4081 -2.7582 922.4651 30.0098 887.1159 103.4279 819.0589 70.6599
46__1__1536___0 0.9093 38.2759 301.3412 67.0612 278.5480 121.4381 347.2202 92.6528 370.0133
178__1__2048___2560 0.2289 546.0649 219.3223 594.6102 198.8813 616.8751 251.7583 568.3299 272.1993
178__1__2048___2560 0.1728 732.6411 198.1177 790.8178 179.3595 807.6270 231.4916 749.4503 250.2498
30__1__1536___3072 0.0566 809.0261 359.8954 828.1552 349.8519 833.0501 359.1748 813.9210 369.2183
231__1__1024___512 0.1589 444.3218 936.2648 493.3275 907.4713 519.3439 951.7502 470.3381 980.5438
