344__1__0___512 0.0803 867.1274 975.3533 910.3857 1004.0287 887.6598 1038.3118 844.4016 1009.6363
342__1__512___512 0.0844 356.6654 975.1085 399.1684 1004.5848 374.9286 1039.5370 332.4256 1010.0607
342__1__512___512 0.0506 63.9282 643.6823 116.2426 676.6886 74.0824 743.5117 21.7679 710.5054
34__1__2048___2560 0.6715 25.8467 598.9505 51.0113 579.5828 60.5615 591.9915 35.3970 611.3593
34__1__2048___2560 0.0982 -0.4515 518.3502 9.3685 514.9707 14.2677 529.2065 4.4478 532.5861
23__1__512___2048 0.3073 899.0132 666.4017 967.0273 670.4124 963.7054 726.7461 895.6913 722.7355
23__1__512___2048 0.0541 875.1042 255.4512 941.7654 233.0020 959.4630 285.5533 892.8017 308.0025
94__1__512___0 0.2789 904.2136 76.9698 925.0055 63.9672 941.1840 89.8377 920.3921 102.8403
94__1__512___0 0.1535 787.7126 81.0195 848.4162 39.3151 883.3097 90.1048 822.6061 131.8092
94__1__512___0 0.0789 340.7871 506.4831 377.5413 492.5021 389.1817 523.1035 352.4276 537.0844
94__1__512___0 0.0525 941.8760 611.1785 1013.1547 612.0206 1012.2411 689.3451 940.9625 688.5029
94__1__512___0 0.0502 385.8561 933.3176 447.3833 991.8575 400.1119 1041.5410 338.5848 983.0010
392__1__1536___1024 0.1615 659.4159 21.4810 697.0017 14.3718 704.5883 54.4811 667.0024 61.5904
344__1__512___512 0.0804 355.1456 975.3498 398.3877 1004.0469 375.6435 1038.3188 332.4014 1009.6218
344__1__512___512 0.0610 66.3201 643.3596 116.1489 679.4738 70.3525 742.6618 20.5237 706.5476
282__1__0___1536 0.0516 417.1994 290.0663 435.7065 272.6891 454.0897 292.2678 435.5826 309.6449
586__1__2048___3072 0.0776 425.2586 134.0663 496.0858 151.7150 477.2105 227.4647 406.3834 209.8161
620__1__1536___2560 0.1018 881.8127 875.7955 902.8418 868.3874 908.9836 885.8221 887.9545 893.2302
673__1__2048___2560 0.0743 606.3325 2.1241 679.9093 6.1730 677.6702 46.8623 604.0934 42.8134
392__1__1536___0 0.9283 634.0477 874.5953 672.4814 870.2311 677.1703 911.5252 638.7366 915.8893
392__1__1536___0 0.5534 639.6957 963.4560 675.9734 950.1186 692.0496 993.8458 655.7719 1007.1832
627__1__3072___512 0.0684 182.0949 521.6199 199.9361 510.0429 211.1586 527.3378 193.3174 538.9149
639__1__1536___512 0.1329 344.8256 765.0783 360.3721 758.7084 368.1039 777.5788 352.5574 783.9487
100__1__2560___0 0.0911 941.0944 3.9223 989.3623 1.9410 990.4625 28.7436 942.1946 30.7249
167__1__1536___2560 0.0514 317.7824 666.5966 359.7206 706.6243 314.2802 754.2336 272.3420 714.2059
461__1__1536___3072 0.8505 620.9145 794.6971 658.4583 765.4671 693.5219 810.5037 655.9781 839.7337
461__1__1536___3072 0.2062 361.7729 701.2576 396.0057 683.1509 417.7110 724.1871 383.4781 742.2938
344__1__1024___1024 0.0596 174.2140 778.0834 234.9784 813.4246 203.8265 866.9861 143.0621 831.6450
274__1__1024___512 0.2383 353.0988 881.0178 393.4561 851.4196 415.6866 881.7311 375.3294 911.3293
274__1__1024___512 0.0620 805.3031 358.6344 835.5952 347.6802 846.0702 376.6470 815.7781 387.6012
434__1__1024___0 0.0503 68.5009 132.7897 94.7919 147.3725 78.6575 176.4610 52.3664 161.8782
314__1__1536___2560 0.0532 525.2389 21.6788 556.7316 45.3683 533.5262 76.2173 502.0335 52.5278
327__1__2560___1024 0.0666 726.6080 730.4587 746.9509 728.1462 748.6517 743.1081 728.3088 745.4205
94__1__1024___0 0.2828 392.2746 76.8754 413.1252 63.9793 429.1656 89.9137 408.3150 102.8098
94__1__1024___0 0.1528 275.7176 80.7053 336.6477 39.4435 371.1870 90.4467 310.2569 131.7085
94__1__1024___0 0.0806 839.6010 6.3926 926.0065 -1.5845 933.0258 74.4457 846.6202 82.4229
94__1__1024___0 0.0583 416.0979 644.7803 480.3195 591.7958 533.6758 656.4680 469.4542 709.4525
94__1__1024___0 0.0504 664.0923 914.7731 733.5671 854.1922 795.0883 924.7453 725.6135 985.3262
434__1__1024___2560 0.0585 698.6852 15.7859 758.2838 16.1672 757.7527 99.1570 698.1542 98.7756
434__1__1024___2560 0.0534 959.4390 321.8952 1018.6742 326.4174 1013.2978 396.8415 954.0626 392.3193
300__1__2048___2560 0.1124 694.4261 26.2057 714.9652 42.0596 691.4598 72.5114 670.9208 56.6575
253__1__1536___2048 0.0953 2.2055 16.5966 18.4189 17.0546 17.8322 37.8214 1.6189 37.3634
394__1__512___1024 0.1027 588.4844 483.4053 658.8615 477.0300 666.6718 563.2466 596.2947 569.6220
394__1__512___1024 0.1020 646.5096 881.8365 718.5864 872.9919 729.2913 960.2275 657.2145 969.0722
340__1__2048___0 0.0585 499.5062 406.1154 557.6636 409.0718 554.4538 472.2149 496.2963 469.2585
640__1__1024___512 0.0565 177.8635 864.5764 206.8772 878.8033 190.0897 913.0388 161.0760 898.8118
457__1__2048___512 0.0633 44.1304 511.5601 115.4190 513.8370 113.3773 577.7595 42.0888 575.4826
178__1__2560___2048 0.2375 112.6728 391.9608 169.6279 391.3679 170.2415 450.3107 113.2864 450.9036
178__1__2560___2048 0.2237 220.6411 710.1176 278.8178 691.3596 295.6269 743.4917 237.4502 762.2497
178__1__2560___2048 0.0615 255.1610 352.9868 312.7901 342.1794 324.6936 405.6533 267.0644 416.4607
178__1__2560___2048 0.0562 189.5441 364.8817 245.5626 362.2036 248.9929 433.9572 192.9744 436.6352
178__1__2560___2048 0.0522 34.0540 731.3333 82.7278 711.1351 104.6264 763.9067 55.9526 784.1049
128__1__2048___0 0.9976 726.2338 869.4158 760.2617 841.3268 790.3917 877.8272 756.3638 905.9162
128__1__2048___0 0.9961 906.6274 830.8443 945.0574 811.7854 964.8591 851.7133 926.4292 870.7722
128__1__2048___0 0.9953 769.0588 928.2621 799.7994 902.5853 830.8056 939.7062 800.0650 965.3831
128__1__2048___0 0.9890 593.2972 963.2032 622.8992 936.4283 652.1923 968.8142 622.5903 995.5892
128__1__2048___0 0.9870 864.0110 770.3138 899.8692 747.4268 926.1299 788.5706 890.2717 811.4576
128__1__2048___0 0.2397 1005.8140 669.0829 1020.4122 666.6298 1025.1083 694.5748 1010.5100 697.0279
128__1__2048___0 0.1690 642.4373 1009.8000 660.6387 1010.9671 659.8897 1022.6489 641.6883 1021.4819
128__1__2048___0 0.0565 622.6581 970.3965 662.7271 997.3853 639.4634 1031.9238 599.3945 1004.9352
314__1__2048___2560 0.0603 23.8708 390.8052 63.7243 420.3223 36.0479 457.6904 -3.8055 428.1733
253__1__512___1536 0.1000 930.6727 567.5932 945.6369 558.8951 955.3624 575.6268 940.3983 584.3249
253__1__512___1536 0.0906 971.0253 554.3889 988.0728 560.9590 982.3439 575.8237 965.2964 569.2535
410__1__1024___2560 0.1018 951.3213 589.9889 1023.0792 601.9667 1006.1412 703.4401 934.3833 691.4622
345__1__512___0 0.0710 606.2150 874.1322 668.5610 902.7537 637.4440 970.5354 575.0981 941.9139
507__1__3072___1536 0.0554 -4.0575 797.9439 22.0529 795.4395 25.6199 832.6287 -0.4904 835.1331
507__1__3072___1536 0.0502 -2.4570 752.6479 21.4262 749.7231 26.1188 788.0408 2.2355 790.9656
678__1__2560___2048 0.0811 198.7488 225.7490 257.8109 231.4290 249.9728 312.9313 190.9107 307.2513
300__1__1536___1536 0.0857 756.1821 784.6373 778.1157 797.4041 763.4471 822.6050 741.5134 809.8383
300__1__1536___1536 0.0720 33.5216 379.9662 48.2701 385.9037 39.2293 408.3608 24.4807 402.4232
678__1__512___1536 0.4380 809.2360 769.2746 881.0305 775.3569 875.4403 841.3419 803.6458 835.2596
678__1__512___1536 0.3856 719.4011 592.8478 790.7032 592.4812 791.0875 667.2226 719.7854 667.5892
678__1__512___1536 0.3608 729.4547 761.3472 801.0253 777.9527 785.2283 846.0385 713.6577 829.4329
678__1__512___1536 0.0762 785.3930 48.7029 873.9826 55.2833 869.2687 118.7437 780.6791 112.1632
678__1__512___1536 0.0564 736.0748 441.7889 772.5466 436.7027 776.2247 463.0770 739.7529 468.1632
678__1__2048___2048 0.0812 710.7355 225.7513 769.8041 231.4221 761.9782 312.9390 702.9096 307.2682
640__1__2048___512 0.0539 327.2663 66.2069 371.7743 78.7129 345.0918 173.6740 300.5838 161.1679
300__1__512___1536 0.3011 957.5742 323.8520 975.7969 332.3659 965.8211 353.7176 947.5984 345.2037
300__1__512___1536 0.1926 812.3828 234.5599 829.2686 239.8177 822.3235 262.1221 805.4377 256.8644
300__1__512___1536 0.1228 526.6420 143.0825 551.3217 150.9432 542.2870 179.3089 517.6073 171.4482
300__1__512___1536 0.0640 1010.7221 644.6583 1022.1780 643.1073 1025.3445 666.4958 1013.8886 668.0468
300__1__512___1536 0.0621 982.9540 334.9701 999.1354 340.8951 991.8049 360.9150 975.6235 354.9900
300__1__512___1536 0.0531 788.8293 219.3632 805.3627 226.8854 795.5681 248.4134 779.0348 240.8913
457__1__512___512 0.0680 208.7323 550.2212 297.9131 557.0028 292.7147 625.3644 203.5338 618.5828
235__1__2560___1536 0.0881 598.7028 879.9233 628.1669 869.1039 639.0322 898.6930 609.5681 909.5125
23__1__1024___1024 0.1508 40.6772 689.3383 97.1384 700.7456 83.8974 766.2822 27.4363 754.8749
23__1__1024___1024 0.1117 67.0836 525.6010 129.7872 533.8192 122.2369 591.4274 59.5332 583.2093
640__1__1024___2048 0.1128 216.7937 314.3800 302.8947 311.7468 304.8692 376.3086 218.7681 378.9418
178__1__2560___1536 0.2407 112.6506 903.9763 169.6225 903.3912 170.2276 962.3091 113.2557 962.8942
178__1__2560___1536 0.0616 255.1501 864.9914 312.7813 854.1644 324.7067 917.6417 267.0754 928.4687
178__1__2560___1536 0.0585 189.4298 876.5876 245.9261 874.2844 248.8792 946.7231 192.3829 949.0264
684__1__2560___0 0.2980 480.5946 576.1035 527.7065 557.9382 542.1137 595.3035 495.0018 613.4688
457__1__2048___3072 0.0634 40.3720 985.0255 105.2064 980.5757 107.6790 1016.6031 42.8447 1021.0530
31__1__2560___512 0.1812 38.0698 44.0769 67.9548 22.6128 83.7506 44.6056 53.8656 66.0697
448__1__2048___3072 0.0545 832.3455 677.2902 891.4062 650.4802 916.7724 706.3602 857.7117 733.1702
434__1__1024___2048 0.0529 959.3882 834.2617 1018.4969 838.5744 1013.3768 908.7506 954.2681 904.4379
676__1__3072___1024 0.0528 87.8040 749.1074 122.7049 759.1955 113.6553 790.5035 78.7544 780.4153
678__1__2560___1024 0.0720 177.3776 564.8232 226.3401 521.9799 264.3241 565.3890 215.3615 608.2323
678__1__2560___1024 0.0635 434.4097 962.2493 499.7088 950.9296 509.7512 1008.8603 444.4521 1020.1800
17__1__2048___2048 0.1186 429.4942 218.2898 469.2780 180.2108 513.7437 226.6673 473.9599 264.7463
17__1__2048___2048 0.1132 453.4190 520.8034 510.9538 516.4512 514.8906 568.4933 457.3557 572.8455
17__1__2048___2048 0.0862 364.1998 211.7209 417.6905 197.1934 434.6898 259.7850 381.1990 274.3125
662__1__1024___0 0.0704 999.8314 18.5025 1024.6868 25.2784 1012.8442 68.7194 987.9888 61.9435
253__1__1024___2048 0.1083 430.4027 47.0954 444.2377 60.9065 432.1118 73.0534 418.2768 59.2422
253__1__1024___2048 0.0982 457.7583 43.4135 475.4746 47.7520 471.7014 63.1602 453.9850 58.8217
253__1__1024___2048 0.0891 509.0609 18.4480 526.4066 12.9646 533.7217 36.1044 516.3760 41.5878
655__1__0___1536 0.0509 695.7003 213.4130 721.5272 229.8136 708.1425 250.8913 682.3156 234.4906
337__1__2048___1536 0.0656 281.6344 579.7739 300.3532 579.4966 300.6685 600.7802 281.9497 601.0575
17__1__2560___3072 0.1020 247.3879 337.1670 308.8031 319.5179 323.1912 369.5857 261.7760 387.2347
627__1__2560___1024 0.0592 704.1397 1.1193 718.9242 12.5081 709.8261 24.3188 695.0416 12.9300
30__1__3072___2560 0.9793 97.5163 176.9525 131.0681 153.8107 155.4158 189.1110 121.8639 212.2527
30__1__3072___2560 0.9334 157.0713 337.5744 200.9750 305.2272 226.9367 340.4640 183.0331 372.8112
30__1__3072___2560 0.8975 54.3752 410.5370 88.1017 386.4200 110.3061 417.4718 76.5796 441.5888
30__1__3072___2560 0.8444 140.7213 240.3957 175.9188 221.9017 194.2655 256.8191 159.0681 275.3130
30__1__3072___2560 0.7608 412.2950 51.7535 447.6399 33.6894 465.7716 69.1668 430.4267 87.2309
30__1__3072___2560 0.2314 390.8936 -2.2880 410.8020 8.7906 402.5319 23.6522 382.6235 12.5737
681__1__2048___1536 0.0750 762.1684 426.3786 792.5419 410.0936 810.7370 444.0296 780.3635 460.3146
507__1__2048___512 0.0913 248.9244 956.9884 300.1870 955.1711 301.4455 990.6714 250.1829 992.4886
37__1__0___2048 0.0643 612.8630 302.2216 648.1667 292.8109 656.9063 325.5972 621.6026 335.0078
327__1__3072___1024 0.0666 214.6081 730.4587 234.9510 728.1462 236.6517 743.1081 216.3088 745.4205
394__1__512___512 0.1432 493.5400 431.1468 566.4572 421.3144 577.7203 504.8428 504.8032 514.6751
394__1__512___512 0.1184 467.4309 236.3840 537.7432 229.1146 546.2428 311.3265 475.9305 318.5959
342__1__1024___1024 0.0598 173.1454 780.3007 235.2296 813.3774 206.5171 867.2701 144.4329 834.1934
274__1__1536___512 0.0620 293.3031 358.6344 323.5952 347.6802 334.0702 376.6469 303.7781 387.6012
253__1__1024___1536 0.1052 457.1103 555.7894 475.1254 558.9413 472.3723 574.6775 454.3571 571.5256
253__1__1024___1536 0.1026 418.1400 571.1122 430.3905 558.9731 444.2596 572.9695 432.0091 585.1086
253__1__1024___1536 0.0882 510.0610 530.7408 527.1910 526.0451 533.3983 548.6888 516.2682 553.3846
253__1__1024___1536 0.0796 615.4473 503.8190 629.7984 501.1279 633.5933 521.3653 619.2421 524.0564
253__1__1024___1536 0.0563 663.4885 497.8410 685.2529 493.8646 688.4937 511.6022 666.7292 515.5787
90__1__3072___2048 0.9664 271.6819 156.4784 313.3312 136.3790 331.6487 174.3360 289.9994 194.4354
90__1__3072___2048 0.9232 226.8399 92.2200 268.1729 70.6790 288.3799 109.4522 247.0469 130.9932
454__1__512___2048 0.0555 813.4698 679.1009 842.9927 675.2834 846.0043 698.5737 816.4814 702.3911
337__1__0___2560 0.0718 102.1706 405.1732 126.5257 412.7558 114.7562 450.5593 90.4011 442.9767
345__1__1024___0 0.0863 91.0431 872.4902 156.5500 898.8494 127.6770 970.6033 62.1701 944.2441
666__1__3072___1024 0.0515 60.4507 327.0432 133.0263 328.7147 131.5370 393.3844 58.9613 391.7130
676__1__1536___1024 0.0515 654.9497 54.2978 680.2021 32.3565 701.1368 56.4505 675.8845 78.3918
674__1__512___0 0.0501 716.4609 0.5420 782.9667 5.8366 777.9974 68.2567 711.4916 62.9622
128__1__3072___512 0.9890 151.3460 137.7435 182.9425 113.2609 211.3345 149.9027 179.7379 174.3853
128__1__3072___512 0.9865 14.6674 236.5370 44.9787 209.1769 74.7731 242.1850 44.4618 269.5451
128__1__3072___512 0.9850 104.4161 78.0639 135.0791 51.1781 164.3106 84.5163 133.6476 111.4021
128__1__3072___512 0.0537 -15.1029 240.7384 2.3028 227.4660 19.6975 250.2778 2.2918 263.5502
282__1__512___512 0.1015 544.2458 810.7062 567.6578 816.0929 563.2078 835.4338 539.7958 830.0471
360__1__512___2048 0.0905 518.8337 275.1909 572.8806 287.9180 553.3239 370.9670 499.2770 358.2398
360__1__512___2048 0.0583 746.2614 20.5506 798.7255 36.6038 773.7776 118.1363 721.3136 102.0831
344__1__512___1024 0.0629 42.8077 573.1703 106.6061 567.9170 112.4894 639.3671 48.6910 644.6204
344__1__512___1024 0.0611 66.4341 131.3591 116.1683 167.5630 70.2359 230.6615 20.5016 194.4575
344__1__512___1024 0.0591 686.1987 778.0804 746.9229 813.3114 715.8536 866.8624 655.1295 831.6315
18__1__0___0 0.1186 429.4942 218.2898 469.2780 180.2108 513.7437 226.6673 473.9599 264.7463
18__1__0___0 0.1132 453.4190 520.8034 510.9538 516.4512 514.8906 568.4933 457.3557 572.8455
18__1__0___0 0.0862 364.1998 211.7209 417.6905 197.1934 434.6898 259.7850 381.1990 274.3125
100__1__1536___512 0.1246 429.7413 543.2537 462.0950 521.4265 479.3670 547.0281 447.0133 568.8553
100__1__1536___512 0.1235 519.8809 490.4152 553.0692 463.1424 574.4714 489.1868 541.2831 516.4596
100__1__1536___512 0.0947 454.6074 572.7888 488.7882 561.6129 498.1258 590.1711 463.9449 601.3471
100__1__1536___512 0.0876 567.4337 559.2753 604.2754 532.9080 622.6491 558.5807 585.8074 584.9480
100__1__1536___512 0.0537 356.0165 627.3040 398.8649 603.8195 416.3118 635.6519 373.4634 659.1365
100__1__1024___512 0.1345 941.1439 543.3138 974.7604 521.0999 991.7125 546.7536 958.0959 568.9675
100__1__1024___512 0.0849 965.6741 575.6503 998.3464 559.7269 1011.4484 586.6102 978.7761 602.5336
100__1__1024___512 0.0538 868.0455 627.3756 910.7971 603.8059 928.3005 635.5543 885.5490 659.1240
90__1__3072___1024 0.9724 798.5412 810.9840 843.9006 786.9014 861.1904 819.4666 815.8310 843.5492
90__1__3072___1024 0.9627 665.5559 902.0491 710.0470 878.6716 728.9165 914.5831 684.4254 937.9606
90__1__3072___1024 0.9416 490.6917 929.8543 532.3585 908.2267 552.0455 946.1548 510.3787 967.7825
90__1__3072___1024 0.9200 630.0123 836.5199 665.0984 812.9733 687.0521 845.6858 651.9660 869.2324
90__1__3072___1024 0.8884 536.0071 980.5160 590.1895 982.3627 589.1138 1013.9200 534.9315 1012.0733
87__1__512___1024 0.0637 671.7449 88.1146 716.2197 100.1170 705.8568 138.5169 661.3820 126.5146
586__1__2048___2560 0.0775 425.8461 645.8214 496.5276 664.2503 476.8341 739.7819 406.1526 721.3530
245__1__2048___1536 0.0962 176.7607 776.5788 188.8364 788.2181 175.7954 801.7481 163.7197 790.1088
245__1__2048___1536 0.0549 193.8540 858.4996 210.8235 850.5687 216.9914 863.7659 200.0219 871.6968
245__1__2048___1536 0.0532 181.1050 827.7911 197.2123 822.0851 202.2856 836.4062 186.1784 842.1123
640__1__1024___1024 0.0563 177.7607 352.6295 206.8506 366.7761 190.2049 401.0050 161.1151 386.8585
340__1__1024___512 0.0828 892.8109 364.8221 955.6680 354.2835 967.0078 421.9191 904.1506 432.4577
340__1__1024___512 0.0722 299.5775 109.0596 317.5363 125.5034 301.7906 142.6997 283.8318 126.2559
94__1__2048___0 0.0894 75.9157 13.6079 143.5505 18.1826 138.2867 96.0054 70.6520 91.4307
239__1__1024___512 0.0624 154.1095 460.6975 179.9150 468.8626 169.6610 501.2699 143.8555 493.1048
392__1__2560___1024 0.0767 1.4119 709.2429 17.9963 709.0087 18.4980 744.5375 1.9136 744.7717
274__1__1536___1024 0.4301 86.9445 686.5787 119.3995 678.2316 127.4494 709.5311 94.9944 717.8782
274__1__1536___1024 0.3573 124.5686 671.8027 150.6046 648.6138 172.9422 673.6939 146.9062 696.8828
274__1__1536___1024 0.1673 211.7031 943.5383 242.3770 936.0373 250.0683 967.4896 219.3945 974.9907
274__1__1536___1024 0.1177 118.2991 563.2380 147.3100 547.0560 162.2317 573.8073 133.2208 589.9893
274__1__1536___1024 0.0715 279.4508 903.7898 313.0083 892.4078 322.7250 921.0557 289.1675 932.4376
274__1__1536___1024 0.0704 3.7354 624.3078 30.4587 615.7825 40.2407 646.4453 13.5174 654.9705
274__1__1536___1024 0.0665 268.0731 807.9407 312.3648 781.3149 326.6754 805.1205 282.3838 831.7463
627__1__3072___1024 0.0592 192.1396 1.1193 206.9241 12.5080 197.8261 24.3188 183.0415 12.9301
586__1__1536___2560 0.0623 934.8273 645.4709 1006.1258 660.4713 989.8810 737.6852 918.5825 722.6849
470__1__0___2048 0.1231 488.1029 51.8511 568.6465 50.1671 569.8538 107.9114 489.3102 109.5954
274__1__1024___1536 0.4299 598.9262 174.5186 631.4600 166.2586 639.4094 197.5691 606.8756 205.8291
274__1__1024___1536 0.3587 636.5870 159.8492 662.5784 136.6304 684.9484 161.6715 658.9570 184.8904
274__1__1024___1536 0.1817 630.6074 52.1934 658.2527 33.1380 676.0168 58.9101 648.3716 77.9654
274__1__1024___1536 0.1228 724.0833 431.9510 754.9089 424.2496 762.7365 455.5805 731.9108 463.2819
274__1__1024___1536 0.0707 791.4496 391.7745 825.0411 380.5001 834.6502 409.1300 801.0587 420.4044
274__1__1024___1536 0.0705 526.4261 99.3692 552.7917 118.3703 534.6972 143.4779 508.3316 124.4768
274__1__1024___1536 0.0665 780.0731 295.9407 824.3647 269.3148 838.6755 293.1205 794.3838 319.7463
678__1__2048___3072 0.0549 717.3834 403.7911 771.3040 358.2827 813.2446 407.9758 759.3240 453.4843
620__1__1536___3072 0.1019 881.8129 363.7958 902.8414 356.3883 908.9827 373.8224 887.9542 381.2298
276__1__1536___1024 0.0554 708.9033 230.3412 745.1984 237.6920 736.0607 282.8099 699.7656 275.4591
30__1__3072___2048 0.9793 97.5161 688.9529 131.0677 665.8105 155.4159 701.1105 121.8643 724.2528
30__1__3072___2048 0.9611 368.9359 493.3427 408.6346 482.1091 420.1988 522.9757 380.5001 534.2094
30__1__3072___2048 0.9335 157.0714 849.5734 200.9760 817.2274 226.9370 852.4653 183.0323 884.8113
30__1__3072___2048 0.8982 54.3814 922.5502 88.0950 898.4255 110.3008 929.4576 76.5872 953.5823
30__1__3072___2048 0.8444 140.7213 752.3956 175.9188 733.9017 194.2655 768.8191 159.0681 787.3130
30__1__3072___2048 0.7544 436.2418 545.1111 466.7235 570.2003 441.5855 600.7412 411.1039 575.6520
30__1__3072___2048 0.0674 821.8431 268.1510 863.6543 304.9604 819.9946 354.5527 778.1835 317.7433
30__1__3072___2048 0.0629 860.7438 143.6434 911.3380 111.3646 946.1004 165.8517 895.5063 198.1305
394__1__1024___512 0.1949 4.1829 425.1269 60.2983 424.1536 61.7499 507.8479 5.6345 508.8212
339__1__2048___3072 0.0513 149.2314 30.8315 192.4058 73.2576 152.2465 114.1254 109.0720 71.6993
507__1__3072___2048 0.0554 -4.0574 285.9439 22.0528 283.4396 25.6198 320.6288 -0.4904 323.1331
507__1__3072___2048 0.0502 -2.4570 240.6480 21.4263 237.7232 26.1188 276.0408 2.2355 278.9657
640__1__1024___3072 0.0713 240.9237 5.8077 317.4479 7.3388 316.1422 72.5945 239.6181 71.0634
676__1__2560___1024 0.0529 599.7924 748.8051 634.7808 759.2750 625.4390 790.4938 590.4505 780.0239
640__1__512___1024 0.0563 689.7610 352.6303 718.8495 366.7751 702.2050 401.0041 673.1165 386.8593
314__1__3072___2048 0.0656 119.9257 -2.4390 153.0206 8.5924 145.0137 32.6135 111.9188 21.5821
298__1__512___2048 0.1445 497.8685 639.8869 511.5566 630.0906 519.0209 640.5202 505.3328 650.3165
120__1__0___1536 0.0792 327.4133 831.1743 365.0483 828.1321 368.3254 868.6722 330.6905 871.7145
120__1__0___1536 0.0747 982.1588 2.2232 1012.0787 7.4827 1005.7540 43.4626 975.8340 38.2031
120__1__0___1536 0.0622 294.7983 960.6758 367.2155 984.3923 347.8176 1043.6227 275.4005 1019.9062
300__1__1024___1024 0.3116 445.6063 835.9111 463.7712 844.4105 453.8033 865.7140 435.6384 857.2147
300__1__1024___1024 0.2635 -2.1257 665.3753 27.5943 648.2885 43.6332 676.1856 13.9132 693.2725
300__1__1024___1024 0.1926 300.3828 746.5599 317.2686 751.8176 310.3235 774.1221 293.4377 768.8644
300__1__1024___1024 0.0691 545.6627 892.0957 560.3579 898.3973 550.9756 920.2766 536.2804 913.9750
300__1__1024___1024 0.0655 470.6802 846.9366 486.7547 852.1514 480.1045 872.6508 464.0300 867.4360
300__1__1024___1024 0.0531 276.8294 731.3632 293.3627 738.8853 283.5681 760.4134 267.0348 752.8913
300__1__1024___1024 0.0503 557.6008 812.6475 583.6870 821.2272 574.5773 848.9251 548.4911 840.3455
94__1__0___1024 0.0674 492.4153 401.4227 555.9676 349.5021 610.2202 415.9089 546.6679 467.8295
245__1__1536___1536 0.0962 688.7607 776.5788 700.8364 788.2180 687.7955 801.7481 675.7197 790.1089
245__1__1536___1536 0.0549 705.8541 858.4996 722.8235 850.5687 728.9914 863.7659 712.0220 871.6968
245__1__1536___1536 0.0532 693.1050 827.7912 709.2122 822.0851 714.2856 836.4062 698.1784 842.1123
34__1__512___2560 0.7998 858.0840 981.2497 897.3847 957.9991 908.5678 976.9020 869.2672 1000.1526
276__1__2048___1024 0.0554 196.9033 230.3412 233.1984 237.6919 224.0607 282.8098 187.7656 275.4590
30__1__2560___2560 0.9793 609.5182 176.9458 643.0766 153.8121 667.4157 189.1191 633.8574 212.2528
30__1__2560___2560 0.9705 473.4894 270.4416 506.5457 250.6288 527.3491 285.3380 494.2928 305.1508
30__1__2560___2560 0.9334 669.0713 337.5746 712.9748 305.2272 738.9366 340.4639 695.0331 372.8113
30__1__2560___2560 0.8996 566.3542 410.5334 600.1089 386.4197 622.2877 417.4659 588.5329 441.5796
30__1__2560___2560 0.8444 652.7211 240.3952 687.9193 221.9014 706.2659 256.8193 671.0677 275.3131
30__1__2560___2560 0.7447 924.1332 52.0287 959.4005 33.5458 977.8511 68.7517 942.5839 87.2345
30__1__2560___2560 0.2309 902.8894 -2.2846 922.8065 8.7827 914.5458 23.6490 894.6287 12.5816
507__1__2560___1536 0.0587 498.9630 838.5952 538.8956 858.7252 519.2983 897.6009 479.3657 877.4708
344__1__1024___1536 0.0597 174.1425 266.1084 234.9880 301.4074 203.8997 354.9949 143.0542 319.6958
87__1__512___512 0.0634 671.6462 600.1282 716.1697 612.0405 705.8859 650.4774 661.3624 638.5651
125__1__0___1536 0.0689 51.9790 294.4453 132.6648 248.4420 172.1384 317.6752 91.4526 363.6785
274__1__1536___1536 0.4303 86.9458 174.5730 119.4041 166.2345 127.4450 197.5343 94.9868 205.8729
274__1__1536___1536 0.3592 124.5825 159.8320 150.5768 136.6128 172.9464 161.6560 146.9521 184.8751
274__1__1536___1536 0.1817 118.6071 52.1906 146.2539 33.1387 164.0149 58.9122 136.3681 77.9642
274__1__1536___1536 0.1228 212.0832 431.9510 242.9089 424.2496 250.7364 455.5805 219.9108 463.2818
274__1__1536___1536 0.0707 279.4496 391.7746 313.0411 380.5001 322.6502 409.1299 289.0587 420.4044
274__1__1536___1536 0.0704 3.7591 112.2698 30.5109 103.7996 40.2259 134.4830 13.4741 142.9531
274__1__1536___1536 0.0665 268.0731 295.9407 312.3648 269.3148 326.6755 293.1205 282.3838 319.7463
23__1__1024___0 0.0515 809.6112 623.6728 865.1014 659.8279 836.2548 704.1011 780.7646 667.9460
74__1__1024___3072 0.9882 903.8877 394.9024 944.3329 380.1609 959.1028 420.6839 918.6576 435.4254
74__1__1024___3072 0.9850 944.6760 464.4819 982.8469 442.2058 1003.9278 478.3286 965.7568 500.6047
74__1__1024___3072 0.9829 627.7819 586.6836 657.3547 559.9833 686.8919 592.6984 657.3191 619.3986
74__1__1024___3072 0.9661 544.1469 729.2526 584.2707 719.6124 594.1930 760.9106 554.0692 770.5508
74__1__1024___3072 0.9633 768.3345 493.6630 800.2706 467.9233 827.4683 501.6684 795.5323 527.4081
74__1__1024___3072 0.9500 521.2004 653.6373 551.4050 682.2717 525.1212 709.9969 494.9165 681.3626
74__1__1024___3072 0.9184 672.8220 642.2986 707.4124 622.8359 729.9742 662.9341 695.3839 682.3969
74__1__1024___3072 0.8506 807.7539 557.4128 838.0005 529.4493 868.9462 562.9214 838.6995 590.8849
37__1__512___2048 0.0647 100.8350 302.3524 136.1383 292.7443 145.0384 325.4460 109.7351 335.0541
231__1__1536___1536 0.0739 4.7623 213.4155 35.6322 210.5026 38.8612 244.7221 7.9914 247.6351
290__1__1024___2560 0.2222 430.1503 554.4520 458.8308 562.3069 452.5639 585.1889 423.8835 577.3340
290__1__1024___2560 0.1153 419.9600 704.2622 448.8627 719.3433 435.2967 745.3424 406.3940 730.2614
290__1__1024___2560 0.0932 431.5534 610.1407 445.8266 622.1536 434.2948 635.8552 420.0216 623.8423
616__1__2048___0 0.1382 402.4134 808.6174 465.7202 808.5298 465.8406 895.5994 402.5338 895.6870
616__1__2048___0 0.0889 399.7589 612.8264 465.3676 617.5033 459.4357 700.7177 393.8271 696.0408
681__1__512___2560 0.0648 815.8574 30.3873 900.0229 32.7270 898.2276 97.3104 814.0621 94.9708
94__1__512___1024 0.0757 -4.2418 387.6957 58.5707 357.1203 92.6712 427.1745 29.8587 457.7499
94__1__512___1024 0.0566 11.5890 138.6821 83.1164 144.5429 76.2734 228.0562 4.7461 222.1953
274__1__1024___0 0.0620 805.3020 870.6344 835.5946 859.6786 846.0713 888.6466 815.7787 899.6024
23__1__512___1024 0.1071 547.0550 694.9706 602.5925 694.8603 602.7224 760.2339 547.1848 760.3442
23__1__512___1024 0.1041 575.2803 530.3382 638.0527 529.4785 638.8453 587.3492 576.0729 588.2089
410__1__2048___3072 0.1306 338.3816 546.7141 392.2688 560.5956 372.1516 638.6889 318.2644 624.8074
410__1__2048___3072 0.0771 483.7068 763.5054 541.8552 786.5793 507.8708 872.2236 449.7223 849.1497
376__1__2048___2048 0.2344 393.3107 754.0876 429.6111 757.7664 425.6318 797.0324 389.3314 793.3536
509__1__1536___0 0.0508 612.2220 1002.4840 643.7755 997.0054 648.0076 1021.3799 616.4542 1026.8585
235__1__2048___2048 0.1033 573.4358 431.2872 618.8918 475.1008 565.2871 530.7148 519.8311 486.9011
678__1__2560___2560 0.0611 252.8932 869.4097 300.6265 914.4716 251.9368 966.0478 204.2036 920.9860
446__1__3072___0 0.0810 527.9244 254.0594 552.3420 241.0563 562.9739 261.0211 538.5563 274.0241
446__1__3072___0 0.0579 283.2095 21.5382 309.3071 4.4623 322.8605 25.1762 296.7628 42.2522
167__1__512___3072 0.9805 701.4921 710.6707 736.2126 685.2337 759.4788 716.9910 724.7583 742.4280
235__1__2560___2560 0.0653 710.5013 220.8289 757.7144 195.3274 779.9880 236.5645 732.7750 262.0660
616__1__0___0 0.1147 321.5568 849.1838 352.6454 854.9401 345.8985 891.3787 314.8099 885.6224
410__1__1024___3072 0.1016 951.3343 77.9815 1023.0685 89.9445 1006.1450 191.4237 934.4108 179.4607
87__1__2048___512 0.2427 360.5644 130.6685 407.6033 95.6388 444.6159 145.3405 397.5770 180.3701
87__1__2048___512 0.0620 244.9357 240.0045 302.8785 256.1921 285.1497 319.6514 227.2069 303.4638
434__1__512___0 0.0578 577.5264 133.3290 605.7676 145.1491 593.2622 175.0275 565.0210 163.2074
337__1__1536___1536 0.0656 793.6344 579.7739 812.3532 579.4965 812.6686 600.7802 793.9498 601.0576
30__1__2560___1536 0.3999 890.8372 1002.2656 909.5197 1013.8848 903.1339 1024.1525 884.4514 1012.5333
337__1__512___3072 0.0630 34.3880 247.8037 60.3435 271.7317 27.2652 307.6130 1.3096 283.6850
470__1__512___1536 0.0755 10.4404 555.3920 66.2083 593.4282 36.0573 637.6349 -19.7106 599.5988
470__1__512___1536 0.0635 7.7118 924.9288 61.6189 932.2944 52.5916 998.3631 -1.3156 990.9974
376__1__2048___2560 0.2344 393.3107 242.0876 429.6111 245.7664 425.6317 285.0324 389.3313 281.3536
376__1__2048___2560 0.0913 699.3101 899.6022 767.8174 895.7561 772.1953 973.7338 703.6879 977.5798
337__1__1024___3072 0.0560 555.6784 613.1679 576.0544 620.1500 566.4604 648.1485 546.0844 641.1664
670__1__1536___512 0.0748 -14.0122 5.5743 48.9068 -0.7946 55.8439 67.7375 -7.0750 74.1064
627__1__2560___512 0.0684 694.0949 521.6198 711.9361 510.0428 723.1586 527.3378 705.3174 538.9148
46__1__1024___0 0.1911 329.2329 348.9871 369.7126 325.3817 412.6084 398.9417 372.1288 422.5470
46__1__1024___0 0.0896 552.2300 295.8868 585.4800 273.6341 635.0017 347.6295 601.7517 369.8821
46__1__1024___0 0.0632 193.8478 211.6850 229.3396 184.8292 277.6006 248.6095 242.1089 275.4653
340__1__1536___0 0.0810 384.7155 873.0258 445.7833 868.6481 450.7605 938.0784 389.6927 942.4562
340__1__1536___0 0.0549 -5.2687 361.4158 25.0957 355.0579 35.1532 403.0912 4.7887 409.4491
74__1__2048___2560 0.9880 52.8046 885.2112 89.5920 859.8893 117.6436 900.6426 80.8562 925.9644
300__1__2048___1536 0.0857 244.1820 784.6373 266.1157 797.4040 251.4471 822.6050 229.5135 809.8383
686__1__2560___2560 0.0573 292.7719 -2.4200 400.2815 65.0840 334.9888 169.0717 227.4792 101.5677
670__1__1024___512 0.0646 503.9827 6.2426 566.1315 6.7052 565.6450 72.0599 503.4962 71.5972
448__1__1536___1536 0.0940 -5.2981 687.4347 44.9290 680.5497 54.7579 752.2524 4.5308 759.1375
18__1__512___1024 0.1020 247.3879 337.1670 308.8031 319.5179 323.1912 369.5857 261.7760 387.2347
128__1__2560___1024 0.4023 7.3264 100.0763 43.0201 82.1016 64.7045 125.1619 29.0108 143.1366
128__1__2560___1024 0.0548 132.1013 8.4051 167.2420 0.0222 171.8601 19.3813 136.7195 27.7641
408__1__512___0 0.2375 112.6728 391.9608 169.6279 391.3679 170.2415 450.3107 113.2864 450.9036
408__1__512___0 0.2237 220.6411 710.1176 278.8178 691.3596 295.6269 743.4917 237.4502 762.2497
408__1__512___0 0.0615 255.1610 352.9868 312.7901 342.1794 324.6936 405.6533 267.0644 416.4607
408__1__512___0 0.0562 189.5441 364.8817 245.5626 362.2036 248.9929 433.9572 192.9744 436.6352
408__1__512___0 0.0522 34.0540 731.3333 82.7278 711.1351 104.6264 763.9067 55.9526 784.1049
125__1__0___1024 0.0689 49.4889 812.4959 127.1352 760.8817 173.3444 830.3969 95.6981 882.0111
448__1__1536___2048 0.0940 -5.2980 175.4347 44.9290 168.5497 54.7579 240.2525 4.5308 247.1375
314__1__2560___2048 0.0656 631.9258 -2.4395 665.0203 8.5908 657.0136 32.6134 623.9192 21.5831
17__1__1536___2048 0.1233 939.9482 211.9798 984.3896 178.9999 1022.4985 230.3528 978.0570 263.3326
17__1__1536___2048 0.0846 874.0848 215.6130 925.3675 195.2598 949.6898 256.5433 898.4072 276.8965
253__1__512___2048 0.1073 930.2798 59.1639 942.4838 47.0734 956.2582 60.9773 944.0542 73.0677
253__1__512___2048 0.0874 970.9427 42.5428 988.0217 48.9347 982.4740 63.7581 965.3950 57.3661
470__1__1536___1024 0.0702 336.8581 3.2708 410.8877 6.6236 408.1302 67.5065 334.1006 64.1536
470__1__1536___1024 0.0614 519.2743 4.3728 588.7307 8.2038 585.6660 63.7671 516.2097 59.9362
128__1__2560___512 0.9976 214.2348 357.4111 248.2688 329.3280 278.3922 365.8347 244.3582 393.9178
128__1__2560___512 0.9962 394.7834 318.3055 433.5995 299.8321 452.8161 340.2099 413.9999 358.6833
128__1__2560___512 0.9954 257.0732 416.2264 287.8361 390.5844 318.7994 427.7313 288.0365 453.3733
128__1__2560___512 0.9905 81.6262 450.1566 112.1871 424.9317 139.4605 457.9744 108.8996 483.1993
128__1__2560___512 0.9893 121.7865 516.0204 152.1539 486.6694 185.2056 520.8657 154.8382 550.2167
128__1__2560___512 0.9890 663.3460 137.7435 694.9425 113.2609 723.3344 149.9027 691.7379 174.3853
128__1__2560___512 0.9878 526.1675 237.4987 555.2076 208.7378 587.2164 241.0574 558.1763 269.8182
128__1__2560___512 0.9870 352.0145 258.3179 387.8659 235.4294 414.1315 276.5705 378.2801 299.4590
128__1__2560___512 0.9850 616.4166 78.0630 647.0797 51.1770 676.3116 84.5156 645.6485 111.4016
128__1__2560___512 0.9781 486.0158 165.2659 523.5684 144.6498 545.6369 184.8480 508.0843 205.4641
128__1__2560___512 0.4123 7.3611 612.1188 43.0437 594.1360 64.7189 637.1451 29.0364 655.1279
94__1__512___512 0.0806 -3.2250 896.6368 61.8028 871.1667 90.1050 943.4255 25.0772 968.8955
94__1__512___512 0.0568 11.5961 650.6915 83.1332 656.5477 76.2973 740.0515 4.7602 734.1953
94__1__512___512 0.0528 941.7379 99.2684 1012.9574 99.9690 1012.1973 177.2364 940.9778 176.5358
74__1__1024___2560 0.9878 904.0648 906.5805 944.6469 892.3238 958.9280 932.9754 918.3459 947.2321
74__1__1024___2560 0.9751 943.1541 975.8025 983.5693 954.3679 1003.2848 991.5419 962.8696 1012.9764
74__1__1024___2560 0.7905 774.5735 980.0624 823.0826 986.2750 818.5458 1021.6996 770.0367 1015.4871
74__1__1024___2560 0.0892 969.6404 999.1928 995.8514 1020.5993 980.1559 1039.8175 953.9449 1018.4109
74__1__1024___2560 0.0576 769.7111 1011.1334 791.7289 1009.2836 793.3949 1029.1139 771.3771 1030.9637
23__1__1536___2560 0.0669 15.1838 137.5019 60.5106 118.0497 80.2711 164.0950 34.9443 183.5472
673__1__512___3072 0.0582 624.8474 39.2278 697.2321 44.2155 692.9405 106.4975 620.5557 101.5097
673__1__512___3072 0.0508 789.3364 39.0911 871.8775 39.1614 871.8221 104.2228 789.2809 104.1525
470__1__512___2048 0.1004 -15.3078 74.5028 26.6608 43.2577 65.7682 95.7871 23.7996 127.0322
470__1__512___2048 0.0691 8.7122 412.7863 61.3299 420.4571 51.6595 486.7910 -0.9582 479.1202
470__1__512___2048 0.0662 10.3473 592.1423 67.6050 597.3246 61.6100 663.5615 4.3523 658.3792
30__1__2048___2048 0.5289 995.7098 765.1765 1018.3629 761.9596 1024.0151 801.7631 1001.3621 804.9800
30__1__2048___2048 0.0619 703.1501 959.7906 762.8870 937.4064 781.8845 988.1053 722.1476 1010.4894
30__1__2048___2048 0.0524 1018.2308 760.1099 1030.9435 759.8873 1031.3656 784.0044 1018.6530 784.2269
640__1__512___2560 0.0532 749.3097 511.2982 825.1414 506.4612 830.0563 583.5150 754.2246 588.3520
300__1__512___2048 0.0640 1010.7230 132.6580 1022.1782 131.1070 1025.3450 154.4963 1013.8898 156.0473
235__1__2560___2048 0.0994 7.3074 485.8992 64.4978 435.2058 102.8431 478.4655 45.6527 529.1589
235__1__2560___2048 0.0886 598.7470 367.8687 628.2234 357.1412 639.0142 386.7916 609.5378 397.5191
235__1__2560___2048 0.0653 710.5013 732.8289 757.7144 707.3275 779.9880 748.5646 732.7750 774.0660
363__1__1536___2560 0.0561 -24.9678 29.0432 87.3385 -7.0220 129.0932 123.0014 16.7870 159.0666
679__1__3072___2048 0.1706 5.1166 127.9690 36.0182 125.8686 39.7730 181.1087 8.8714 183.2091
120__1__0___2048 0.0792 327.4135 319.1743 365.0483 316.1321 368.3253 356.6723 330.6905 359.7145
120__1__0___2048 0.0670 259.1353 650.8857 298.6987 646.0175 303.1643 682.3089 263.6008 687.1771
120__1__0___2048 0.0642 268.7239 478.2102 326.3504 439.4142 367.1629 500.0360 309.5364 538.8320
337__1__1536___3072 0.0564 45.9587 612.5867 64.6774 620.2929 52.9070 648.8838 34.1882 641.1776
394__1__2048___0 0.2815 835.9034 517.4731 869.2466 489.7506 926.2844 558.3527 892.9411 586.0753
477__1__1024___512 0.0531 2.1346 403.6355 51.6913 402.0732 54.3639 486.8534 4.8073 488.4157
616__1__1536___512 0.1064 917.1782 296.8991 981.7212 298.8939 979.1448 382.2566 914.6018 380.2618
616__1__1536___512 0.0843 908.0055 102.9612 974.9408 103.9612 973.7056 186.6472 906.7703 185.6472
298__1__2048___2560 0.0639 551.7487 292.2293 567.4833 293.9799 565.5761 311.1225 549.8416 309.3720
298__1__2048___2560 0.0538 11.3071 155.7093 25.3516 161.7925 18.3484 177.9610 4.3039 171.8778
100__1__512___2048 0.6556 55.1713 49.9613 86.9053 22.5280 116.3804 56.6238 84.6463 84.0571
376__1__2560___3072 0.1934 266.1389 871.8976 338.2723 877.5375 332.4010 952.6298 260.2677 946.9898
376__1__2560___3072 0.0676 187.7064 386.2253 255.2377 380.7126 261.7843 460.9091 194.2530 466.4218
376__1__2560___3072 0.0520 241.3760 776.2096 313.1814 766.6725 324.2454 849.9745 252.4400 859.5116
235__1__3072___2560 0.0653 198.5013 220.8289 245.7144 195.3274 267.9880 236.5645 220.7750 262.0660
290__1__512___3072 0.2905 942.6862 42.4365 970.9318 50.6159 964.4187 73.1073 936.1731 64.9279
290__1__512___3072 0.1295 931.7435 192.2610 960.8152 207.1018 947.5010 233.1831 918.4293 218.3422
290__1__512___3072 0.1005 943.6291 98.0932 957.9715 110.1616 946.3675 123.9521 932.0251 111.8838
87__1__1536___512 0.2439 872.5782 130.5257 919.6938 95.6354 956.5867 145.4553 909.4711 180.3456
87__1__1536___512 0.0620 756.9357 240.0045 814.8785 256.1922 797.1496 319.6514 739.2068 303.4637
87__1__1536___512 0.0604 385.3027 671.9767 409.2580 695.0408 382.8929 722.4247 358.9376 699.3606
87__1__1536___512 0.0519 202.0740 781.8558 270.0388 729.8076 318.7193 793.3749 250.7545 845.4231
340__1__1536___512 0.0812 384.7316 360.8311 445.7438 356.4456 450.7423 425.9852 389.7301 430.3707
662__1__1024___2048 0.0724 98.0060 335.7519 139.8769 311.9175 158.4943 344.6235 116.6234 368.4579
394__1__512___0 0.2173 149.7092 -0.9943 185.9325 2.4933 183.7540 25.1198 147.5307 21.6323
394__1__512___0 0.1975 157.5977 75.9714 190.5479 63.3067 207.2547 106.7735 174.3045 119.4382
394__1__512___0 0.1369 430.5558 453.6883 498.6705 453.5001 498.8998 536.4838 430.7852 536.6721
394__1__512___0 0.1185 467.2838 748.4681 537.4772 741.0210 546.1954 823.1949 476.0020 830.6421
394__1__512___0 0.0567 504.4613 938.2457 576.9730 942.6129 572.4183 1018.2363 499.9066 1013.8690
30__1__2560___2048 0.9793 609.5181 688.9461 643.0762 665.8120 667.4158 701.1187 633.8577 724.2529
30__1__2560___2048 0.9705 473.4893 782.4415 506.5456 762.6287 527.3491 797.3379 494.2929 817.1507
30__1__2560___2048 0.9611 880.9785 493.2460 920.7087 482.1481 932.1352 523.0549 892.4050 534.1528
30__1__2560___2048 0.9335 669.0714 849.5736 712.9759 817.2274 738.9370 852.4652 695.0324 884.8114
30__1__2560___2048 0.9013 566.3591 922.5555 600.1023 898.4242 622.2856 929.4435 588.5425 953.5748
30__1__2560___2048 0.8444 652.7211 752.3952 687.9193 733.9013 706.2659 768.8193 671.0677 787.3132
30__1__2560___2048 0.7417 923.1117 569.5220 954.5045 545.3436 978.4730 576.4638 947.0803 600.6423
30__1__2560___2048 0.0619 191.1552 959.7814 250.8978 937.4153 269.8791 988.1168 210.1364 1010.4828
678__1__512___2048 0.4381 809.2303 257.2776 881.0351 263.3629 875.4434 329.3431 803.6386 323.2579
678__1__512___2048 0.3841 719.3757 80.9091 790.6564 80.4842 791.1016 155.1817 719.8209 155.6065
678__1__512___2048 0.3612 729.4506 249.3625 801.0182 265.9516 785.2361 334.0377 713.6685 317.4486
470__1__1024___1024 0.0669 848.7766 3.8397 922.3256 5.8247 920.6795 66.8179 847.1304 64.8329
87__1__1024___512 0.0634 159.6461 600.1283 204.1697 612.0403 193.8860 650.4774 149.3625 638.5654
87__1__1024___512 0.0606 897.5430 672.0129 921.2747 695.2990 894.6731 722.4097 870.9413 699.1237
87__1__1024___512 0.0520 714.0820 781.8483 782.0190 729.8096 830.7026 793.3665 762.7655 845.4052
678__1__1024___1024 0.0719 272.6327 560.9979 362.4566 567.7492 357.7042 630.9785 267.8803 624.2272
678__1__1024___1024 0.0580 223.9088 954.3511 259.9080 948.2966 264.3215 974.5390 228.3223 980.5935
245__1__2560___512 0.1422 866.8618 258.8401 883.1734 254.9743 887.0748 271.4359 870.7631 275.3018
245__1__2560___512 0.0630 904.4703 284.4519 920.6514 294.6174 910.4026 310.9311 894.2215 300.7656
454__1__1024___2560 0.0555 301.4703 167.1002 330.9932 163.2840 334.0038 186.5742 304.4809 190.3905
37__1__512___1536 0.0647 100.8355 814.3521 136.1391 804.7449 145.0382 837.4465 109.7346 847.0536
620__1__2048___3072 0.1019 369.8116 363.7977 390.8394 356.3868 396.9834 373.8197 375.9556 381.2307
314__1__0___2560 0.0831 695.2967 273.3246 739.0490 307.2501 710.5851 343.9588 666.8328 310.0333
314__1__0___2560 0.0795 507.1166 450.6291 559.6483 457.0907 553.2319 509.2552 500.7002 502.7936
314__1__0___2560 0.0670 297.6965 412.2515 344.9872 442.5605 315.8641 488.0009 268.5734 457.6920
339__1__2560___1024 0.0922 3.0452 481.8410 44.3890 481.2459 45.2124 538.4575 3.8687 539.0525
461__1__2048___3072 0.8506 108.9126 794.6971 146.4558 765.4659 181.5224 810.5038 143.9792 839.7350
640__1__1024___2560 0.0532 237.3212 511.2938 313.1540 506.4632 318.0628 583.5238 242.2300 588.3544
276__1__1536___512 0.0554 708.9033 742.3411 745.1984 749.6919 736.0607 794.8099 699.7656 787.4591
34__1__512___3072 0.9833 358.4443 901.7925 392.1157 877.6988 411.9238 905.3809 378.2525 929.4747
34__1__512___3072 0.9587 451.9340 738.3652 482.6577 720.2531 503.2530 755.1891 472.5293 773.3013
34__1__512___3072 0.9470 629.3769 720.6505 666.7651 695.4232 682.4420 718.6570 645.0538 743.8843
34__1__512___3072 0.8645 315.8622 836.0379 346.8073 814.5411 366.1704 842.4147 335.2253 863.9116
34__1__512___3072 0.7982 636.8438 821.6008 663.1540 802.5054 687.0660 835.4521 660.7558 854.5475
34__1__512___3072 0.7713 858.1816 468.4843 897.7148 445.9448 908.6671 465.1544 869.1338 487.6939
34__1__512___3072 0.6340 900.8909 530.5308 940.4119 511.2675 951.4536 533.9206 911.9326 553.1840
34__1__512___3072 0.5967 432.4513 946.8610 461.4887 930.2844 467.1625 940.2232 438.1251 956.7999
34__1__512___3072 0.5229 545.0139 884.7707 572.9406 881.0004 575.5702 900.4778 547.6436 904.2482
34__1__512___3072 0.3440 435.4393 852.5533 458.9599 835.5593 473.6898 855.9463 450.1692 872.9403
34__1__512___3072 0.1142 233.1330 995.9832 269.3913 979.4180 283.3625 1009.9984 247.1042 1026.5636
34__1__512___3072 0.1011 207.1918 962.2816 243.6790 939.9792 258.5468 964.3033 222.0596 986.6057
34__1__512___3072 0.0774 69.0042 1013.2108 94.9794 1002.9430 101.9569 1020.5945 75.9817 1030.8623
34__1__512___3072 0.0725 636.9326 820.7302 649.7559 830.3640 641.5978 841.2231 628.7745 831.5894
509__1__2048___512 0.0729 89.4182 572.5974 101.1413 571.2331 103.0291 587.4551 91.3060 588.8194
178__1__2560___2560 0.2237 220.6411 198.1177 278.8177 179.3595 295.6269 231.4916 237.4503 250.2498
178__1__2560___2560 0.0522 34.0540 219.3333 82.7277 199.1351 104.6264 251.9067 55.9527 272.1049
655__1__0___1024 0.0509 695.7003 725.4130 721.5272 741.8136 708.1425 762.8912 682.3156 746.4906
673__1__1024___3072 0.0581 112.8806 39.2190 185.2502 44.2683 180.9033 106.5712 108.5336 101.5218
673__1__1024___3072 0.0508 277.3138 39.0882 359.8724 39.1174 359.8493 104.1791 277.2907 104.1498
100__1__0___2048 0.9888 436.0203 146.8941 469.4161 120.9633 493.2898 151.7097 459.8940 177.6406
100__1__0___2048 0.9751 394.9179 76.4291 426.0988 57.0278 447.0025 90.6233 415.8216 110.0246
100__1__0___2048 0.9723 261.2268 175.8456 294.9368 153.1384 314.8680 182.7272 281.1580 205.4345
100__1__0___2048 0.9647 307.7910 235.1895 341.2675 216.8415 357.8836 247.1583 324.4072 265.5062
100__1__0___2048 0.9479 128.4540 270.6328 159.9341 247.1773 179.5378 273.4877 148.0577 296.9432
100__1__0___2048 0.8480 169.7122 336.4741 199.0162 312.3185 220.3259 338.1700 191.0219 362.3256
100__1__0___2048 0.6595 567.1496 49.7435 599.1317 22.4776 628.3882 56.7947 596.4061 84.0606
448__1__1536___0 0.0520 -10.2290 844.6033 66.5649 835.3805 73.0627 889.4847 -3.7312 898.7075
10__1__1024___2560 0.0615 9.5392 875.4821 43.6847 879.5984 38.4680 922.8724 4.3225 918.7560
120__1__0___1024 0.0640 979.7772 515.3712 1013.7933 517.2223 1011.7934 553.9720 977.7772 552.1208
10__1__2048___2048 0.1455 681.3521 82.9852 723.1964 55.7999 768.9260 126.1879 727.0817 153.3732
10__1__2048___2048 0.0529 904.8638 31.6193 938.3950 0.4185 992.0475 58.0783 958.5162 89.2792
274__1__512___512 0.2380 865.1034 881.0270 905.4442 851.4060 927.6927 881.7062 887.3520 911.3273
124__1__3072___1024 0.1229 792.8728 479.4722 820.8941 483.6371 816.3289 514.3513 788.3076 510.1864
304__1__2560___2560 0.0580 469.7238 658.9504 495.3845 673.0091 477.2927 706.0314 451.6320 691.9727
392__1__2048___1536 0.2326 455.3384 181.5538 528.1259 177.9143 532.2155 259.7017 459.4280 263.3412
231__1__1536___1024 0.0739 4.7624 725.4155 35.6322 722.5026 38.8612 756.7222 7.9914 759.6351
235__1__3072___2048 0.0884 86.7629 367.8448 116.2344 357.1549 126.9932 386.8164 97.5217 397.5063
235__1__3072___2048 0.0653 198.5013 732.8289 245.7144 707.3275 267.9880 748.5645 220.7750 774.0660
23__1__1536___512 0.0515 297.9456 111.5771 353.0291 148.2211 323.8204 192.1277 268.7369 155.4838
298__1__1024___2048 0.0548 -4.7271 634.7448 2.5653 634.2363 3.1661 642.8525 -4.1263 643.3610
345__1__512___512 0.0698 600.6933 360.9884 666.9768 383.5689 641.7966 457.4836 575.5131 434.9031
345__1__512___512 0.0627 816.2161 869.8789 890.0422 906.0311 860.4419 966.4777 786.6157 930.3255
345__1__512___512 0.0540 928.7091 905.7259 996.0449 943.7165 962.6187 1002.9622 895.2828 964.9716
120__1__0___2560 0.0671 259.1329 138.8882 298.6980 134.0158 303.1671 170.3061 263.6020 175.1785
392__1__2560___2048 0.0822 63.8992 425.3837 134.8538 428.2198 131.4848 512.5056 60.5302 509.6694
337__1__0___2048 0.0727 102.0899 917.2012 126.5632 924.7457 114.8953 962.5953 90.4220 955.0508
87__1__1536___1024 0.0604 385.3046 159.9760 409.2590 183.0389 382.8936 210.4234 358.9392 187.3605
87__1__1536___1024 0.0519 202.0677 269.8713 270.0192 217.8085 318.7181 281.3697 250.7666 333.4324
342__1__0___512 0.0844 868.6492 975.1114 911.1680 1004.5678 886.9453 1039.5320 844.4265 1010.0756
507__1__3072___512 0.0695 2.5172 433.1330 17.6591 433.0309 17.7944 453.1017 2.6525 453.2037
10__1__2560___1536 0.1394 165.6123 592.5118 208.7268 563.3038 257.3332 635.0529 214.2187 664.2609
394__1__512___1536 0.1303 618.1365 -14.0013 659.7796 -0.3320 639.4177 61.7001 597.7746 48.0308
394__1__512___1536 0.1004 648.1460 370.2450 719.5626 362.6129 728.8610 449.6222 657.4443 457.2542
94__1__1536___0 0.0915 597.7134 8.1087 658.1083 29.2264 632.8668 101.4147 572.4719 80.2970
94__1__1536___0 0.0816 328.0381 5.5583 414.2068 -1.1562 420.1516 75.1359 333.9830 81.8504
94__1__1536___0 0.0504 152.0360 914.5906 221.6805 854.1697 283.0189 924.8718 213.3745 985.2927
678__1__512___1024 0.0717 784.6351 561.0167 874.4473 567.7050 869.7357 630.9751 779.9234 624.2869
678__1__512___1024 0.0580 735.9087 954.3511 771.9080 948.2966 776.3215 974.5390 740.3223 980.5935
125__1__2048___2560 0.0888 12.6021 325.6499 73.7831 326.2823 72.9650 405.4208 11.7840 404.7883
457__1__0___512 0.0681 720.7232 550.2382 809.8987 556.9886 804.7236 625.3545 715.5480 618.6040
382__1__2560___2560 0.0695 656.8961 228.7381 715.9588 228.9400 715.7253 297.2880 656.6625 297.0862
298__1__1024___2560 0.0543 -4.7158 122.7601 2.5672 122.2286 3.1957 130.8408 -4.0873 131.3723
327__1__2560___1536 0.0666 726.6080 218.4587 746.9509 216.1462 748.6517 231.1081 728.3088 233.4206
339__1__1536___1024 0.0680 380.7685 957.6620 439.9021 940.0616 458.6920 1003.1920 399.5583 1020.7924
360__1__1024___1536 0.0807 8.2554 795.3311 56.2795 796.9604 53.5878 876.2982 5.5636 874.6688
509__1__2048___0 0.0507 100.2202 1002.4984 131.7833 997.0065 136.0290 1021.4076 104.4659 1026.8995
509__1__2048___0 0.0501 876.4598 542.4092 893.2426 542.9880 892.5065 564.3303 875.7238 563.7515
408__1__512___512 0.2237 220.6411 198.1177 278.8177 179.3595 295.6269 231.4916 237.4503 250.2498
408__1__512___512 0.0522 34.0540 219.3333 82.7277 199.1351 104.6264 251.9067 55.9527 272.1049
376__1__1536___2048 0.2334 905.1356 754.2204 941.4508 757.6471 937.7448 796.9225 901.4296 793.4958
649__1__2048___2048 0.1011 7.2996 677.2480 28.8289 681.6146 23.6088 707.3528 2.0794 702.9863
649__1__2048___2048 0.0552 11.6471 516.8459 38.1187 511.5534 43.3992 537.9655 16.9277 543.2580
477__1__1024___0 0.0510 1.2374 918.3236 50.9450 916.1571 54.6097 1000.2402 4.9022 1002.4067
245__1__1536___2048 0.0962 688.7608 264.5789 700.8364 276.2181 687.7953 289.7481 675.7197 278.1089
245__1__1536___2048 0.0549 705.8538 346.4992 722.8237 338.5686 728.9915 351.7664 712.0216 359.6970
245__1__1536___2048 0.0532 693.1050 315.7913 709.2122 310.0851 714.2856 324.4062 698.1784 330.1124
344__1__512___1536 0.0686 37.6288 67.7481 99.4687 51.3943 117.8286 120.8202 55.9888 137.1740
344__1__512___1536 0.0592 686.1415 266.1025 746.9377 301.3008 715.9230 354.8711 655.1267 319.6728
340__1__1536___1024 0.1105 91.5393 3.6618 125.3475 11.5573 117.4772 45.2579 83.6690 37.3624
314__1__512___2048 0.1397 57.3254 929.9664 85.4425 953.8959 47.9971 997.8943 19.8799 973.9648
314__1__512___2048 0.0832 183.2935 785.3250 227.0482 819.2513 198.5871 855.9574 154.8325 822.0310
673__1__2560___512 0.1253 137.8881 975.0482 183.8185 983.5266 175.6816 1027.6069 129.7512 1019.1286
649__1__2048___2560 0.1977 8.8978 12.8863 33.1588 -0.8685 45.0497 20.1049 20.7887 33.8597
649__1__2048___2560 0.1011 7.2994 165.2481 28.8289 169.6144 23.6090 195.3526 2.0795 190.9863
300__1__1536___2048 0.0857 756.1821 272.6373 778.1157 285.4041 763.4471 310.6050 741.5134 297.8383
300__1__1536___2048 0.0579 906.2397 512.4610 921.4918 518.0564 914.2781 537.7198 899.0260 532.1244
300__1__1536___2048 0.0577 881.1158 496.8138 897.9850 501.4727 892.1622 522.5563 875.2930 517.8975
392__1__2048___0 0.9283 122.0565 874.5938 160.4766 870.2385 165.1569 911.5260 126.7368 915.8812
392__1__2048___0 0.5535 127.6980 963.4642 163.9676 950.1213 180.0521 993.8434 143.7826 1007.1863
392__1__2048___0 0.1232 0.3208 960.9792 27.4326 949.5701 42.9940 986.5490 15.8823 997.9581
382__1__1024___2048 0.1021 748.1301 556.9673 806.6042 569.1090 788.6059 655.7882 730.1318 643.6465
382__1__1024___2048 0.0607 908.1173 680.4734 960.9565 694.0037 939.1508 779.1612 886.3115 765.6309
382__1__1024___2048 0.0514 973.2516 296.0291 1028.7054 304.6271 1014.7346 394.7332 959.2808 386.1352
678__1__2560___1536 0.0978 177.7188 44.7051 233.9680 10.1906 264.7207 60.3092 208.4715 94.8237
678__1__2560___1536 0.0816 198.7654 737.7438 257.8501 743.4670 249.9557 824.9669 190.8710 819.2437
678__1__2560___1536 0.0721 431.5806 453.9143 497.5283 441.1490 509.3632 502.2896 443.4154 515.0550
314__1__512___2560 0.0832 183.2930 273.3251 227.0481 307.2507 198.5877 343.9573 154.8325 310.0317
314__1__512___2560 0.0799 18.5958 448.1443 64.9234 422.1195 84.2666 456.5532 37.9390 482.5779
640__1__1024___1536 0.1121 216.8835 826.2951 302.7876 823.6940 304.7438 888.2983 218.8396 890.8994
34__1__1024___3072 0.9470 117.3778 720.6510 154.7649 695.4247 170.4409 718.6576 133.0539 743.8839
34__1__1024___3072 0.7982 124.8438 821.6009 151.1537 802.5056 175.0659 835.4522 148.7559 854.5475
34__1__1024___3072 0.7713 346.1816 468.4846 385.7147 445.9446 396.6670 465.1539 357.1339 487.6939
34__1__1024___3072 0.6349 388.8916 530.5196 428.4221 511.2596 439.4649 533.9245 399.9344 553.1845
34__1__1024___3072 0.4899 35.2553 885.2692 61.0004 881.0360 63.9762 899.1336 38.2311 903.3668
34__1__1024___3072 0.3878 520.6614 437.3969 553.7209 411.6515 578.2332 443.1275 545.1737 468.8730
34__1__1024___3072 0.1206 489.2660 378.9164 515.7648 359.7199 531.7698 381.8132 505.2709 401.0096
34__1__1024___3072 0.0774 608.3189 276.9807 651.4256 253.0016 672.4367 290.7730 629.3300 314.7520
34__1__1024___3072 0.0746 894.0422 174.8524 941.8078 145.3852 965.1259 183.1833 917.3603 212.6504
34__1__1024___3072 0.0723 124.9553 820.7216 137.7664 830.3806 129.5902 841.2252 116.7790 831.5662
23__1__1536___0 0.0518 297.6318 623.7001 353.1343 659.8729 324.2864 704.1364 268.7839 667.9636
94__1__1024___512 0.0582 416.0797 133.2269 479.9230 79.7261 533.7538 143.9633 469.9105 197.4641
670__1__1536___0 0.0556 -2.1407 510.0722 58.7767 518.1209 49.9702 584.7742 -10.9473 576.7255
100__1__0___1024 0.9407 714.0905 968.1177 753.3320 963.0624 758.3362 1001.9083 719.0948 1006.9636
100__1__0___1024 0.0655 713.7806 1012.5125 737.5249 996.4885 758.3491 1027.3455 734.6047 1043.3695
662__1__2048___0 0.0654 929.3673 438.3085 993.7906 482.6865 956.6422 536.6147 892.2189 492.2368
274__1__512___1024 0.2387 865.0563 369.0706 905.4456 339.3505 927.7267 369.6304 887.3375 399.3504
446__1__2048___0 0.0584 892.7057 88.4654 920.1377 73.5304 931.3274 94.0833 903.8954 109.0182
34__1__0___3072 0.9833 870.4460 901.7918 904.1182 877.7008 923.9240 905.3836 890.2518 929.4746
34__1__0___3072 0.9387 964.2075 737.3127 996.3130 720.7257 1014.1669 755.2834 982.0613 771.8704
34__1__0___3072 0.8645 827.8622 836.0380 858.8073 814.5411 878.1704 842.4147 847.2253 863.9115
34__1__0___3072 0.5858 944.7427 946.4734 973.3431 930.1621 979.0627 940.1908 950.4623 956.5021
34__1__0___3072 0.4140 947.8684 851.3316 972.2886 836.8644 984.4116 857.3277 959.9914 871.7949
34__1__0___3072 0.1142 745.1330 995.9832 781.3913 979.4180 795.3625 1009.9984 759.1042 1026.5636
34__1__0___3072 0.1011 719.1918 962.2816 755.6789 939.9792 770.5468 964.3033 734.0596 986.6057
34__1__0___3072 0.0766 580.9911 1013.3134 606.9327 1002.9366 613.9971 1020.5971 588.0554 1030.9739
34__1__0___3072 0.0595 1007.8246 724.4295 1039.3439 735.9899 1029.5208 762.7725 998.0015 751.2121
274__1__1024___1024 0.4297 598.9249 686.5237 631.4556 678.2557 639.4135 709.5662 606.8828 717.8341
274__1__1024___1024 0.3568 636.5734 671.8199 662.6061 648.6316 684.9442 673.7097 658.9114 696.8979
274__1__1024___1024 0.2389 353.0542 369.0627 393.4507 339.3620 415.7179 369.6479 375.3215 399.3487
274__1__1024___1024 0.1673 723.7031 943.5383 754.3769 936.0373 762.0684 967.4896 731.3946 974.9907
274__1__1024___1024 0.1181 630.3017 563.2498 659.3036 547.0545 674.2364 573.7957 645.2344 589.9909
274__1__1024___1024 0.0715 791.4508 903.7899 825.0083 892.4078 834.7251 921.0556 801.1676 932.4377
274__1__1024___1024 0.0706 526.4230 611.3694 552.7907 630.3624 534.6962 655.4828 508.3285 636.4899
274__1__1024___1024 0.0665 780.0730 807.9407 824.3647 781.3149 838.6754 805.1205 794.3837 831.7463
448__1__2560___3072 0.0545 320.3445 677.2906 379.4058 650.4802 404.7719 706.3596 345.7106 733.1701
507__1__1536___512 0.0913 760.9244 956.9884 812.1870 955.1711 813.4455 990.6714 762.1829 992.4886
649__1__1536___2048 0.0781 526.6718 513.2520 554.0767 514.1771 553.1569 541.4222 525.7521 540.4971
676__1__2560___1536 0.0529 599.7924 236.8051 634.7808 247.2750 625.4390 278.4938 590.4505 268.0239
282__1__0___1024 0.0516 417.1994 802.0663 435.7065 784.6891 454.0898 804.2678 435.5827 821.6450
457__1__2048___1024 0.0675 36.8980 6.7890 115.0805 7.9399 114.2306 65.6728 36.0481 64.5219
448__1__1536___512 0.0565 -7.6646 493.7800 69.8686 487.9439 74.4179 548.3816 -3.1154 554.2177
448__1__1536___512 0.0515 -9.9356 332.8465 66.6962 323.3414 73.3957 377.3536 -3.2361 386.8587
100__1__1536___1024 0.0986 454.9999 61.4674 486.6240 47.5456 499.0543 75.7815 467.4301 89.7033
100__1__1536___1024 0.0973 430.2077 34.3463 458.0651 10.1010 477.8373 32.8189 449.9799 57.0642
100__1__1536___1024 0.0819 569.0285 44.0406 608.4287 20.0047 624.9642 47.1100 585.5640 71.1459
100__1__1536___1024 0.0526 356.0017 115.5982 398.6828 91.6358 416.4526 123.2869 373.7715 147.2493
655__1__512___1024 0.0509 183.7003 725.4130 209.5272 741.8136 196.1425 762.8912 170.3156 746.4906
410__1__3072___3072 0.2742 612.7450 499.3752 671.0275 487.5692 684.7134 555.1316 626.4308 566.9377
128__1__3072___0 0.9890 151.3476 649.7473 182.9465 625.2639 211.3338 661.9012 179.7350 686.3847
128__1__3072___0 0.9865 14.6674 748.5370 44.9787 721.1769 74.7731 754.1850 44.4619 781.5452
128__1__3072___0 0.9857 104.4460 590.1411 135.1066 563.1657 164.3653 596.4216 133.7047 623.3969
128__1__3072___0 0.0537 -15.1029 752.7384 2.3028 739.4660 19.6975 762.2778 2.2918 775.5502
34__1__1024___2560 0.7998 346.0840 981.2506 385.3840 957.9987 396.5675 976.9009 357.2675 1000.1528
34__1__1024___2560 0.4435 520.7517 948.9988 554.0047 923.7169 578.1569 955.4839 544.9039 980.7659
34__1__1024___2560 0.1205 489.2680 890.9139 515.7693 871.7202 531.7697 893.8124 505.2683 913.0061
34__1__1024___2560 0.0774 608.3189 788.9807 651.4256 765.0016 672.4368 802.7729 629.3301 826.7521
34__1__1024___2560 0.0746 894.0425 686.8510 941.8085 657.3857 965.1254 695.1847 917.3595 724.6499
681__1__2048___1024 0.0868 761.7881 939.2328 791.9307 921.9638 810.9269 955.1213 780.7844 972.3903
100__1__512___1024 0.9407 202.0907 968.1175 241.3321 963.0625 246.3362 1001.9085 207.0947 1006.9635
100__1__512___1024 0.0655 201.7806 1012.5124 225.5250 996.4885 246.3490 1027.3456 222.6046 1043.3695
454__1__1024___2048 0.0555 301.4699 679.1008 330.9927 675.2834 334.0042 698.5736 304.4814 702.3911
87__1__1024___1024 0.0637 159.7448 88.1147 204.2197 100.1168 193.8569 138.5169 149.3821 126.5148
87__1__1024___1024 0.0606 897.5469 160.0119 921.2758 183.3002 894.6705 210.4088 870.9417 187.1205
87__1__1024___1024 0.0520 714.0758 269.8642 781.9984 217.8114 830.7003 281.3615 762.7778 333.4143
31__1__0___2560 0.0516 629.9623 390.0050 652.9182 412.5868 631.4434 434.4174 608.4875 411.8356
337__1__2048___2048 0.0673 281.1199 68.2243 299.8038 67.0180 301.1751 88.2580 282.4912 89.4643
17__1__2560___2560 0.1020 247.3874 849.1642 308.8071 831.5217 323.1900 881.5935 261.7703 899.2360
670__1__512___3072 0.0682 69.1163 640.4843 119.2555 654.0755 100.1478 724.5657 50.0086 710.9745
125__1__512___512 0.0992 -3.0481 24.0149 47.3528 0.4883 82.6303 76.0634 32.2294 99.5900
457__1__1536___1024 0.0594 550.9809 4.4114 628.0204 7.6982 625.4951 66.8912 548.4555 63.6044
686__1__2048___2560 0.0569 805.9163 -1.5907 912.9713 64.6381 848.2448 169.2646 741.1899 103.0358
620__1__2048___2560 0.1019 369.8114 875.7974 390.8397 868.3859 396.9842 885.8193 375.9560 893.2308
376__1__1536___2560 0.2334 905.1356 242.2204 941.4508 245.6471 937.7448 284.9226 901.4296 281.4959
94__1__0___512 0.0753 496.1269 897.5834 571.3182 864.8243 605.3864 943.0203 530.1951 975.7794
340__1__1024___1024 0.1138 603.1730 3.8894 637.0635 11.1553 629.8107 44.9849 595.9202 37.7190
245__1__2560___0 0.1422 866.8617 770.8401 883.1734 766.9742 887.0748 783.4359 870.7631 787.3018
245__1__2560___0 0.0630 904.4704 796.4519 920.6514 806.6175 910.4025 822.9312 894.2215 812.7656
337__1__512___2560 0.0630 34.3880 759.8038 60.3435 783.7318 27.2652 819.6130 1.3096 795.6850
394__1__2560___512 0.1247 457.1716 157.9011 491.8662 133.2177 543.9491 206.4247 509.2544 231.1081
394__1__2560___512 0.0856 340.7823 17.1260 370.1533 -0.5617 405.5109 58.1506 376.1400 75.8383
525__1__2048___2048 0.0657 538.0881 285.0582 583.9457 284.0632 584.7518 321.2139 538.8942 322.2089
342__1__512___1024 0.0658 43.7647 571.2519 108.5174 568.5740 111.5296 641.4096 46.7768 644.0875
342__1__512___1024 0.0592 685.1405 780.2307 747.1934 813.1925 718.5482 867.1193 656.4953 834.1575
342__1__512___1024 0.0506 64.0738 131.6868 116.2931 164.8150 73.9520 231.5564 21.7327 198.4282
18__1__0___1024 0.1020 759.3877 337.1672 820.8028 319.5177 835.1913 369.5853 773.7762 387.2349
676__1__3072___1536 0.0528 87.8040 237.1074 122.7049 247.1955 113.6553 278.5035 78.7544 268.4153
239__1__512___512 0.0624 666.1129 460.6960 691.9162 468.8618 681.6599 501.2712 655.8565 493.1055
314__1__2048___2048 0.0643 23.7138 902.6703 63.7561 932.4051 35.9826 969.8063 -4.0597 940.0715
470__1__0___1536 0.0864 490.1155 561.1465 571.0773 564.9631 568.3788 622.2089 487.4169 618.3924
90__1__2560___2048 0.9664 783.6819 156.4784 825.3312 136.3790 843.6487 174.3360 801.9994 194.4354
90__1__2560___2048 0.9232 738.8400 92.2199 780.1729 70.6790 800.3799 109.4522 759.0469 130.9932
18__1__512___512 0.1020 247.3874 849.1642 308.8071 831.5217 323.1900 881.5935 261.7703 899.2360
340__1__512___0 0.0721 811.5947 621.0539 829.5387 637.5137 813.7723 654.7017 795.8284 638.2419
434__1__1536___2048 0.0759 440.7233 835.0507 498.7953 834.0560 500.0112 905.0410 441.9392 906.0357
17__1__1536___1536 0.1232 939.9329 723.9935 984.3615 690.9943 1022.4944 742.3345 978.0659 775.3337
17__1__1536___1536 0.0846 874.0832 727.6358 925.3636 707.2666 949.7028 768.5416 898.4224 788.9108
470__1__2048___1024 0.0651 -0.8041 422.6355 26.8578 421.0465 29.4504 466.1776 1.7884 467.7666
470__1__2048___1024 0.0503 7.6550 8.9937 76.2668 4.4691 79.7227 56.8736 11.1109 61.3982
360__1__1024___2048 0.0805 8.2830 283.3102 56.2899 284.9607 53.5621 364.3015 5.5553 362.6510
360__1__1024___2048 0.0583 234.2627 20.5536 286.7264 36.6063 261.7789 118.1400 209.3152 102.0873
100__1__0___1536 0.9888 436.0170 658.8591 469.4422 632.9578 493.2924 663.7360 459.8671 689.6373
100__1__0___1536 0.9756 395.0224 588.1096 426.5676 569.1144 446.9568 602.9748 415.4116 621.9700
100__1__0___1536 0.9723 261.2267 687.8456 294.9368 665.1383 314.8681 694.7273 281.1580 717.4346
100__1__0___1536 0.9647 307.7910 747.1895 341.2675 728.8416 357.8836 759.1583 324.4072 777.5062
100__1__0___1536 0.9479 128.4540 782.6328 159.9341 759.1772 179.5377 785.4877 148.0577 808.9432
100__1__0___1536 0.9412 708.9222 465.3362 740.7711 446.7871 761.8917 483.0515 730.0428 501.6005
100__1__0___1536 0.8480 169.7122 848.4741 199.0162 824.3185 220.3259 850.1700 191.0219 874.3256
100__1__0___1536 0.6386 567.3087 561.3118 599.6385 534.5408 628.4451 569.3287 596.1152 596.0997
507__1__2048___1024 0.0628 245.7851 446.4385 297.4225 441.5639 300.7580 476.8972 249.1206 481.7718
679__1__2560___2048 0.2226 514.4376 123.0687 558.7976 141.8183 537.8967 191.2684 493.5366 172.5188
679__1__2560___2048 0.0918 346.7055 87.4405 387.9894 75.7984 403.1590 129.5911 361.8751 141.2333
679__1__2560___2048 0.0565 237.7007 147.5642 278.0384 132.3035 297.8430 184.6519 257.5053 199.9126
681__1__2560___1536 0.0750 250.1684 426.3786 280.5419 410.0936 298.7370 444.0296 268.3635 460.3146
300__1__1024___1536 0.3116 445.6063 323.9111 463.7712 332.4105 453.8033 353.7140 435.6384 345.2146
300__1__1024___1536 0.2633 -2.1337 153.4112 27.5657 136.2793 43.6439 164.1522 13.9445 181.2841
300__1__1024___1536 0.1926 300.3828 234.5599 317.2686 239.8177 310.3235 262.1221 293.4377 256.8644
300__1__1024___1536 0.0691 545.6606 380.0953 560.3570 386.3952 550.9771 408.2767 536.2807 401.9768
300__1__1024___1536 0.0655 470.6802 334.9366 486.7547 340.1514 480.1044 360.6508 464.0299 355.4361
300__1__1024___1536 0.0531 276.8293 219.3633 293.3627 226.8854 283.5681 248.4134 267.0348 240.8913
300__1__1024___1536 0.0503 557.6008 300.6477 583.6870 309.2274 574.5775 336.9249 548.4912 328.3452
457__1__512___1024 0.1103 209.5709 35.8393 298.5215 44.8914 291.4911 113.9756 202.5405 104.9235
525__1__2048___1536 0.0657 538.0881 797.0582 583.9457 796.0632 584.7518 833.2139 538.8942 834.2089
345__1__1536___1024 0.1573 113.9825 492.5357 163.4889 501.1255 153.8541 556.6545 104.3477 548.0647
345__1__1536___1024 0.0995 64.4013 287.3294 124.9356 259.4456 157.2312 329.5578 96.6969 357.4415
345__1__1536___1024 0.0813 755.6374 163.1791 769.2358 167.8326 763.6693 184.0991 750.0709 179.4457
23__1__512___1536 0.1298 585.5601 11.0958 641.2857 20.1652 631.4902 80.3528 575.7646 71.2835
23__1__512___1536 0.1075 546.9977 183.0202 602.5901 182.8172 602.8287 248.1174 547.2363 248.3205
23__1__512___1536 0.0541 875.1042 767.4511 941.7654 745.0021 959.4628 797.5534 892.8016 820.0024
678__1__2048___1536 0.0978 689.7201 44.7377 745.9504 10.1944 776.7289 60.2963 720.4985 94.8396
678__1__2048___1536 0.0817 710.7521 737.7467 769.8440 743.4615 761.9609 824.9741 702.8690 819.2593
678__1__2048___1536 0.0769 940.3840 457.2878 1007.1115 438.0568 1024.3525 497.8796 957.6249 517.1105
34__1__2048___3072 0.6495 25.8367 86.8919 50.9779 67.5671 60.5496 80.0196 35.4084 99.3444
34__1__2048___3072 0.1154 2.1009 5.9537 13.3021 5.6930 13.6099 18.9132 2.4086 19.1740
674__1__1024___0 0.0501 204.4608 0.5420 270.9666 5.8365 265.9974 68.2567 199.4916 62.9622
681__1__2560___1024 0.0868 249.7881 939.2328 279.9306 921.9638 298.9269 955.1213 268.7845 972.3903
18__1__0___512 0.1020 759.3873 849.1644 820.8068 831.5214 835.1901 881.5933 773.7706 899.2363
18__1__0___512 0.0755 452.3461 16.7217 503.1227 1.2837 519.4507 54.9877 468.6741 70.4257
74__1__2048___3072 0.9880 52.8044 373.2113 89.5918 347.8891 117.6442 388.6428 80.8568 413.9650
392__1__2560___1536 0.1146 0.1790 477.6353 57.7611 469.7099 68.8855 550.5350 11.3034 558.4604
392__1__2560___1536 0.0767 1.4119 197.2428 17.9963 197.0087 18.4980 232.5376 1.9136 232.7718
382__1__2560___2048 0.0695 656.8859 740.7491 715.9501 740.9290 715.7419 809.2796 656.6777 809.0997
345__1__1024___1024 0.1567 626.3436 492.3377 675.7655 501.3770 665.6206 556.8435 616.1987 547.8041
345__1__1024___1024 0.0956 575.4537 289.7078 634.6299 258.9023 670.2530 327.3330 611.0767 358.1385
345__1__1024___1024 0.0927 475.9462 265.2925 546.7849 238.1710 565.7464 287.6965 494.9077 314.8181
408__1__0___0 0.2375 624.4978 392.1304 681.4573 391.2045 682.4153 450.1376 625.4557 451.0635
408__1__0___0 0.2237 732.6411 710.1176 790.8179 691.3596 807.6269 743.4917 749.4501 762.2497
408__1__0___0 0.0615 767.1609 352.9868 824.7901 342.1794 836.6936 405.6533 779.0644 416.4607
408__1__0___0 0.0575 546.0649 731.3223 594.6102 710.8813 616.8751 763.7582 568.3299 784.1993
408__1__0___0 0.0563 701.5888 364.8856 757.5826 362.2379 760.9750 433.9785 704.9812 436.6262
128__1__2560___0 0.9976 214.2338 869.4158 248.2617 841.3268 278.3917 877.8272 244.3638 905.9162
128__1__2560___0 0.9962 394.7831 830.3069 433.5982 811.8320 452.8164 852.2087 414.0013 870.6837
128__1__2560___0 0.9953 257.0588 928.2621 287.7994 902.5853 318.8056 939.7062 288.0650 965.3831
128__1__2560___0 0.9890 663.3477 649.7473 694.9465 625.2639 723.3339 661.9012 691.7350 686.3846
128__1__2560___0 0.9890 81.2913 963.2151 110.8874 936.4270 140.1931 968.8046 110.5969 995.5927
128__1__2560___0 0.9878 526.1675 749.4987 555.2076 720.7379 587.2164 753.0574 558.1763 781.8183
128__1__2560___0 0.9870 352.0145 770.3179 387.8658 747.4293 414.1315 788.5704 378.2802 811.4590
128__1__2560___0 0.9858 616.4471 590.1420 647.1061 563.1644 676.3674 596.4188 645.7085 623.3964
128__1__2560___0 0.9781 486.0157 677.2618 523.5707 656.6479 545.6378 696.8503 508.0828 717.4642
128__1__2560___0 0.1690 130.4375 1009.8000 148.6387 1010.9673 147.8895 1022.6490 129.6883 1021.4818
128__1__2560___0 0.0561 110.5462 970.4453 150.6912 997.2297 127.5838 1031.8634 87.4388 1005.0789
167__1__1536___3072 0.0515 317.8397 154.5818 359.7549 194.6284 314.3208 242.1826 272.4055 202.1359
87__1__2048___0 0.2429 360.5614 642.6616 407.6072 607.6341 444.6158 657.3407 397.5699 692.3682
87__1__2048___0 0.0620 244.9356 752.0046 302.8784 768.1920 285.1499 831.6513 227.2070 815.4639
345__1__1024___512 0.0966 575.4528 801.7953 634.5277 770.9154 670.2028 839.1635 611.1279 870.0435
345__1__1024___512 0.0927 475.9462 777.2925 546.7849 750.1709 565.7465 799.6965 494.9077 826.8181
345__1__1024___512 0.0872 86.9516 361.2779 154.4049 382.8105 130.9526 456.2772 63.4994 434.7446
345__1__1024___512 0.0618 304.2738 869.8549 378.0897 906.1035 348.4046 966.5536 274.5887 930.3051
235__1__3072___1536 0.0879 86.7051 879.9179 116.1600 869.1093 127.0193 898.7025 97.5644 909.5110
30__1__1536___2560 0.1208 808.6151 872.6441 828.0844 861.9028 832.7997 870.4498 813.3304 881.1911
30__1__1536___2560 0.1002 763.2836 832.0874 792.7966 810.1627 810.6149 834.1481 781.1020 856.0728
30__1__1536___2560 0.0766 740.1050 799.3352 766.1003 774.1710 788.4950 797.3053 762.4997 822.4695
30__1__1536___2560 0.0733 857.2962 770.4741 887.2681 749.3022 905.2459 774.7524 875.2740 795.9243
30__1__1536___2560 0.0578 884.2554 802.4114 912.1064 786.3925 927.2783 812.7708 899.4273 828.7897
337__1__1536___2048 0.0673 793.1199 68.2243 811.8038 67.0180 813.1752 88.2580 794.4913 89.4643
167__1__1024___3072 0.9805 189.4922 710.6707 224.2127 685.2337 247.4788 716.9910 212.7583 742.4280
167__1__1024___3072 0.0520 829.7737 154.6459 871.7219 194.6203 826.3903 242.1900 784.4422 202.2156
17__1__2048___3072 0.1020 759.3877 337.1672 820.8028 319.5177 835.1913 369.5853 773.7762 387.2349
253__1__1536___1536 0.0909 2.2496 528.9199 17.9395 529.1841 17.5960 549.5835 1.9061 549.3193
253__1__1536___1536 0.0794 103.4549 503.8100 117.8049 501.1302 121.5842 521.3679 107.2342 524.0477
253__1__1536___1536 0.0563 151.4879 497.8412 173.2529 493.8644 176.4939 511.6021 154.7289 515.5790
300__1__512___1024 0.3011 957.5742 835.8520 975.7969 844.3660 965.8211 865.7176 947.5984 857.2036
300__1__512___1024 0.1926 812.3828 746.5599 829.2686 751.8176 822.3235 774.1221 805.4377 768.8644
300__1__512___1024 0.1229 526.6426 655.0822 551.3221 662.9436 542.2866 691.3091 517.6071 683.4478
300__1__512___1024 0.0621 982.9541 846.9701 999.1355 852.8951 991.8049 872.9150 975.6235 866.9900
300__1__512___1024 0.0531 788.8293 731.3632 805.3627 738.8853 795.5681 760.4134 779.0348 752.8913
446__1__3072___1536 0.1696 576.5768 80.9107 600.5654 59.4934 619.8305 81.0713 595.8420 102.4886
394__1__2048___512 0.0858 852.8681 17.1554 882.2789 -0.4701 917.4450 58.2095 888.0342 75.8351
640__1__512___3072 0.0714 752.9203 5.8121 829.4387 7.3404 828.1354 72.5920 751.6170 71.0637
100__1__3072___0 0.0837 471.8366 54.8043 516.6277 34.9518 530.7737 66.8680 485.9826 86.7205
100__1__3072___0 0.0710 429.2339 3.2330 476.8483 2.4515 477.2944 29.6312 429.6801 30.4127
382__1__1024___2560 0.1105 749.1082 47.3448 806.8513 59.7576 788.7859 143.7958 731.0428 131.3830
382__1__1024___2560 0.0613 908.1351 168.4792 960.9526 182.0310 939.1090 267.1653 886.2915 253.6134
382__1__1024___2560 0.0535 938.1310 -13.0231 997.6768 -3.9439 985.6512 74.9253 926.1055 65.8462
342__1__1024___1536 0.0598 173.1156 268.3156 235.2605 301.3839 206.5729 355.2964 144.4279 322.2282
639__1__1536___1024 0.1329 344.8256 253.0783 360.3721 246.7084 368.1038 265.5788 352.5574 271.9486
434__1__1536___2560 0.0787 440.6854 322.6431 498.7321 321.6335 499.9734 393.0004 441.9267 394.0100
434__1__1536___2560 0.0585 186.6832 15.7795 246.2818 16.1583 245.7542 99.1543 186.1556 98.7755
609__1__1536___0 0.0583 365.0699 0.3329 384.3219 16.4148 351.0512 56.2438 331.7992 40.1619
457__1__1536___3072 0.0595 551.8369 985.2047 617.2957 980.7977 619.7391 1017.0923 554.2804 1021.4993
679__1__3072___1536 0.1707 5.0887 639.9772 35.9926 637.8511 39.7934 693.0976 8.8895 695.2237
300__1__2560___2560 0.1124 182.4261 26.2061 202.9651 42.0600 179.4599 72.5114 158.9209 56.6576
314__1__1536___3072 0.0799 864.1915 609.5645 878.0788 596.8054 894.2932 614.4536 880.4059 627.2126
314__1__1536___3072 0.0735 820.3416 696.7572 840.4778 709.5801 830.0467 725.9603 809.9105 713.1374
37__1__0___1536 0.0643 612.8633 814.2217 648.1672 804.8116 656.9061 837.5975 621.6022 847.0076
304__1__2048___3072 0.1479 962.4016 170.2552 993.5325 146.4840 1012.6624 171.5367 981.5315 195.3078
46__1__512___0 0.1965 841.0743 349.4686 881.3542 325.7066 924.3466 398.5850 884.0667 422.3470
46__1__512___0 0.0632 705.8459 211.6849 741.3377 184.8299 789.5966 248.6091 754.1048 275.4641
10__1__2048___1536 0.1392 677.6083 592.5186 720.7207 563.3057 769.3402 635.0583 726.2278 664.2712
678__1__1024___1536 0.4384 297.1855 769.3251 369.0120 775.3029 363.5221 841.2674 291.6956 835.2896
678__1__1024___1536 0.3856 207.4011 592.8478 278.7032 592.4812 279.0875 667.2226 207.7854 667.5892
678__1__1024___1536 0.3609 217.4468 761.3505 289.0216 777.9373 273.2413 846.0316 201.6665 829.4448
678__1__1024___1536 0.0764 273.3710 48.7030 361.9628 55.3142 357.2301 118.7327 268.6383 112.1215
678__1__1024___1536 0.0564 224.0748 441.7889 260.5466 436.7027 264.2246 463.0770 227.7528 468.1632
304__1__2048___2560 0.1479 962.4016 682.2552 993.5330 658.4842 1012.6625 683.5370 981.5311 707.3080
30__1__2048___2560 0.5289 995.7098 253.1764 1018.3629 249.9596 1024.0151 289.7632 1001.3621 292.9800
30__1__2048___2560 0.1208 296.6151 872.6441 316.0843 861.9028 320.7997 870.4498 301.3305 881.1911
30__1__2048___2560 0.1002 251.2836 832.0873 280.7966 810.1627 298.6149 834.1480 269.1020 856.0727
30__1__2048___2560 0.0766 228.1050 799.3352 254.1003 774.1710 276.4950 797.3053 250.4997 822.4695
30__1__2048___2560 0.0733 345.3022 770.4520 375.2840 749.3054 393.2434 774.7683 363.2616 795.9150
30__1__2048___2560 0.0573 372.2589 802.3671 400.1474 786.4055 415.2593 812.8091 387.3707 828.7708
30__1__2048___2560 0.0524 1018.2308 248.1099 1030.9435 247.8874 1031.3656 272.0044 1018.6530 272.2269
649__1__1536___2560 0.4067 523.2914 7.2220 549.3885 1.2536 554.8489 25.1292 528.7518 31.0976
640__1__512___1536 0.1122 728.8774 826.3007 814.7816 823.6920 816.7435 888.2976 730.8393 890.9063
394__1__1024___1024 0.1043 78.3404 479.6775 147.8913 477.1133 151.0866 563.7838 81.5358 566.3480
394__1__1024___1024 0.1020 134.5044 881.8494 206.5852 872.9919 217.3044 960.2241 145.2236 969.0815
30__1__3072___1536 0.3999 378.8364 1002.2659 397.5198 1013.8845 391.1346 1024.1523 372.4512 1012.5338
30__1__3072___1536 0.0680 821.9291 780.1971 863.6477 817.1010 819.8630 866.5981 778.1444 829.6942
30__1__3072___1536 0.0629 862.8242 646.7332 918.2104 625.9458 940.8560 686.2830 885.4697 707.0703
446__1__2560___0 0.0579 795.2095 21.5382 821.3071 4.4623 834.8605 25.1762 808.7628 42.2522
446__1__2560___0 0.0574 380.7103 88.4122 408.1882 73.5396 419.3281 94.1212 391.8501 108.9938
300__1__1024___2048 0.0520 1008.9481 893.2139 1021.0349 892.1028 1022.5417 908.4963 1010.4550 909.6074
678__1__2048___1024 0.0721 689.3654 564.8385 738.3042 521.9669 776.3154 565.3573 727.3766 608.2289
678__1__2048___1024 0.0622 943.8289 968.3679 1007.4078 949.4041 1022.8546 1001.1913 959.2756 1020.1552
457__1__0___1024 0.1103 721.5637 35.8482 810.5120 44.8862 803.4922 113.9720 714.5439 104.9341
90__1__2560___1536 0.9664 783.6801 668.4828 825.3334 648.3799 843.6506 686.3332 801.9973 706.4361
90__1__2560___1536 0.9251 738.8422 604.2813 780.0352 582.7871 800.2532 621.5342 759.0601 643.0284
90__1__2560___1536 0.8274 873.4071 521.1406 919.0681 491.3922 933.3859 513.3687 887.7249 543.1171
90__1__2560___1536 0.0883 900.0878 578.3427 960.9709 544.3326 980.9684 580.1312 920.0852 614.1412
454__1__0___512 0.0678 990.1082 831.3466 1014.2866 822.6210 1025.0399 852.4183 1000.8616 861.1439
640__1__512___512 0.0565 689.8641 864.5768 718.8765 878.8026 702.0895 913.0381 673.0771 898.8123
314__1__0___3072 0.0556 494.1165 24.0137 535.1075 57.3704 503.4725 96.2458 462.4814 62.8892
74__1__1536___2560 0.9888 392.0580 906.5093 432.7083 892.3198 446.9018 932.9817 406.2516 947.1711
74__1__1536___2560 0.9881 564.7811 885.2202 601.5785 859.8759 629.6389 900.6168 592.8416 925.9611
74__1__1536___2560 0.9852 431.5503 977.0579 470.8660 954.0580 492.2703 990.6461 452.9545 1013.6460
74__1__1536___2560 0.7905 262.5735 980.0625 311.0826 986.2749 306.5458 1021.6996 258.0368 1015.4872
74__1__1536___2560 0.0811 453.8527 1001.6194 483.5759 1015.4520 473.6212 1036.8425 443.8980 1023.0099
74__1__1536___2560 0.0576 257.7110 1011.1334 279.7289 1009.2836 281.3949 1029.1139 259.3770 1030.9637
662__1__512___1536 0.0724 610.0034 847.7507 651.8810 823.9145 670.4977 856.6221 628.6201 880.4583
662__1__512___2048 0.0724 610.0032 335.7505 651.8810 311.9148 670.4974 344.6227 628.6196 368.4584
678__1__2048___2560 0.0611 764.8928 869.4098 812.6257 914.4717 763.9363 966.0470 716.2034 920.9850
314__1__0___2048 0.0926 304.2970 922.8904 345.9464 957.5815 310.3071 1000.3693 268.6577 965.6782
314__1__0___2048 0.0831 695.2972 785.3245 739.0490 819.2509 710.5845 855.9589 666.8328 822.0326
314__1__0___2048 0.0767 563.1707 931.2960 594.3334 957.4905 560.4982 997.7432 529.3354 971.5487
507__1__3072___0 0.0713 2.6889 945.0417 17.8632 945.1928 17.6642 965.1810 2.4899 965.0300
167__1__1024___2560 0.0519 829.7379 666.6592 871.6848 706.6269 826.3303 754.2274 784.3834 714.2597
392__1__2048___512 0.9279 122.0689 362.5772 160.4803 358.2230 165.1605 399.5101 126.7491 403.8643
392__1__2048___512 0.4905 128.6403 450.7748 165.4555 439.0207 179.2472 482.2180 142.4320 493.9720
392__1__2048___512 0.2165 148.6586 531.7144 185.8096 525.9156 192.3652 567.9152 155.2142 573.7141
392__1__2048___512 0.1023 0.8781 448.7090 27.6216 438.2597 41.7831 474.5041 15.0396 484.9534
100__1__1024___1024 0.0882 965.5729 63.6088 996.7928 47.4002 1010.7527 74.2888 979.5327 90.4974
100__1__1024___1024 0.0652 941.7462 34.4433 970.9561 10.1433 990.0153 33.0534 960.8054 57.3534
100__1__1024___1024 0.0525 868.0305 115.7299 910.5612 91.6116 928.4348 123.1303 885.9041 147.2486
339__1__1536___3072 0.0506 660.4009 31.0643 704.1620 72.7893 664.7994 114.0727 621.0383 72.3477
673__1__1024___2560 0.0536 112.6655 550.9615 185.7142 556.0688 181.3527 618.4488 108.3041 613.3415
394__1__1024___0 0.0914 1.3299 941.2748 53.2522 932.0539 66.9816 1009.3629 15.0593 1018.5838
446__1__3072___1024 0.1155 576.4658 593.3228 600.4200 571.4101 619.9052 592.7106 595.9510 614.6232
100__1__1536___0 0.1109 555.6133 966.9623 586.4290 995.7061 551.2949 1033.3726 520.4792 1004.6287
100__1__1536___0 0.0629 536.9895 1015.6133 549.0992 1015.5024 549.1935 1025.7939 537.0837 1025.9048
327__1__3072___1536 0.0666 214.6081 218.4587 234.9510 216.1462 236.6517 231.1081 216.3088 233.4206
376__1__2560___2560 0.0913 187.3132 899.5967 255.8218 895.7585 260.1907 973.7397 191.6821 977.5779
314__1__2560___1536 0.1180 638.2032 496.9254 672.2438 521.2433 651.6384 550.0870 617.5978 525.7692
10__1__2560___2048 0.1459 169.3540 82.9993 211.2008 55.8067 256.9275 126.1757 215.0807 153.3683
10__1__2560___2048 0.0526 387.3889 16.7219 427.8973 -11.5940 477.8190 59.8233 437.3106 88.1392
470__1__0___512 0.0610 317.8824 905.0118 400.6273 910.2107 396.6725 973.1537 313.9277 967.9548
394__1__1024___1536 0.1297 106.0887 -13.9789 147.7412 -0.3846 127.4841 61.6828 85.8316 48.0885
394__1__1024___1536 0.1005 136.1388 370.2585 207.5598 362.6139 216.8721 449.6159 145.4511 457.2605
673__1__2048___512 0.1252 649.8802 975.0479 695.8175 983.5162 687.6903 1027.6031 641.7531 1019.1348
616__1__1536___0 0.1069 917.2345 808.8338 981.7812 810.8865 979.1322 894.1841 914.5855 892.1315
616__1__1536___0 0.0826 908.0197 614.9399 975.0230 615.9496 973.7770 698.6368 906.7736 697.6271
392__1__2048___2048 0.0852 575.8576 426.8749 645.7345 428.2427 644.1003 511.7377 574.2234 510.3700
678__1__2560___3072 0.0548 205.3822 403.7884 259.3087 358.2817 301.2466 407.9791 247.3201 453.4858
662__1__1024___1536 0.0724 98.0062 847.7520 139.8768 823.9171 158.4946 856.6230 116.6240 880.4579
178__1__2048___1536 0.2405 624.5430 904.0772 681.5232 903.2890 682.3382 962.2045 625.3580 962.9927
178__1__2048___1536 0.0616 767.1500 864.9915 824.7812 854.1643 836.7067 917.6416 779.0754 928.4688
178__1__2048___1536 0.0586 701.4451 876.5926 757.9228 874.2890 760.8770 946.7158 704.3992 949.0193
676__1__2048___1024 0.0515 142.9477 54.3235 168.1762 32.3580 189.1341 56.4292 163.9056 78.3948
10__1__1024___3072 0.0859 4.7059 446.1187 51.9732 439.6998 63.7378 526.3322 16.4705 532.7510
10__1__1024___3072 0.0619 9.4074 363.4636 43.6866 367.4831 38.5888 410.9582 4.3096 406.9387
394__1__3072___0 0.1986 47.2923 449.7706 84.8006 424.6545 133.8271 497.8706 96.3188 522.9867
30__1__2048___3072 0.1836 60.9189 629.8167 101.0338 600.7310 128.8708 639.1238 88.7559 668.2094
30__1__2048___3072 0.1208 296.6152 360.6443 316.0845 349.9028 320.7999 358.4496 301.3306 369.1911
30__1__2048___3072 0.1002 251.2836 320.0873 280.7964 298.1624 298.6151 322.1479 269.1023 344.0728
30__1__2048___3072 0.0766 228.1050 287.3352 254.1003 262.1710 276.4950 285.3053 250.4997 310.4695
30__1__2048___3072 0.0733 345.3022 258.4520 375.2840 237.3054 393.2434 262.7683 363.2616 283.9150
30__1__2048___3072 0.0573 372.2588 290.3672 400.1474 274.4054 415.2592 300.8091 387.3706 316.7708
394__1__2560___0 0.2741 323.7563 516.9003 357.1111 489.4041 414.1977 558.6539 380.8430 586.1501
394__1__2560___0 0.1870 560.3718 444.7722 600.8100 422.4657 645.2498 503.0280 604.8116 525.3346
394__1__2560___0 0.1260 457.1539 669.8856 491.8553 645.2198 543.9158 718.4619 509.2144 743.1277
410__1__1536___3072 0.1319 850.6002 546.8372 904.3630 560.7527 884.1887 638.6963 830.4258 624.7808
410__1__1536___3072 0.0750 999.6484 765.9882 1042.9272 787.2239 1007.3475 859.7363 964.0686 838.5005
360__1__512___1536 0.0922 518.7848 787.2648 572.8440 799.9528 553.3734 882.9103 499.3142 870.2223
17__1__2048___1536 0.1186 429.4818 730.3106 469.2589 692.2200 513.7376 738.6682 473.9605 776.7587
17__1__2048___1536 0.0863 364.1993 723.7365 417.6832 709.2073 434.6855 771.7951 381.2017 786.3243
304__1__2560___3072 0.0580 469.7238 146.9505 495.3846 161.0092 477.2926 194.0314 451.6319 179.9726
662__1__2560___0 0.0552 422.2095 438.3180 480.8620 486.1638 438.8059 537.7189 380.1534 489.8732
410__1__2560___3072 0.0535 4.4361 584.7812 54.2478 593.8220 40.1702 671.3859 -9.6415 662.3452
410__1__2560___3072 0.0505 10.0280 497.3109 68.7798 506.6741 58.0464 574.0240 -0.7055 564.6609
314__1__2048___3072 0.0799 352.1912 609.5644 366.0786 596.8052 382.2932 614.4536 368.4057 627.2128
314__1__2048___3072 0.0735 308.3416 696.7572 328.4778 709.5802 318.0466 725.9603 297.9105 713.1373
382__1__1536___2048 0.1021 236.1316 556.9665 294.6041 569.1111 276.6013 655.7888 218.1289 643.6442
382__1__1536___2048 0.0844 466.2747 300.8306 522.6450 316.6216 498.7585 401.8906 442.3882 386.0996
382__1__1536___2048 0.0614 386.1447 683.1060 440.8901 688.2661 432.5366 776.8911 377.7912 771.7310
408__1__0___512 0.2237 732.6411 198.1177 790.8178 179.3595 807.6270 231.4916 749.4503 250.2498
408__1__0___512 0.0575 546.0649 219.3223 594.6102 198.8813 616.8751 251.7583 568.3299 272.1993
340__1__512___512 0.0722 811.5776 109.0595 829.5363 125.5034 813.7906 142.6997 795.8318 126.2559
470__1__2048___512 0.0685 -0.4780 934.7032 26.9040 933.3432 29.0973 977.5015 1.7153 978.8615
23__1__1024___2048 0.3201 382.9138 669.6797 448.1957 665.9318 451.4757 723.0635 386.1938 726.8115
23__1__1024___2048 0.1158 443.6299 655.6934 512.5456 647.9129 518.7379 702.7604 449.8222 710.5410
23__1__1024___2048 0.0544 363.1070 255.4657 429.7741 232.9960 447.4856 285.5458 380.8185 308.0154
392__1__2048___1024 0.2325 455.3241 693.5726 528.1035 689.8998 532.2307 771.6860 459.4514 775.3587
392__1__2048___1024 0.1615 147.4162 21.4798 185.0022 14.3719 192.5876 54.4828 155.0017 61.5908
23__1__1536___2048 0.0670 15.1705 649.5322 60.4573 630.0335 80.2741 676.0593 34.9873 695.5579
616__1__1024___512 0.0502 4.6837 110.5788 64.5275 110.3965 64.7347 178.3974 4.8908 178.5797
681__1__1024___2560 0.0648 303.8011 30.4569 388.1030 32.6889 386.3920 97.3146 302.0901 95.0827
525__1__2560___2048 0.0721 26.3932 284.5583 72.2703 284.4467 72.3608 321.6093 26.4837 321.7210
507__1__2560___2048 0.0587 498.9624 326.5954 538.8951 346.7244 519.2988 385.6004 479.3661 365.4714
245__1__3072___512 0.1422 354.8608 258.8407 371.1728 254.9737 375.0752 271.4355 358.7633 275.3024
245__1__3072___512 0.0631 392.4819 284.4479 408.6598 294.6273 398.3979 310.9363 382.2200 300.7569
298__1__2048___2048 0.0639 551.7487 804.2293 567.4833 805.9799 565.5761 823.1225 549.8415 821.3719
298__1__2048___2048 0.0538 11.3068 667.7095 25.3511 673.7921 18.3484 689.9608 4.3041 683.8782
673__1__2560___2560 0.0742 94.3314 2.1233 167.9096 6.1732 165.6700 46.8620 92.0918 42.8120
300__1__2560___2048 0.1030 183.1468 536.9161 204.1072 552.8828 180.0792 584.4259 159.1187 568.4592
276__1__2048___512 0.0554 196.9032 742.3411 233.1984 749.6919 224.0607 794.8099 187.7656 787.4591
74__1__1536___3072 0.9887 391.8455 394.8768 432.3936 380.1251 447.1434 420.6678 406.5953 435.4196
74__1__1536___3072 0.9881 564.7808 373.2201 601.5783 347.8754 629.6395 388.6169 592.8420 413.9616
74__1__1536___3072 0.9863 432.0326 466.5453 469.0506 441.6494 492.4121 476.3858 455.3941 501.2817
74__1__1536___3072 0.9829 115.7819 586.6823 145.3557 559.9834 174.8914 592.6995 145.3177 619.3984
74__1__1536___3072 0.9633 256.3346 493.6630 288.2706 467.9233 315.4684 501.6684 283.5323 527.4081
74__1__1536___3072 0.9582 29.9532 732.9193 69.3442 718.1163 84.1710 757.5706 44.7800 772.3736
74__1__1536___3072 0.9184 160.8220 642.2986 195.4124 622.8359 217.9743 662.9341 183.3839 682.3969
74__1__1536___3072 0.8506 295.7539 557.4127 326.0006 529.4493 356.9461 562.9215 326.6994 590.8849
74__1__1536___3072 0.1621 1.7067 666.1238 24.4784 661.9127 31.3097 698.8536 8.5381 703.0647
94__1__0___0 0.0789 852.7786 506.5173 889.5193 492.4854 901.2000 523.0697 864.4593 537.1016
94__1__0___0 0.0511 898.1448 933.3528 958.7454 992.3203 911.3971 1040.9799 850.7964 982.0124
382__1__3072___2048 0.0690 144.8655 740.7473 203.9773 740.9636 203.7271 809.3358 144.6152 809.1194
342__1__512___1536 0.0705 38.9078 64.7355 102.8053 52.2186 116.8589 123.9609 52.9614 136.4778
342__1__512___1536 0.0592 685.1119 268.2470 747.2224 301.1973 718.6038 355.1426 656.4933 322.1924
679__1__2560___1536 0.2225 514.4252 635.0746 558.7923 653.8187 537.9020 703.2657 493.5350 684.5217
679__1__2560___1536 0.0926 346.7843 599.4062 388.0228 587.8904 403.0440 641.6820 361.8055 653.1978
679__1__2560___1536 0.0565 237.7008 659.5626 278.0388 644.3027 297.8427 696.6524 257.5047 711.9123
376__1__2048___3072 0.1932 778.1213 871.9084 850.2584 877.5189 844.4180 952.6113 772.2809 947.0007
376__1__2048___3072 0.0676 699.7040 386.2258 767.2323 380.7097 773.7828 460.9033 706.2545 466.4193
376__1__2048___3072 0.0520 753.3767 776.2075 825.1833 766.6718 836.2456 849.9740 764.4390 859.5098
100__1__512___1536 0.9412 196.9222 465.3362 228.7711 446.7871 249.8917 483.0515 218.0428 501.6005
100__1__512___1536 0.6325 55.3100 561.5465 87.4007 534.5734 116.4402 569.1227 84.3495 596.0958
509__1__2560___0 0.0501 364.4594 542.4096 381.2427 542.9881 380.5071 564.3299 363.7238 563.7514
678__1__1024___2048 0.4387 297.1784 257.3300 369.0141 263.3099 363.5235 329.2672 291.6878 323.2874
678__1__1024___2048 0.3841 207.3757 80.9091 278.6564 80.4842 279.1016 155.1817 207.8209 155.6066
678__1__1024___2048 0.3613 217.4414 249.3664 289.0139 265.9353 273.2500 334.0303 201.6776 317.4614
339__1__1024___1024 0.0628 891.7488 959.2081 950.0243 939.5341 971.1376 1002.0729 912.8622 1021.7469
666__1__3072___512 0.1470 231.7372 973.1323 262.9131 982.4291 250.5457 1023.9019 219.3698 1014.6050
666__1__3072___512 0.0509 60.3815 839.2109 133.0454 840.6412 131.7744 905.2060 59.1105 903.7756
300__1__2048___2048 0.1030 695.1472 536.9159 716.1075 552.8827 692.0790 584.4259 671.1187 568.4591
300__1__2048___2048 0.0857 244.1820 272.6373 266.1157 285.4040 251.4471 310.6050 229.5135 297.8383
300__1__2048___2048 0.0580 394.2408 512.4648 409.4927 518.0673 402.2713 537.7263 387.0194 532.1237
300__1__2048___2048 0.0577 369.1158 496.8138 385.9851 501.4727 380.1624 522.5563 363.2931 517.8975
23__1__1024___1536 0.1507 40.6026 177.3784 97.1638 188.7444 84.0116 254.1941 27.4504 242.8281
23__1__1024___1536 0.1395 73.6388 10.5699 129.1450 19.9122 118.9488 80.4918 63.4426 71.1495
23__1__1024___1536 0.0544 363.1070 767.4656 429.7741 744.9962 447.4855 797.5460 380.8184 820.0154
245__1__3072___0 0.1422 354.8608 770.8407 371.1728 766.9738 375.0752 783.4354 358.7633 787.3024
245__1__3072___0 0.0631 392.4820 796.4479 408.6599 806.6274 398.3979 822.9363 382.2200 812.7569
655__1__512___1536 0.0509 183.7003 213.4130 209.5273 229.8136 196.1425 250.8913 170.3156 234.4906
245__1__2048___2048 0.0962 176.7608 264.5788 188.8364 276.2181 175.7954 289.7481 163.7197 278.1088
245__1__2048___2048 0.0549 193.8538 346.4993 210.8237 338.5686 216.9915 351.7664 200.0216 359.6970
245__1__2048___2048 0.0532 181.1051 315.7912 197.2122 310.0851 202.2856 324.4062 186.1784 330.1123
23__1__1024___512 0.0513 809.9115 111.5549 864.9962 148.1709 835.7980 192.0962 780.7133 155.4802
683__1__2560___2048 0.1416 480.9233 625.2227 526.8018 606.5148 541.4294 642.3870 495.5511 661.0950
394__1__0___0 0.2173 661.7087 -0.9942 697.9321 2.4930 695.7539 25.1194 659.5305 21.6322
394__1__0___0 0.1975 669.5977 75.9712 702.5479 63.3067 719.2544 106.7736 686.3042 119.4380
394__1__0___0 0.1020 938.9800 454.6148 1009.5436 452.4918 1011.9770 533.3729 941.4134 535.4959
178__1__2048___2048 0.2375 624.4978 392.1304 681.4573 391.2045 682.4153 450.1376 625.4557 451.0635
178__1__2048___2048 0.2237 732.6411 710.1176 790.8179 691.3596 807.6269 743.4917 749.4501 762.2497
178__1__2048___2048 0.0615 767.1609 352.9868 824.7901 342.1794 836.6936 405.6533 779.0644 416.4607
178__1__2048___2048 0.0575 546.0649 731.3223 594.6102 710.8813 616.8751 763.7582 568.3299 784.1993
178__1__2048___2048 0.0563 701.5888 364.8856 757.5826 362.2379 760.9750 433.9785 704.9812 436.6262
454__1__0___1024 0.0678 990.1082 319.3468 1014.2866 310.6210 1025.0402 340.4182 1000.8617 349.1439
125__1__512___0 0.0778 -3.5411 536.9585 46.2232 510.5720 84.8701 583.4591 35.1058 609.8456
100__1__2048___512 0.1180 32.1111 462.6092 60.4446 480.1796 37.0224 517.9494 8.6889 500.3790
100__1__2048___512 0.0864 54.9019 559.4996 93.6615 531.6575 112.2403 557.5214 73.4807 585.3635
274__1__1536___0 0.0620 293.3020 870.6344 323.5945 859.6786 334.0713 888.6466 303.7787 899.6024
392__1__1536___512 0.9280 634.0652 362.5720 672.4933 358.2179 677.1719 399.5108 638.7439 403.8649
392__1__1536___512 0.4906 640.6436 450.7635 677.4614 439.0179 691.2439 482.2204 654.4260 493.9660
392__1__1536___512 0.2166 660.6564 531.7177 697.8077 525.9120 704.3710 567.9124 667.2198 573.7180
340__1__1024___0 0.0824 892.9044 876.7503 955.7664 866.4893 966.7904 934.0257 903.9284 944.2867
340__1__1024___0 0.0721 299.5947 621.0539 317.5387 637.5137 301.7723 654.7017 283.8283 638.2419
609__1__1024___0 0.0583 877.0689 0.3328 896.3209 16.4140 863.0513 56.2435 843.7993 40.1623
616__1__2048___512 0.1370 402.7729 296.7037 465.9941 296.9217 465.6942 383.8807 402.4731 383.6626
616__1__2048___512 0.0930 399.5911 100.8396 465.2767 105.4143 459.4802 188.6429 393.7946 184.0682
666__1__2560___512 0.1470 743.7372 973.1323 774.9131 982.4291 762.5458 1023.9019 731.3699 1014.6051
382__1__1536___2560 0.1105 237.1137 47.3442 294.8551 59.7621 276.7823 143.7978 219.0409 131.3798
382__1__1536___2560 0.0617 386.1753 171.0881 440.8974 176.2750 432.4972 264.8978 377.7751 259.7109
382__1__1536___2560 0.0588 417.6494 -0.3456 478.3156 6.1633 470.6601 77.5161 409.9939 71.0072
364__1__1536___2560 0.0561 -24.9678 29.0432 87.3385 -7.0220 129.0932 123.0014 16.7870 159.0666
17__1__2048___2560 0.1020 759.3873 849.1644 820.8068 831.5214 835.1901 881.5933 773.7706 899.2363
17__1__2048___2560 0.0755 452.3461 16.7217 503.1227 1.2837 519.4507 54.9877 468.6741 70.4257
616__1__0___512 0.1146 321.5703 337.1760 352.6561 342.9523 345.8855 379.3892 314.7997 373.6129
300__1__1536___1024 0.0720 33.5185 891.9673 48.2698 897.9050 39.2309 920.3607 24.4796 914.4230
616__1__1024___0 0.0505 4.5977 622.8018 64.4633 622.4305 64.8842 690.2906 5.0185 690.6619
128__1__2048___1024 0.5480 517.9375 101.8541 551.5300 81.6186 577.1870 124.2113 543.5945 144.4467
128__1__2048___1024 0.0548 644.1011 8.4058 679.2412 0.0222 683.8596 19.3802 648.7195 27.7638
679__1__2048___2048 0.0918 858.7010 87.4501 899.9799 75.7979 915.1619 129.5814 873.8831 141.2336
679__1__2048___2048 0.0565 749.7007 147.5642 790.0383 132.3035 809.8430 184.6519 769.5054 199.9126
128__1__2048___512 0.9976 726.2349 357.4111 760.2688 329.3280 790.3922 365.8347 756.3583 393.9178
128__1__2048___512 0.9961 906.6280 318.8418 945.0595 299.7858 964.8582 339.7153 926.4267 358.7712
128__1__2048___512 0.9954 769.0732 416.2263 799.8361 390.5844 830.7994 427.7313 800.0365 453.3733
128__1__2048___512 0.9905 593.6310 450.1414 624.2009 424.9313 651.4598 457.9856 620.8900 483.1956
128__1__2048___512 0.9893 633.7865 516.0203 664.1540 486.6694 697.2054 520.8657 666.8380 550.2166
128__1__2048___512 0.9870 864.0110 258.3138 899.8692 235.4268 926.1299 276.5706 890.2717 299.4576
128__1__2048___512 0.5554 517.8702 613.9370 551.4538 593.5793 577.2371 636.1135 543.6535 656.4711
128__1__2048___512 0.2397 1005.8123 157.0802 1020.4109 154.6264 1025.1084 182.5746 1010.5097 185.0283
178__1__3072___1024 0.1049 918.6813 526.8567 939.0414 513.8026 948.9888 529.3171 928.6287 542.3713
509__1__1536___512 0.0728 601.4138 572.6022 613.1369 571.2324 615.0329 587.4584 603.3098 588.8282
298__1__2560___2048 0.0601 39.9149 804.2003 55.4719 806.0259 53.4859 822.9495 37.9290 821.1239
290__1__1024___3072 0.2817 430.5511 42.4533 458.8650 50.4903 452.4800 72.9842 424.1662 64.9473
290__1__1024___3072 0.1153 419.9601 192.2621 448.8628 207.3434 435.2965 233.3427 406.3938 218.2614
290__1__1024___3072 0.0929 431.7811 98.0802 445.9304 110.3106 434.1442 123.9461 419.9948 111.7157
507__1__1536___1024 0.0628 757.7852 446.4385 809.4225 441.5638 812.7580 476.8971 761.1207 481.7718
290__1__512___2560 0.2378 942.3101 554.4278 971.0260 562.5094 964.5803 585.4127 935.8644 577.3311
290__1__512___2560 0.1295 931.7433 704.2610 960.8151 719.1015 947.5013 745.1827 918.4295 730.3422
290__1__512___2560 0.1011 943.4731 610.1512 957.8956 622.0555 946.4807 635.8849 932.0582 623.9806
23__1__1024___2560 0.3210 382.8689 157.6961 448.1246 153.8550 451.4890 211.0134 386.2334 214.8545
23__1__1024___2560 0.1176 443.5120 143.7369 512.4642 135.7728 518.7984 190.6136 449.8462 198.5777
34__1__1536___2560 0.7149 536.7929 599.5629 563.0350 579.5782 572.6664 592.2255 546.4243 612.2101
34__1__1536___2560 0.4186 7.5049 949.7497 41.8010 923.3015 64.2442 952.4041 29.9481 978.8524
34__1__1536___2560 0.0774 96.3185 789.0086 139.4137 765.0020 160.4482 802.7619 117.3530 826.7685
34__1__1536___2560 0.0720 381.9377 686.7452 429.7845 657.2306 453.1986 695.1877 405.3518 724.7024
454__1__512___2560 0.0555 813.4702 167.1003 842.9931 163.2840 846.0038 186.5742 816.4809 190.3905
87__1__1536___0 0.2441 872.5742 642.5242 919.6921 607.6306 956.5873 657.4512 909.4694 692.3449
87__1__1536___0 0.0620 756.9357 752.0045 814.8785 768.1921 797.1497 831.6514 739.2069 815.4637
586__1__1536___3072 0.0620 934.7627 133.4932 1006.0309 148.4030 989.8912 225.5505 918.6230 210.6408
382__1__1024___1536 0.0525 972.1596 808.1749 1027.8846 815.8864 1015.3355 906.5694 959.6105 898.8579
673__1__512___2560 0.0536 624.6625 550.9611 697.7087 556.0689 693.3481 618.4294 620.3019 613.3216
125__1__2048___2048 0.0875 13.0096 837.2951 73.9676 838.3119 72.6480 917.4285 11.6899 916.4117
298__1__2560___2560 0.0601 39.9149 292.2003 55.4719 294.0259 53.4859 310.9495 37.9289 309.1238
34__1__1536___3072 0.7128 536.8485 87.5613 562.9767 67.5455 572.6359 80.1544 546.5077 100.1702
34__1__1536___3072 0.3618 34.8081 412.8312 63.7497 439.0588 35.9232 469.7649 6.9815 443.5373
34__1__1536___3072 0.0774 96.3185 277.0086 139.4137 253.0021 160.4482 290.7620 117.3530 314.7685
34__1__1536___3072 0.0720 381.9373 174.7464 429.7847 145.2301 453.1996 183.1865 405.3522 212.7029
470__1__512___2560 0.0636 8.0109 79.8268 65.0207 82.0468 62.3621 150.3188 5.3523 148.0987
90__1__3072___1536 0.9724 798.5411 298.9840 843.9006 274.9014 861.1904 307.4666 815.8309 331.5492
90__1__3072___1536 0.9664 271.6801 668.4828 313.3334 648.3799 331.6505 686.3332 289.9972 706.4361
90__1__3072___1536 0.9628 665.5567 390.0372 710.0702 366.6781 728.9100 402.5794 684.3965 425.9385
90__1__3072___1536 0.9376 491.9382 418.3177 535.0991 399.3831 550.9451 435.5036 507.7843 454.4382
90__1__3072___1536 0.9251 226.8422 604.2813 268.0352 582.7871 288.2531 621.5342 247.0601 643.0284
90__1__3072___1536 0.9200 630.0117 324.5220 665.0960 300.9732 687.0518 333.6844 651.9675 357.2331
90__1__3072___1536 0.9116 561.1478 455.5818 593.4241 487.0236 564.0216 517.2063 531.7454 485.7645
90__1__3072___1536 0.8274 361.4242 521.1318 407.0687 491.3809 421.4048 513.3756 375.7603 543.1266
90__1__3072___1536 0.0928 387.7281 577.7167 449.3924 544.4842 468.8538 580.5957 407.1895 613.8282
31__1__2048___512 0.1583 549.9670 44.7227 579.1915 22.4569 595.6163 44.0148 566.3918 66.2806
345__1__1536___512 0.1004 64.3815 799.4109 124.8302 771.4440 157.1877 841.3827 96.7390 869.3496
345__1__1536___512 0.0813 755.6375 675.1791 769.2358 679.8326 763.6691 696.0991 750.0709 691.4456
679__1__2048___1536 0.0926 858.7783 599.4145 900.0134 587.8872 915.0490 641.6719 873.8139 653.1992
679__1__2048___1536 0.0565 749.7007 659.5626 790.0388 644.3027 809.8427 696.6524 769.5047 711.9123
382__1__3072___2560 0.0691 144.8763 228.7367 203.9864 228.9752 203.7105 297.3437 144.6004 297.1053
382__1__1536___1536 0.0890 465.6870 813.1275 522.2811 828.4558 499.1690 913.7886 442.5749 898.4603
23__1__512___2560 0.3093 898.9794 154.4308 967.0153 158.4126 963.7164 214.7807 895.6805 210.7989
640__1__512___2048 0.1129 728.7871 314.3858 814.8876 311.7443 816.8684 376.3068 730.7679 378.9483
314__1__3072___1536 0.1186 126.2048 496.9269 160.2389 521.2454 139.6267 550.0924 105.5926 525.7739
525__1__2560___1536 0.0721 26.3932 796.5584 72.2703 796.4467 72.3608 833.6093 26.4837 833.7211
120__1__512___1536 0.0735 472.5969 0.6978 503.3389 9.2845 493.4566 44.6651 462.7146 36.0785
100__1__2048___0 0.1177 44.8438 964.4314 74.7053 992.5707 38.1364 1031.3776 8.2750 1003.2383
100__1__2048___0 0.0589 25.6349 1016.1756 39.2664 1011.3641 42.8322 1021.4662 29.2006 1026.2778
46__1__1536___0 0.0781 40.8923 294.7072 75.8782 273.2747 122.0178 348.5917 87.0320 370.0242
178__1__2048___2560 0.2237 732.6411 198.1177 790.8178 179.3595 807.6270 231.4916 749.4503 250.2498
178__1__2048___2560 0.0575 546.0649 219.3223 594.6102 198.8813 616.8751 251.7583 568.3299 272.1993
30__1__1536___3072 0.1867 572.8841 629.9290 612.8594 600.7029 640.8576 638.9987 600.8823 668.2248
30__1__1536___3072 0.1208 808.6152 360.6443 828.0845 349.9028 832.7999 358.4496 813.3306 369.1911
30__1__1536___3072 0.1002 763.2836 320.0873 792.7964 298.1624 810.6151 322.1478 781.1023 344.0728
30__1__1536___3072 0.0766 740.1050 287.3352 766.1003 262.1710 788.4950 285.3053 762.4997 310.4695
30__1__1536___3072 0.0733 857.2962 258.4741 887.2681 237.3022 905.2459 262.7524 875.2740 283.9243
30__1__1536___3072 0.0578 884.2554 290.4114 912.1064 274.3924 927.2783 300.7707 899.4273 316.7896
